 Copper example                                         Feff 6L.02    potph 4.12
 Abs   Z=29 Rmt= 1.291 Rnm= 1.427 K shell
 Pot 1 Z=29 Rmt= 1.275 Rnm= 1.395
 Gam_ch=1.761E+00 H-L exch
 Mu=-5.515E+00 kf=1.799E+00 Vint=-1.785E+01 Rs_int= 2.016
 Path    1      icalc       2                           Feff 6L.02   genfmt 1.44
 -------------------------------------------------------------------------------
   2  12.000   2.5527    2.6370   -5.51473 nleg, deg, reff, rnrmav(bohr), edge
        x         y         z   pot at#
     0.0000    0.0000    0.0000  0  29 Cu       absorbing atom
     1.8050    1.8050    0.0000  1  29 Cu    
    k   real[2*phc]   mag[feff]  phase[feff] red factor   lambda      real[p]@#
  0.000  3.5093E+00  0.0000E+00 -5.1412E+00  0.9867E+00  1.5577E+01  1.8002E+00
  0.200  3.5115E+00  6.7328E-02 -6.1231E+00  0.9872E+00  1.5667E+01  1.8108E+00
  0.400  3.5175E+00  1.2817E-01 -7.0279E+00  0.9886E+00  1.5905E+01  1.8424E+00
  0.600  3.5261E+00  1.7944E-01 -7.8575E+00  0.9911E+00  1.6201E+01  1.8939E+00
  0.800  3.5348E+00  2.2135E-01 -8.6122E+00  0.9950E+00  1.6424E+01  1.9641E+00
  1.000  3.5406E+00  2.5513E-01 -9.2911E+00  0.1001E+01  1.6438E+01  2.0514E+00
  1.200  3.5394E+00  2.8119E-01 -9.8936E+00  0.1008E+01  1.6157E+01  2.1548E+00
  1.400  3.5263E+00  2.9872E-01 -1.0420E+01  0.1018E+01  1.5589E+01  2.2733E+00
  1.600  3.4964E+00  3.0614E-01 -1.0869E+01  0.1030E+01  1.4836E+01  2.4064E+00
  1.800  3.4445E+00  3.0174E-01 -1.1240E+01  0.1043E+01  1.4064E+01  2.5540E+00
  2.000  3.3663E+00  2.8454E-01 -1.1524E+01  0.1054E+01  1.3454E+01  2.7163E+00
  2.200  3.2580E+00  2.5506E-01 -1.1711E+01  0.1059E+01  1.3181E+01  2.8938E+00
  2.400  3.1482E+00  2.2352E-01 -1.1874E+01  0.1235E+01  7.4666E+00  3.0831E+00
  2.600  3.1696E+00  2.0244E-01 -1.2207E+01  0.1306E+01  6.1155E+00  3.2143E+00
  2.800  3.1646E+00  1.7021E-01 -1.2421E+01  0.1328E+01  5.5966E+00  3.3533E+00
  3.000  3.1246E+00  1.3946E-01 -1.2431E+01  0.1322E+01  5.3873E+00  3.4997E+00
  3.200  3.0636E+00  1.2284E-01 -1.2211E+01  0.1305E+01  5.3334E+00  3.6525E+00
  3.400  2.9969E+00  1.4477E-01 -1.1953E+01  0.1281E+01  5.3719E+00  3.8111E+00
  3.600  2.9127E+00  1.9414E-01 -1.1837E+01  0.1255E+01  5.4718E+00  3.9747E+00
  3.800  2.8299E+00  2.5699E-01 -1.1851E+01  0.1229E+01  5.6159E+00  4.1427E+00
  4.000  2.7346E+00  3.2276E-01 -1.1913E+01  0.1205E+01  5.7938E+00  4.3145E+00
  4.200  2.6454E+00  3.8535E-01 -1.1996E+01  0.1178E+01  5.9986E+00  4.4896E+00
  4.400  2.5412E+00  4.4585E-01 -1.2082E+01  0.1156E+01  6.2259E+00  4.6675E+00
  4.600  2.4432E+00  5.0023E-01 -1.2171E+01  0.1133E+01  6.4721E+00  4.8478E+00
  4.800  2.3478E+00  5.4998E-01 -1.2250E+01  0.1113E+01  6.7350E+00  5.0303E+00
  5.000  2.2513E+00  5.9132E-01 -1.2330E+01  0.1094E+01  7.0126E+00  5.2147E+00
  5.200  2.1506E+00  6.2946E-01 -1.2404E+01  0.1077E+01  7.3036E+00  5.4006E+00
  5.400  2.0541E+00  6.6326E-01 -1.2470E+01  0.1063E+01  7.6068E+00  5.5880E+00
  5.600  1.9555E+00  6.9036E-01 -1.2537E+01  0.1049E+01  7.9212E+00  5.7765E+00
  5.800  1.8623E+00  7.1598E-01 -1.2598E+01  0.1036E+01  8.2462E+00  5.9662E+00
  6.000  1.7659E+00  7.3594E-01 -1.2655E+01  0.1025E+01  8.5811E+00  6.1568E+00
  6.500  1.5312E+00  7.6577E-01 -1.2789E+01  0.1002E+01  9.4584E+00  6.6367E+00
  7.000  1.3032E+00  7.6896E-01 -1.2911E+01  0.9842E+00  1.0388E+01  7.1206E+00
  7.500  1.0856E+00  7.4946E-01 -1.3026E+01  0.9692E+00  1.1365E+01  7.6074E+00
  8.000  8.8026E-01  7.1554E-01 -1.3134E+01  0.9562E+00  1.2387E+01  8.0965E+00
  8.500  6.8601E-01  6.7401E-01 -1.3234E+01  0.9452E+00  1.3450E+01  8.5873E+00
  9.000  5.0042E-01  6.2720E-01 -1.3334E+01  0.9362E+00  1.4552E+01  9.0795E+00
  9.500  3.2467E-01  5.7764E-01 -1.3438E+01  0.9285E+00  1.5692E+01  9.5729E+00
 10.000  1.5053E-01  5.2820E-01 -1.3548E+01  0.9204E+00  1.6868E+01  1.0067E+01
 11.000 -1.7700E-01  4.3898E-01 -1.3763E+01  0.9036E+00  1.9323E+01  1.1058E+01
 12.000 -4.8138E-01  3.6411E-01 -1.3979E+01  0.8915E+00  2.1906E+01  1.2051E+01
 13.000 -7.6465E-01  3.0378E-01 -1.4202E+01  0.8857E+00  2.4612E+01  1.3045E+01
 14.000 -1.0232E+00  2.5485E-01 -1.4409E+01  0.8807E+00  2.7432E+01  1.4040E+01
 15.000 -1.2637E+00  2.1592E-01 -1.4625E+01  0.8776E+00  3.0362E+01  1.5036E+01
 16.000 -1.4878E+00  1.8452E-01 -1.4822E+01  0.8768E+00  3.3396E+01  1.6033E+01
 17.000 -1.6934E+00  1.5833E-01 -1.5020E+01  0.8750E+00  3.6529E+01  1.7030E+01
 18.000 -1.8878E+00  1.3829E-01 -1.5218E+01  0.8747E+00  3.9759E+01  1.8028E+01
 19.000 -2.0671E+00  1.1891E-01 -1.5389E+01  0.8744E+00  4.3080E+01  1.9026E+01
 20.000 -2.2318E+00  1.0429E-01 -1.5593E+01  0.8729E+00  4.6490E+01  2.0024E+01
