
   Zn:    Z = 30;   Atomic weight = 65.38000 g/mol ;    nominal density:   [INLINE] = 7.1120E+00 g/cm3
          µa(barns/atom) = µ(cm2/g)  ×  1.08566E+02
          E(eV) µ(cm2/g) = f2(e/atom)  ×  6.43627E+05
          9 edges. Edge energies (keV):
          

  K      9.65860E+00  L I    1.19360E+00  L II   1.04280E+00  L III  1.01970E+00
  M I    1.35900E-01  M II   8.66000E-02  M III  8.66000E-02  M IV   8.10000E-03
  M V    8.10000E-03

          Relativistic correction estimate frel (H82,3/5CL) = -1.5183E-01, -9.5400E-02 e/atom
          Nuclear Thomson correction fNT = -7.5516E-03 e/atom
     _________________________________________________________________________________________________________
   
   Form Factors, Attenuation and Scattering Cross-sections
   Z=30, E = 0.001 - 1000 keV

                                                              Attenuation
     E         f1            f2          µ           [INLINE] (coh+inc) Coefficient    µK       wavelength
     keV       e/atom       e/atom      cm2/g       cm2/g      cm2/g          cm2/g        nm

7.938000E-03  1.89392E+00  0.0000E+00  0.0000E+00  2.0403E-05  2.0403E-05  0.000E+00  1.562E+02
8.059500E-03  1.58428E+00  0.0000E+00  0.0000E+00  2.2107E-05  2.2107E-05  0.000E+00  1.538E+02
8.091900E-03  1.24074E+00  0.0000E+00  0.0000E+00  2.2579E-05  2.2579E-05  0.000E+00  1.532E+02
8.140500E-03  1.56676E+00  6.6117E-01  5.2275E+04  2.3301E-05  5.2275E+04  0.000E+00  1.523E+02
8.262000E-03  1.83711E+00  6.7285E-01  5.2416E+04  2.5185E-05  5.2416E+04  0.000E+00  1.501E+02
1.069000E-02  2.18614E+00  9.1642E-01  5.5176E+04  9.2962E-05  5.5176E+04  0.000E+00  1.160E+02
1.142761E-02  2.18313E+00  9.9609E-01  5.6102E+04  1.2856E-04  5.6102E+04  0.000E+00  1.085E+02
1.221612E-02  2.17165E+00  1.0846E+00  5.7145E+04  1.7676E-04  5.7145E+04  0.000E+00  1.015E+02
1.305903E-02  2.15396E+00  1.1832E+00  5.8313E+04  2.4168E-04  5.8313E+04  0.000E+00  9.494E+01
1.396010E-02  2.13164E+00  1.2930E+00  5.9612E+04  3.2857E-04  5.9612E+04  0.000E+00  8.881E+01
1.492335E-02  2.10599E+00  1.4153E+00  6.1041E+04  4.4421E-04  6.1041E+04  0.000E+00  8.308E+01
1.595306E-02  2.07822E+00  1.5516E+00  6.2600E+04  5.9721E-04  6.2600E+04  0.000E+00  7.772E+01
1.705382E-02  2.04961E+00  1.7033E+00  6.4283E+04  7.9848E-04  6.4283E+04  0.000E+00  7.270E+01
1.823053E-02  2.02156E+00  1.8717E+00  6.6081E+04  1.0617E-03  6.6081E+04  0.000E+00  6.801E+01
1.948844E-02  1.99571E+00  2.0584E+00  6.7982E+04  1.4041E-03  6.7982E+04  0.000E+00  6.362E+01
2.083314E-02  1.97391E+00  2.2648E+00  6.9969E+04  1.8469E-03  6.9969E+04  0.000E+00  5.951E+01
2.227063E-02  1.95833E+00  2.4922E+00  7.2024E+04  2.4161E-03  7.2024E+04  0.000E+00  5.567E+01
2.380730E-02  1.95148E+00  2.7417E+00  7.4123E+04  3.1440E-03  7.4123E+04  0.000E+00  5.208E+01
2.545001E-02  1.91980E+00  3.0145E+00  7.6237E+04  4.0695E-03  7.6237E+04  0.000E+00  4.872E+01
2.720606E-02  1.93967E+00  3.3112E+00  7.8335E+04  5.2397E-03  7.8335E+04  0.000E+00  4.557E+01
2.908327E-02  1.97834E+00  3.6322E+00  8.0383E+04  6.7111E-03  8.0383E+04  0.000E+00  4.263E+01
3.109002E-02  2.04040E+00  3.9774E+00  8.2341E+04  8.5510E-03  8.2341E+04  0.000E+00  3.988E+01
3.323523E-02  2.13183E+00  4.3457E+00  8.4158E+04  1.0839E-02  8.4158E+04  0.000E+00  3.731E+01
3.552846E-02  2.25682E+00  4.7295E+00  8.5679E+04  1.3669E-02  8.5679E+04  0.000E+00  3.490E+01
3.797993E-02  2.41567E+00  5.1247E+00  8.6845E+04  1.7150E-02  8.6845E+04  0.000E+00  3.264E+01
4.060054E-02  2.60900E+00  5.5282E+00  8.7636E+04  2.1409E-02  8.7636E+04  0.000E+00  3.054E+01
4.340198E-02  2.83737E+00  5.9369E+00  8.8040E+04  2.6592E-02  8.8040E+04  0.000E+00  2.857E+01
4.639671E-02  3.10102E+00  6.3475E+00  8.8054E+04  3.2865E-02  8.8054E+04  0.000E+00  2.672E+01
4.959809E-02  3.39971E+00  6.7568E+00  8.7682E+04  4.0416E-02  8.7682E+04  0.000E+00  2.500E+01
5.302035E-02  3.73279E+00  7.1617E+00  8.6937E+04  4.9458E-02  8.6937E+04  0.000E+00  2.338E+01
5.667876E-02  4.09943E+00  7.5593E+00  8.5841E+04  6.0229E-02  8.5841E+04  0.000E+00  2.187E+01
6.058959E-02  4.50246E+00  7.9471E+00  8.4420E+04  7.2990E-02  8.4420E+04  0.000E+00  2.046E+01
6.477028E-02  4.96402E+00  8.3109E+00  8.2586E+04  8.8030E-02  8.2586E+04  0.000E+00  1.914E+01
6.923942E-02  5.42968E+00  8.6353E+00  8.0271E+04  1.0566E-01  8.0271E+04  0.000E+00  1.791E+01
7.401695E-02  5.88267E+00  8.9287E+00  7.7641E+04  1.2623E-01  7.7641E+04  0.000E+00  1.675E+01
7.912411E-02  6.28468E+00  9.1879E+00  7.4738E+04  1.5009E-01  7.4738E+04  0.000E+00  1.567E+01
8.458368E-02  6.38470E+00  9.4104E+00  7.1607E+04  1.7762E-01  7.1607E+04  0.000E+00  1.466E+01
8.486800E-02  6.35349E+00  9.4205E+00  7.1444E+04  1.7911E-01  7.1444E+04  0.000E+00  1.461E+01
8.616700E-02  5.90480E+00  9.4654E+00  7.0702E+04  1.8598E-01  7.0702E+04  0.000E+00  1.439E+01
8.651340E-02  5.22864E+00  9.4769E+00  7.0505E+04  1.8783E-01  7.0505E+04  0.000E+00  1.433E+01
8.703300E-02  6.04111E+00  1.0902E+01  8.0620E+04  1.9062E-01  8.0620E+04  0.000E+00  1.425E+01
8.833200E-02  6.84154E+00  1.0895E+01  7.9386E+04  1.9768E-01  7.9386E+04  0.000E+00  1.404E+01
9.041995E-02  7.44473E+00  1.0884E+01  7.7473E+04  2.0924E-01  7.7473E+04  0.000E+00  1.371E+01
9.665893E-02  8.49813E+00  1.0847E+01  7.2228E+04  2.4535E-01  7.2228E+04  0.000E+00  1.283E+01
1.033284E-01  9.27197E+00  1.0845E+01  6.7553E+04  2.8638E-01  6.7553E+04  0.000E+00  1.200E+01
1.104581E-01  9.96770E+00  1.0871E+01  6.3343E+04  3.3277E-01  6.3343E+04  0.000E+00  1.122E+01
1.180797E-01  1.06284E+01  1.0904E+01  5.9437E+04  3.8494E-01  5.9437E+04  0.000E+00  1.050E+01
1.262272E-01  1.12517E+01  1.0936E+01  5.5764E+04  4.4330E-01  5.5764E+04  0.000E+00  9.822E+00
1.331820E-01  1.16453E+01  1.0958E+01  5.2958E+04  4.9498E-01  5.2958E+04  0.000E+00  9.309E+00
1.349368E-01  1.16353E+01  1.0963E+01  5.2292E+04  5.0826E-01  5.2293E+04  0.000E+00  9.188E+00
1.352205E-01  1.16068E+01  1.0964E+01  5.2186E+04  5.1042E-01  5.2187E+04  0.000E+00  9.169E+00
1.357641E-01  1.14140E+01  1.0965E+01  5.1984E+04  5.1456E-01  5.1985E+04  0.000E+00  9.132E+00
1.365795E-01  1.17133E+01  1.1429E+01  5.3860E+04  5.2078E-01  5.3861E+04  0.000E+00  9.078E+00
1.386180E-01  1.20794E+01  1.1441E+01  5.3124E+04  5.3642E-01  5.3125E+04  0.000E+00  8.944E+00
1.442475E-01  1.27012E+01  1.1472E+01  5.1189E+04  5.8020E-01  5.1190E+04  0.000E+00  8.595E+00
1.542005E-01  1.36448E+01  1.1437E+01  4.7737E+04  6.5943E-01  4.7738E+04  0.000E+00  8.040E+00
1.648404E-01  1.44977E+01  1.1070E+01  4.3222E+04  7.4626E-01  4.3223E+04  0.000E+00  7.521E+00
1.762144E-01  1.52357E+01  1.0696E+01  3.9068E+04  8.4092E-01  3.9069E+04  0.000E+00  7.036E+00
1.883732E-01  1.58898E+01  1.0320E+01  3.5262E+04  9.4357E-01  3.5263E+04  0.000E+00  6.582E+00
2.013709E-01  1.64779E+01  9.9442E+00  3.1784E+04  1.0543E+00  3.1785E+04  0.000E+00  6.157E+00
2.152655E-01  1.70117E+01  9.5693E+00  2.8611E+04  1.1731E+00  2.8612E+04  0.000E+00  5.760E+00
2.301188E-01  1.74994E+01  9.1959E+00  2.5720E+04  1.3000E+00  2.5721E+04  0.000E+00  5.388E+00
2.459970E-01  1.79464E+01  8.8239E+00  2.3087E+04  1.4346E+00  2.3088E+04  0.000E+00  5.040E+00
2.629708E-01  1.83590E+01  8.4529E+00  2.0689E+04  1.5768E+00  2.0691E+04  0.000E+00  4.715E+00
2.811158E-01  1.87336E+01  8.0824E+00  1.8505E+04  1.7262E+00  1.8507E+04  0.000E+00  4.410E+00
3.005128E-01  1.90739E+01  7.7122E+00  1.6518E+04  1.8821E+00  1.6520E+04  0.000E+00  4.126E+00
3.212482E-01  1.93800E+01  7.3424E+00  1.4711E+04  2.0440E+00  1.4713E+04  0.000E+00  3.859E+00
3.434143E-01  1.96517E+01  6.9736E+00  1.3070E+04  2.2111E+00  1.3072E+04  0.000E+00  3.610E+00
3.671099E-01  1.98882E+01  6.6052E+00  1.1580E+04  2.3827E+00  1.1582E+04  0.000E+00  3.377E+00
3.924405E-01  2.00860E+01  6.2364E+00  1.0228E+04  2.5577E+00  1.0231E+04  0.000E+00  3.159E+00
4.195189E-01  2.02402E+01  5.8703E+00  9.0062E+03  2.7351E+00  9.0089E+03  0.000E+00  2.955E+00
4.484657E-01  2.03509E+01  5.5099E+00  7.9077E+03  2.9138E+00  7.9106E+03  0.000E+00  2.765E+00
4.794098E-01  2.04139E+01  5.1581E+00  6.9250E+03  3.0926E+00  6.9281E+03  0.000E+00  2.586E+00
5.124891E-01  2.04261E+01  4.8174E+00  6.0501E+03  3.2702E+00  6.0534E+03  0.000E+00  2.419E+00
5.478508E-01  2.03829E+01  4.4899E+00  5.2749E+03  3.4454E+00  5.2783E+03  0.000E+00  2.263E+00
5.856525E-01  2.02777E+01  4.1770E+00  4.5905E+03  3.6168E+00  4.5941E+03  0.000E+00  2.117E+00
6.260625E-01  2.00994E+01  3.8799E+00  3.9888E+03  3.7830E+00  3.9926E+03  0.000E+00  1.980E+00
6.692609E-01  1.98305E+01  3.5993E+00  3.4614E+03  3.9429E+00  3.4653E+03  0.000E+00  1.853E+00
7.154399E-01  1.94417E+01  3.3356E+00  3.0008E+03  4.0951E+00  3.0049E+03  0.000E+00  1.733E+00
7.648052E-01  1.88803E+01  3.0889E+00  2.5995E+03  4.2383E+00  2.6037E+03  0.000E+00  1.621E+00
8.175768E-01  1.80422E+01  2.8590E+00  2.2507E+03  4.3715E+00  2.2551E+03  0.000E+00  1.516E+00
8.739896E-01  1.66852E+01  2.6453E+00  1.9480E+03  4.4935E+00  1.9525E+03  0.000E+00  1.419E+00
9.342948E-01  1.40447E+01  2.4473E+00  1.6859E+03  4.6033E+00  1.6905E+03  0.000E+00  1.327E+00
9.987612E-01  4.43915E+00  2.2642E+00  1.4591E+03  4.7000E+00  1.4638E+03  0.000E+00  1.241E+00
9.993060E-01  4.22232E+00  2.2627E+00  1.4574E+03  4.7008E+00  1.4621E+03  0.000E+00  1.241E+00
1.014602E+00 -8.80642E+00  2.2113E+00  1.4028E+03  4.7209E+00  1.4075E+03  0.000E+00  1.222E+00
1.018680E+00 -2.71644E+01  2.1978E+00  1.3886E+03  4.7261E+00  1.3933E+03  0.000E+00  1.217E+00
1.021944E+00 -1.37812E+01  4.1265E+01  2.5989E+04  4.7302E+00  2.5994E+04  0.000E+00  1.213E+00
1.024799E+00 -1.83273E+00  3.8041E+01  2.3892E+04  4.7337E+00  2.3897E+04  0.000E+00  1.210E+00
1.037586E+00  1.01428E+01  2.6623E+01  1.6515E+04  4.7492E+00  1.6520E+04  0.000E+00  1.195E+00
1.040094E+00  8.08492E+00  2.4862E+01  1.5385E+04  4.7522E+00  1.5390E+04  0.000E+00  1.192E+00
1.041757E+00  3.36022E+00  2.3766E+01  1.4684E+04  4.7541E+00  1.4689E+04  0.000E+00  1.190E+00
1.048014E+00  1.80178E+01  3.7728E+01  2.3170E+04  4.7613E+00  2.3175E+04  0.000E+00  1.183E+00
1.063656E+00  2.78989E+01  2.4653E+01  1.4918E+04  4.7787E+00  1.4923E+04  0.000E+00  1.166E+00
1.067676E+00  2.83111E+01  2.2168E+01  1.3364E+04  4.7830E+00  1.3369E+04  0.000E+00  1.161E+00
1.141345E+00  2.34120E+01  1.0256E+01  5.7838E+03  4.8516E+00  5.7887E+03  0.000E+00  1.086E+00
1.169728E+00  2.19594E+01  9.8133E+00  5.3996E+03  4.8731E+00  5.4045E+03  0.000E+00  1.060E+00
1.187632E+00  2.07902E+01  9.7671E+00  5.2932E+03  4.8854E+00  5.2981E+03  0.000E+00  1.044E+00
1.192406E+00  1.97779E+01  9.7711E+00  5.2741E+03  4.8885E+00  5.2790E+03  0.000E+00  1.040E+00
1.199568E+00  2.05918E+01  1.1614E+01  6.2314E+03  4.8931E+00  6.2363E+03  0.000E+00  1.034E+00
1.217472E+00  2.12164E+01  1.1689E+01  6.1794E+03  4.9038E+00  6.1843E+03  0.000E+00  1.018E+00
1.220098E+00  2.12573E+01  1.1705E+01  6.1746E+03  4.9053E+00  6.1795E+03  0.000E+00  1.016E+00
1.304285E+00  2.23013E+01  1.2588E+01  6.2118E+03  4.9438E+00  6.2167E+03  0.000E+00  9.506E-01
1.394281E+00  2.42698E+01  1.3003E+01  6.0026E+03  4.9669E+00  6.0076E+03  0.000E+00  8.892E-01
1.490486E+00  2.62399E+01  1.2553E+01  5.4207E+03  4.9746E+00  5.4257E+03  0.000E+00  8.318E-01
1.593329E+00  2.79067E+01  1.1522E+01  4.6543E+03  4.9671E+00  4.6593E+03  0.000E+00  7.781E-01
1.703269E+00  2.90490E+01  1.0179E+01  3.8464E+03  4.9444E+00  3.8513E+03  0.000E+00  7.279E-01
1.820795E+00  2.96864E+01  8.8372E+00  3.1238E+03  4.9072E+00  3.1287E+03  0.000E+00  6.809E-01
1.946430E+00  2.99637E+01  7.6685E+00  2.5357E+03  4.8558E+00  2.5406E+03  0.000E+00  6.370E-01
2.080733E+00  3.01242E+01  6.7459E+00  2.0867E+03  4.7909E+00  2.0915E+03  0.000E+00  5.959E-01
2.224304E+00  3.02004E+01  6.0607E+00  1.7537E+03  4.7133E+00  1.7584E+03  0.000E+00  5.574E-01
2.377781E+00  3.02295E+01  5.4518E+00  1.4757E+03  4.6238E+00  1.4803E+03  0.000E+00  5.214E-01
2.541848E+00  3.02822E+01  4.8987E+00  1.2404E+03  4.5234E+00  1.2449E+03  0.000E+00  4.878E-01
2.717235E+00  3.02732E+01  4.4032E+00  1.0430E+03  4.4129E+00  1.0474E+03  0.000E+00  4.563E-01
2.904724E+00  3.02503E+01  3.9609E+00  8.7765E+02  4.2935E+00  8.8194E+02  0.000E+00  4.268E-01
3.105150E+00  3.02295E+01  3.5439E+00  7.3456E+02  4.1661E+00  7.3873E+02  0.000E+00  3.993E-01
3.319406E+00  3.01774E+01  3.1549E+00  6.1174E+02  4.0319E+00  6.1577E+02  0.000E+00  3.735E-01
3.548445E+00  3.01047E+01  2.8112E+00  5.0990E+02  3.8920E+00  5.1379E+02  0.000E+00  3.494E-01
3.793288E+00  3.00214E+01  2.5071E+00  4.2539E+02  3.7474E+00  4.2914E+02  0.000E+00  3.269E-01
4.055024E+00  2.99323E+01  2.2378E+00  3.5519E+02  3.5992E+00  3.5879E+02  0.000E+00  3.058E-01
4.334821E+00  2.98409E+01  1.9993E+00  2.9686E+02  3.4485E+00  3.0031E+02  0.000E+00  2.860E-01
4.633924E+00  2.97477E+01  1.7805E+00  2.4730E+02  3.2962E+00  2.5060E+02  0.000E+00  2.676E-01
4.953664E+00  2.96474E+01  1.5830E+00  2.0568E+02  3.1433E+00  2.0882E+02  0.000E+00  2.503E-01
5.295467E+00  2.95425E+01  1.4068E+00  1.7098E+02  2.9906E+00  1.7397E+02  0.000E+00  2.341E-01
5.660855E+00  2.94298E+01  1.2471E+00  1.4180E+02  2.8391E+00  1.4464E+02  0.000E+00  2.190E-01
6.051453E+00  2.93081E+01  1.1067E+00  1.1770E+02  2.6894E+00  1.2039E+02  0.000E+00  2.049E-01
6.469004E+00  2.91752E+01  9.8299E-01  9.7801E+01  2.5423E+00  1.0034E+02  0.000E+00  1.917E-01
6.915365E+00  2.90257E+01  8.7397E-01  8.1343E+01  2.3983E+00  8.3741E+01  0.000E+00  1.793E-01
7.392525E+00  2.88496E+01  7.7780E-01  6.7719E+01  2.2581E+00  6.9977E+01  0.000E+00  1.677E-01
7.902609E+00  2.86263E+01  6.9289E-01  5.6432E+01  2.1221E+00  5.8554E+01  0.000E+00  1.569E-01
8.447890E+00  2.83080E+01  6.1784E-01  4.7072E+01  1.9906E+00  4.9063E+01  0.000E+00  1.468E-01
9.030794E+00  2.77362E+01  5.4929E-01  3.9148E+01  1.8641E+00  4.1012E+01  0.000E+00  1.373E-01
9.465428E+00  2.66177E+01  5.0093E-01  3.4062E+01  1.7781E+00  3.5840E+01  0.000E+00  1.310E-01
9.610307E+00  2.52001E+01  4.8628E-01  3.2568E+01  1.7508E+00  3.4319E+01  0.000E+00  1.290E-01
9.653919E+00  2.27080E+01  4.8201E-01  3.2135E+01  1.7428E+00  3.3878E+01  0.000E+00  1.284E-01
9.706893E+00  2.52381E+01  3.8531E+00  2.5548E+02  1.7330E+00  2.5721E+02  2.239E+02  1.277E-01
9.851772E+00  2.68206E+01  3.7401E+00  2.4434E+02  1.7069E+00  2.4605E+02  2.141E+02  1.258E-01
1.032004E+01  2.82422E+01  3.4219E+00  2.1341E+02  1.6268E+00  2.1504E+02  1.870E+02  1.201E-01
1.103212E+01  2.90456E+01  3.0610E+00  1.7858E+02  1.5164E+00  1.8010E+02  1.569E+02  1.124E-01
1.179334E+01  2.94892E+01  2.7556E+00  1.5039E+02  1.4116E+00  1.5180E+02  1.325E+02  1.051E-01
1.260708E+01  2.97882E+01  2.4851E+00  1.2687E+02  1.3124E+00  1.2818E+02  1.122E+02  9.834E-02
1.347697E+01  2.99968E+01  2.2238E+00  1.0620E+02  1.2188E+00  1.0742E+02  9.406E+01  9.200E-02
1.440688E+01  3.01393E+01  1.9866E+00  8.8753E+01  1.1309E+00  8.9884E+01  7.873E+01  8.606E-02
1.540095E+01  3.02370E+01  1.7721E+00  7.4058E+01  1.0484E+00  7.5106E+01  6.578E+01  8.050E-02
1.646362E+01  3.03025E+01  1.5790E+00  6.1730E+01  9.7121E-01  6.2701E+01  5.489E+01  7.531E-02
1.759961E+01  3.03446E+01  1.4062E+00  5.1427E+01  8.9927E-01  5.2326E+01  4.577E+01  7.045E-02
1.881398E+01  3.03700E+01  1.2523E+00  4.2840E+01  8.3234E-01  4.3672E+01  3.816E+01  6.590E-02
2.011215E+01  3.04195E+01  1.1123E+00  3.5595E+01  7.7025E-01  3.6365E+01  3.171E+01  6.165E-02
2.149988E+01  3.04206E+01  9.8624E-01  2.9524E+01  7.1278E-01  3.0237E+01  2.631E+01  5.767E-02
2.298338E+01  3.04141E+01  8.7440E-01  2.4487E+01  6.5971E-01  2.5147E+01  2.182E+01  5.395E-02
2.456923E+01  3.04028E+01  7.7527E-01  2.0309E+01  6.1081E-01  2.0920E+01  1.810E+01  5.046E-02
2.626450E+01  3.03892E+01  6.8720E-01  1.6840E+01  5.6586E-01  1.7406E+01  1.501E+01  4.721E-02
2.807676E+01  3.03746E+01  6.0610E-01  1.3894E+01  5.2460E-01  1.4419E+01  1.240E+01  4.416E-02
3.001405E+01  3.03546E+01  5.3381E-01  1.1447E+01  4.8683E-01  1.1934E+01  1.023E+01  4.131E-02
3.208502E+01  3.03335E+01  4.7016E-01  9.4315E+00  4.5229E-01  9.8838E+00  8.433E+00  3.864E-02
3.429889E+01  3.03120E+01  4.1413E-01  7.7713E+00  4.2077E-01  8.1921E+00  6.955E+00  3.615E-02
3.666551E+01  3.02907E+01  3.6481E-01  6.4038E+00  3.9204E-01  6.7958E+00  5.736E+00  3.381E-02
3.919543E+01  3.02701E+01  3.2137E-01  5.2772E+00  3.6589E-01  5.6431E+00  4.730E+00  3.163E-02
4.189992E+01  3.02505E+01  2.8309E-01  4.3486E+00  3.4212E-01  4.6907E+00  3.901E+00  2.959E-02
4.479101E+01  3.02315E+01  2.4795E-01  3.5629E+00  3.2054E-01  3.8834E+00  3.196E+00  2.768E-02
4.788159E+01  3.02130E+01  2.1718E-01  2.9194E+00  3.0094E-01  3.2203E+00  2.619E+00  2.589E-02
5.118542E+01  3.01953E+01  1.9024E-01  2.3922E+00  2.8317E-01  2.6754E+00  2.146E+00  2.422E-02
5.471721E+01  3.01786E+01  1.6665E-01  1.9603E+00  2.6705E-01  2.2274E+00  1.758E+00  2.266E-02
5.849270E+01  3.01630E+01  1.4599E-01  1.6064E+00  2.5242E-01  1.8588E+00  1.440E+00  2.120E-02
6.252870E+01  3.01484E+01  1.2789E-01  1.3164E+00  2.3916E-01  1.5556E+00  1.180E+00  1.983E-02
6.684318E+01  3.01350E+01  1.1203E-01  1.0787E+00  2.2711E-01  1.3058E+00  9.669E-01  1.855E-02
7.145536E+01  3.01225E+01  9.8139E-02  8.8398E-01  2.1616E-01  1.1001E+00  7.923E-01  1.735E-02
7.638578E+01  3.01111E+01  8.5974E-02  7.2441E-01  2.0619E-01  9.3060E-01  6.491E-01  1.623E-02
8.165640E+01  3.01011E+01  7.5223E-02  5.9292E-01  1.9710E-01  7.9002E-01  5.311E-01  1.518E-02
8.729069E+01  3.00916E+01  6.5631E-02  4.8392E-01  1.8879E-01  6.7271E-01  4.332E-01  1.420E-02
9.331374E+01  3.00827E+01  5.7264E-02  3.9498E-01  1.8118E-01  5.7616E-01  3.533E-01  1.329E-02
9.975239E+01  3.00746E+01  4.9966E-02  3.2239E-01  1.7418E-01  4.9657E-01  2.881E-01  1.243E-02
1.066353E+02  3.00672E+01  4.3599E-02  2.6315E-01  1.6772E-01  4.3087E-01  2.350E-01  1.163E-02
1.139931E+02  3.00605E+01  3.8045E-02  2.1481E-01  1.6174E-01  3.7655E-01  1.916E-01  1.088E-02
1.218587E+02  3.00544E+01  3.3199E-02  1.7535E-01  1.5619E-01  3.3154E-01  1.563E-01  1.017E-02
1.302669E+02  3.00488E+01  2.8972E-02  1.4314E-01  1.5100E-01  2.9414E-01  1.275E-01  9.518E-03
1.392553E+02  3.00438E+01  2.5283E-02  1.1686E-01  1.4614E-01  2.6300E-01  1.040E-01  8.903E-03
1.488640E+02  3.00393E+01  2.2065E-02  9.5400E-02  1.4155E-01  2.3695E-01  8.479E-02  8.329E-03
1.591356E+02  3.00352E+01  1.9257E-02  7.7886E-02  1.3722E-01  2.1511E-01  6.916E-02  7.791E-03
1.701159E+02  3.00315E+01  1.6807E-02  6.3588E-02  1.3310E-01  1.9669E-01  5.640E-02  7.288E-03
1.818539E+02  3.00282E+01  1.4669E-02  5.1917E-02  1.2918E-01  1.8110E-01  4.600E-02  6.818E-03
1.944018E+02  3.00252E+01  1.2803E-02  4.2389E-02  1.2541E-01  1.6780E-01  3.752E-02  6.378E-03
2.078156E+02  3.00225E+01  1.1175E-02  3.4611E-02  1.2179E-01  1.5640E-01  3.060E-02  5.966E-03
2.221548E+02  3.00201E+01  9.7545E-03  2.8261E-02  1.1829E-01  1.4655E-01  2.495E-02  5.581E-03
2.374835E+02  3.00180E+01  8.5146E-03  2.3076E-02  1.1491E-01  1.3799E-01  2.035E-02  5.221E-03
2.538699E+02  3.00160E+01  7.4325E-03  1.8843E-02  1.1162E-01  1.3046E-01  1.660E-02  4.884E-03
2.713869E+02  3.00143E+01  6.4882E-03  1.5387E-02  1.0842E-01  1.2381E-01  1.354E-02  4.569E-03
2.901126E+02  3.00128E+01  5.6639E-03  1.2566E-02  1.0530E-01  1.1787E-01  1.104E-02  4.274E-03
3.101304E+02  3.00114E+01  4.9445E-03  1.0262E-02  1.0225E-01  1.1251E-01  9.005E-03  3.998E-03
3.315294E+02  3.00101E+01  4.3166E-03  8.3802E-03  9.9261E-02  1.0764E-01  7.344E-03  3.740E-03
3.544049E+02  3.00090E+01  3.7685E-03  6.8439E-03  9.6334E-02  1.0318E-01  5.990E-03  3.498E-03
3.788588E+02  3.00080E+01  3.2901E-03  5.5894E-03  9.3463E-02  9.9052E-02  4.885E-03  3.273E-03
4.050001E+02  3.00071E+01  2.8725E-03  4.5650E-03  9.0645E-02  9.5210E-02  3.984E-03  3.061E-03
4.329451E+02  3.00064E+01  2.5080E-03  3.7285E-03  8.7878E-02  9.1606E-02  3.249E-03  2.864E-03
