
   Ga:    Z = 31;   Atomic weight = 69.72000 g/mol ;    nominal density:   [INLINE] = 5.8770E+00 g/cm3
          µa(barns/atom) = µ(cm2/g)  ×  1.15773E+02
          E(eV) µ(cm2/g) = f2(e/atom)  ×  6.03562E+05
          9 edges. Edge energies (keV):
          

  K      1.03671E+01  L I    1.29770E+00  L II   1.14230E+00  L III  1.11540E+00
  M I    1.58100E-01  M II   1.06800E-01  M III  1.02900E-01  M IV   1.74000E-02
  M V    1.74000E-02

          Relativistic correction estimate frel (H82,3/5CL) = -1.6423E-01, -1.0320E-01 e/atom
          Nuclear Thomson correction fNT = -7.5615E-03 e/atom
     _________________________________________________________________________________________________________
   
   Form Factors, Attenuation and Scattering Cross-sections
   Z=31, E = 0.001 - 1000 keV

                                                              Attenuation
     E         f1            f2          µ           [INLINE] (coh+inc) Coefficient    µK       wavelength
     keV       e/atom       e/atom      cm2/g       cm2/g      cm2/g          cm2/g        nm

1.069000E-02  3.15198E+00  0.0000E+00  0.0000E+00  9.6976E-05  9.6976E-05  0.000E+00  1.160E+02
1.142761E-02  3.09183E+00  0.0000E+00  0.0000E+00  1.3376E-04  1.3376E-04  0.000E+00  1.085E+02
1.221612E-02  3.01884E+00  0.0000E+00  0.0000E+00  1.8345E-04  1.8345E-04  0.000E+00  1.015E+02
1.305903E-02  2.92860E+00  0.0000E+00  0.0000E+00  2.5019E-04  2.5019E-04  0.000E+00  9.494E+01
1.396010E-02  2.81368E+00  0.0000E+00  0.0000E+00  3.3933E-04  3.3933E-04  0.000E+00  8.881E+01
1.492335E-02  2.65950E+00  0.0000E+00  0.0000E+00  4.5768E-04  4.5768E-04  0.000E+00  8.308E+01
1.595306E-02  2.42810E+00  0.0000E+00  0.0000E+00  6.1392E-04  6.1392E-04  0.000E+00  7.772E+01
1.705382E-02  1.90191E+00  0.0000E+00  0.0000E+00  8.1901E-04  8.1901E-04  0.000E+00  7.270E+01
1.731300E-02  1.45080E+00  0.0000E+00  0.0000E+00  8.7349E-04  8.7349E-04  0.000E+00  7.161E+01
1.738260E-02  9.45019E-01  0.0000E+00  0.0000E+00  8.8854E-04  8.8854E-04  0.000E+00  7.133E+01
1.748700E-02  1.43339E+00  9.7516E-01  3.3658E+04  9.1146E-04  3.3658E+04  0.000E+00  7.090E+01
1.774800E-02  1.83886E+00  9.7958E-01  3.3313E+04  9.7054E-04  3.3313E+04  0.000E+00  6.986E+01
1.823053E-02  2.06446E+00  9.8763E-01  3.2698E+04  1.0867E-03  3.2698E+04  0.000E+00  6.801E+01
1.948844E-02  2.22367E+00  1.0092E+00  3.1256E+04  1.4341E-03  3.1256E+04  0.000E+00  6.362E+01
2.083314E-02  2.21897E+00  1.0578E+00  3.0645E+04  1.8825E-03  3.0645E+04  0.000E+00  5.951E+01
2.227063E-02  2.15214E+00  1.1418E+00  3.0944E+04  2.4579E-03  3.0944E+04  0.000E+00  5.567E+01
2.380730E-02  2.05080E+00  1.2615E+00  3.1981E+04  3.1922E-03  3.1981E+04  0.000E+00  5.208E+01
2.545001E-02  1.92725E+00  1.4188E+00  3.3647E+04  4.1242E-03  3.3647E+04  0.000E+00  4.872E+01
2.720606E-02  1.78929E+00  1.6168E+00  3.5869E+04  5.3006E-03  3.5869E+04  0.000E+00  4.557E+01
2.908327E-02  1.64356E+00  1.8592E+00  3.8585E+04  6.7773E-03  3.8585E+04  0.000E+00  4.263E+01
3.109002E-02  1.49683E+00  2.1500E+00  4.1738E+04  8.6209E-03  4.1738E+04  0.000E+00  3.988E+01
3.323523E-02  1.35666E+00  2.4925E+00  4.5264E+04  1.0910E-02  4.5264E+04  0.000E+00  3.731E+01
3.552846E-02  1.23162E+00  2.8896E+00  4.9089E+04  1.3737E-02  4.9089E+04  0.000E+00  3.490E+01
3.797993E-02  1.13137E+00  3.3429E+00  5.3124E+04  1.7210E-02  5.3124E+04  0.000E+00  3.264E+01
4.060054E-02  1.06643E+00  3.8522E+00  5.7267E+04  2.1452E-02  5.7267E+04  0.000E+00  3.054E+01
4.340198E-02  1.04790E+00  4.4153E+00  6.1401E+04  2.6608E-02  6.1401E+04  0.000E+00  2.857E+01
4.639671E-02  1.08696E+00  5.0277E+00  6.5403E+04  3.2840E-02  6.5403E+04  0.000E+00  2.672E+01
4.959809E-02  1.19432E+00  5.6822E+00  6.9146E+04  4.0333E-02  6.9146E+04  0.000E+00  2.500E+01
5.302035E-02  1.38877E+00  6.3693E+00  7.2505E+04  4.9296E-02  7.2505E+04  0.000E+00  2.338E+01
5.667876E-02  1.66014E+00  7.0772E+00  7.5364E+04  5.9960E-02  7.5364E+04  0.000E+00  2.187E+01
6.058959E-02  2.02335E+00  7.7923E+00  7.7623E+04  7.2582E-02  7.7623E+04  0.000E+00  2.046E+01
6.477028E-02  2.48203E+00  8.4996E+00  7.9203E+04  8.7443E-02  7.9203E+04  0.000E+00  1.914E+01
6.923942E-02  3.03821E+00  9.1832E+00  8.0050E+04  1.0485E-01  8.0050E+04  0.000E+00  1.791E+01
7.401695E-02  3.69108E+00  9.8181E+00  8.0061E+04  1.2513E-01  8.0061E+04  0.000E+00  1.675E+01
7.912411E-02  4.42213E+00  1.0377E+01  7.9152E+04  1.4864E-01  7.9152E+04  0.000E+00  1.567E+01
8.458368E-02  5.20610E+00  1.0846E+01  7.7393E+04  1.7576E-01  7.7393E+04  0.000E+00  1.466E+01
9.041995E-02  6.01082E+00  1.1218E+01  7.4879E+04  2.0687E-01  7.4879E+04  0.000E+00  1.371E+01
9.665893E-02  6.77799E+00  1.1487E+01  7.1726E+04  2.4238E-01  7.1726E+04  0.000E+00  1.283E+01
1.008420E-01  7.14467E+00  1.1604E+01  6.9450E+04  2.6740E-01  6.9450E+04  0.000E+00  1.229E+01
1.023855E-01  7.11392E+00  1.1635E+01  6.8590E+04  2.7687E-01  6.8590E+04  0.000E+00  1.211E+01
1.027971E-01  6.91461E+00  1.1643E+01  6.8359E+04  2.7941E-01  6.8359E+04  0.000E+00  1.206E+01
1.033284E-01  7.18608E+00  1.2131E+01  7.0857E+04  2.8271E-01  7.0857E+04  0.000E+00  1.200E+01
1.034145E-01  7.22281E+00  1.2133E+01  7.0810E+04  2.8324E-01  7.0810E+04  0.000E+00  1.199E+01
1.046640E-01  7.53327E+00  1.2159E+01  7.0117E+04  2.9106E-01  7.0117E+04  0.000E+00  1.185E+01
1.049580E-01  7.58273E+00  1.2165E+01  6.9953E+04  2.9291E-01  6.9953E+04  0.000E+00  1.181E+01
1.062660E-01  7.72946E+00  1.2188E+01  6.9224E+04  3.0119E-01  6.9224E+04  0.000E+00  1.167E+01
1.066932E-01  7.68165E+00  1.2195E+01  6.8985E+04  3.0391E-01  6.8985E+04  0.000E+00  1.162E+01
1.073340E-01  7.90187E+00  1.2437E+01  6.9934E+04  3.0801E-01  6.9934E+04  0.000E+00  1.155E+01
1.089360E-01  8.24646E+00  1.2461E+01  6.9041E+04  3.1834E-01  6.9041E+04  0.000E+00  1.138E+01
1.104581E-01  8.50418E+00  1.2480E+01  6.8192E+04  3.2827E-01  6.8192E+04  0.000E+00  1.122E+01
1.180797E-01  9.56869E+00  1.2517E+01  6.3982E+04  3.7948E-01  6.3982E+04  0.000E+00  1.050E+01
1.262272E-01  1.05176E+01  1.2480E+01  5.9676E+04  4.3675E-01  5.9676E+04  0.000E+00  9.822E+00
1.349368E-01  1.13901E+01  1.2380E+01  5.5375E+04  5.0046E-01  5.5376E+04  0.000E+00  9.188E+00
1.442475E-01  1.21765E+01  1.2225E+01  5.1152E+04  5.7099E-01  5.1153E+04  0.000E+00  8.595E+00
1.542005E-01  1.27848E+01  1.2025E+01  4.7066E+04  6.4865E-01  4.7067E+04  0.000E+00  8.040E+00
1.549380E-01  1.28065E+01  1.2009E+01  4.6780E+04  6.5449E-01  4.6781E+04  0.000E+00  8.002E+00
1.573095E-01  1.27561E+01  1.1957E+01  4.5876E+04  6.7332E-01  4.5877E+04  0.000E+00  7.882E+00
1.579419E-01  1.25398E+01  1.1943E+01  4.5639E+04  6.7836E-01  4.5640E+04  0.000E+00  7.850E+00
1.588905E-01  1.28669E+01  1.2434E+01  4.7231E+04  6.8593E-01  4.7232E+04  0.000E+00  7.803E+00
1.612620E-01  1.32580E+01  1.2388E+01  4.6364E+04  7.0492E-01  4.6365E+04  0.000E+00  7.688E+00
1.648404E-01  1.36262E+01  1.2317E+01  4.5098E+04  7.3374E-01  4.5099E+04  0.000E+00  7.521E+00
1.762144E-01  1.45147E+01  1.2084E+01  4.1391E+04  8.2648E-01  4.1392E+04  0.000E+00  7.036E+00
1.883732E-01  1.52959E+01  1.1827E+01  3.7895E+04  9.2704E-01  3.7896E+04  0.000E+00  6.582E+00
2.013709E-01  1.60188E+01  1.1548E+01  3.4612E+04  1.0355E+00  3.4613E+04  0.000E+00  6.157E+00
2.152655E-01  1.66967E+01  1.1251E+01  3.1545E+04  1.1519E+00  3.1546E+04  0.000E+00  5.760E+00
2.301188E-01  1.73360E+01  1.0939E+01  2.8690E+04  1.2761E+00  2.8691E+04  0.000E+00  5.388E+00
2.459970E-01  1.79414E+01  1.0614E+01  2.6043E+04  1.4080E+00  2.6044E+04  0.000E+00  5.040E+00
2.629708E-01  1.85163E+01  1.0279E+01  2.3593E+04  1.5473E+00  2.3595E+04  0.000E+00  4.715E+00
2.811158E-01  1.90643E+01  9.9349E+00  2.1331E+04  1.6936E+00  2.1333E+04  0.000E+00  4.410E+00
3.005128E-01  1.95895E+01  9.5828E+00  1.9246E+04  1.8465E+00  1.9248E+04  0.000E+00  4.126E+00
3.212482E-01  2.00952E+01  9.2241E+00  1.7330E+04  2.0052E+00  1.7332E+04  0.000E+00  3.859E+00
3.434143E-01  2.05727E+01  8.7314E+00  1.5346E+04  2.1691E+00  1.5348E+04  0.000E+00  3.610E+00
3.671099E-01  2.09634E+01  8.2053E+00  1.3490E+04  2.3375E+00  1.3492E+04  0.000E+00  3.377E+00
3.924405E-01  2.12796E+01  7.6944E+00  1.1834E+04  2.5093E+00  1.1837E+04  0.000E+00  3.159E+00
4.195189E-01  2.15316E+01  7.2003E+00  1.0359E+04  2.6835E+00  1.0362E+04  0.000E+00  2.955E+00
4.484657E-01  2.17256E+01  6.7227E+00  9.0477E+03  2.8592E+00  9.0506E+03  0.000E+00  2.765E+00
4.794098E-01  2.18639E+01  6.2622E+00  7.8839E+03  3.0350E+00  7.8869E+03  0.000E+00  2.586E+00
5.124891E-01  2.19465E+01  5.8209E+00  6.8553E+03  3.2099E+00  6.8585E+03  0.000E+00  2.419E+00
5.478508E-01  2.19737E+01  5.4005E+00  5.9497E+03  3.3826E+00  5.9531E+03  0.000E+00  2.263E+00
5.856525E-01  2.19438E+01  5.0023E+00  5.1552E+03  3.5517E+00  5.1588E+03  0.000E+00  2.117E+00
6.260625E-01  2.18530E+01  4.6270E+00  4.4607E+03  3.7159E+00  4.4644E+03  0.000E+00  1.980E+00
6.692609E-01  2.16937E+01  4.2747E+00  3.8551E+03  3.8741E+00  3.8590E+03  0.000E+00  1.853E+00
7.154399E-01  2.14528E+01  3.9455E+00  3.3285E+03  4.0249E+00  3.3325E+03  0.000E+00  1.733E+00
7.648052E-01  2.11076E+01  3.6389E+00  2.8717E+03  4.1672E+00  2.8759E+03  0.000E+00  1.621E+00
8.175768E-01  2.06181E+01  3.3545E+00  2.4764E+03  4.2997E+00  2.4807E+03  0.000E+00  1.516E+00
8.739896E-01  1.99078E+01  3.0916E+00  2.1350E+03  4.4215E+00  2.1394E+03  0.000E+00  1.419E+00
9.342948E-01  1.88098E+01  2.8492E+00  1.8406E+03  4.5315E+00  1.8451E+03  0.000E+00  1.327E+00
9.987612E-01  1.68631E+01  2.6262E+00  1.5870E+03  4.6289E+00  1.5916E+03  0.000E+00  1.241E+00
1.067676E+00  1.17896E+01  2.3658E+00  1.3374E+03  4.7128E+00  1.3421E+03  0.000E+00  1.161E+00
1.093092E+00  6.31608E+00  2.2809E+00  1.2594E+03  4.7391E+00  1.2641E+03  0.000E+00  1.134E+00
1.109823E+00 -6.09692E+00  2.2279E+00  1.2116E+03  4.7552E+00  1.2164E+03  0.000E+00  1.117E+00
1.114285E+00 -2.36109E+01  2.2141E+00  1.1993E+03  4.7593E+00  1.2041E+03  0.000E+00  1.113E+00
1.119454E+00 -3.77946E+00  3.7930E+01  2.0450E+04  4.7640E+00  2.0455E+04  0.000E+00  1.108E+00
1.120977E+00  6.35636E-01  3.6469E+01  1.9636E+04  4.7653E+00  1.9641E+04  0.000E+00  1.106E+00
1.136589E+00  1.25769E+01  2.4595E+01  1.3061E+04  4.7789E+00  1.3066E+04  0.000E+00  1.091E+00
1.137708E+00  1.20159E+01  2.3926E+01  1.2693E+04  4.7798E+00  1.2698E+04  0.000E+00  1.090E+00
1.141345E+00  4.85956E+00  2.1888E+01  1.1575E+04  4.7828E+00  1.1580E+04  0.000E+00  1.086E+00
1.148012E+00  1.95529E+01  3.5478E+01  1.8652E+04  4.7882E+00  1.8657E+04  0.000E+00  1.080E+00
1.165146E+00  2.86670E+01  2.3290E+01  1.2065E+04  4.8015E+00  1.2070E+04  0.000E+00  1.064E+00
1.220098E+00  2.61155E+01  1.1349E+01  5.6143E+03  4.8383E+00  5.6191E+03  0.000E+00  1.016E+00
1.271746E+00  2.32928E+01  9.6933E+00  4.6004E+03  4.8653E+00  4.6053E+03  0.000E+00  9.749E-01
1.291212E+00  2.20861E+01  9.6070E+00  4.4907E+03  4.8738E+00  4.4956E+03  0.000E+00  9.602E-01
1.296402E+00  2.10685E+01  9.6017E+00  4.4702E+03  4.8759E+00  4.4751E+03  0.000E+00  9.564E-01
1.304285E+00  2.18654E+01  1.1425E+01  5.2868E+03  4.8789E+00  5.2917E+03  0.000E+00  9.506E-01
1.323654E+00  2.24467E+01  1.1485E+01  5.2369E+03  4.8859E+00  5.2418E+03  0.000E+00  9.367E-01
1.394281E+00  2.31148E+01  1.2088E+01  5.2325E+03  4.9045E+00  5.2374E+03  0.000E+00  8.892E-01
1.490486E+00  2.48384E+01  1.2851E+01  5.2039E+03  4.9150E+00  5.2088E+03  0.000E+00  8.318E-01
1.593329E+00  2.68351E+01  1.2542E+01  4.7511E+03  4.9105E+00  4.7560E+03  0.000E+00  7.781E-01
1.703269E+00  2.85622E+01  1.1639E+01  4.1244E+03  4.8912E+00  4.1293E+03  0.000E+00  7.279E-01
1.820795E+00  2.98015E+01  1.0374E+01  3.4389E+03  4.8575E+00  3.4438E+03  0.000E+00  6.809E-01
1.946430E+00  3.05339E+01  9.0590E+00  2.8091E+03  4.8098E+00  2.8139E+03  0.000E+00  6.370E-01
2.080733E+00  3.08856E+01  7.8777E+00  2.2851E+03  4.7488E+00  2.2898E+03  0.000E+00  5.959E-01
2.224304E+00  3.10084E+01  6.9076E+00  1.8744E+03  4.6751E+00  1.8791E+03  0.000E+00  5.574E-01
2.377781E+00  3.11872E+01  6.1906E+00  1.5714E+03  4.5896E+00  1.5760E+03  0.000E+00  5.214E-01
2.541848E+00  3.12271E+01  5.5690E+00  1.3223E+03  4.4931E+00  1.3268E+03  0.000E+00  4.878E-01
2.717235E+00  3.12946E+01  5.0076E+00  1.1123E+03  4.3866E+00  1.1167E+03  0.000E+00  4.563E-01
2.904724E+00  3.13044E+01  4.5040E+00  9.3587E+02  4.2711E+00  9.4014E+02  0.000E+00  4.268E-01
3.105150E+00  3.13166E+01  4.0282E+00  7.8299E+02  4.1475E+00  7.8714E+02  0.000E+00  3.993E-01
3.319406E+00  3.12769E+01  3.5844E+00  6.5175E+02  4.0170E+00  6.5577E+02  0.000E+00  3.735E-01
3.548445E+00  3.12118E+01  3.1923E+00  5.4299E+02  3.8806E+00  5.4687E+02  0.000E+00  3.494E-01
3.793288E+00  3.11330E+01  2.8457E+00  4.5279E+02  3.7394E+00  4.5653E+02  0.000E+00  3.269E-01
4.055024E+00  3.10461E+01  2.5390E+00  3.7792E+02  3.5944E+00  3.8151E+02  0.000E+00  3.058E-01
4.334821E+00  3.09547E+01  2.2675E+00  3.1572E+02  3.4466E+00  3.1917E+02  0.000E+00  2.860E-01
4.633924E+00  3.08614E+01  2.0270E+00  2.6401E+02  3.2970E+00  2.6731E+02  0.000E+00  2.676E-01
4.953664E+00  3.07678E+01  1.8105E+00  2.2060E+02  3.1466E+00  2.2375E+02  0.000E+00  2.503E-01
5.295467E+00  3.06690E+01  1.6105E+00  1.8356E+02  2.9962E+00  1.8656E+02  0.000E+00  2.341E-01
5.660855E+00  3.05651E+01  1.4337E+00  1.5286E+02  2.8466E+00  1.5571E+02  0.000E+00  2.190E-01
6.051453E+00  3.04544E+01  1.2717E+00  1.2683E+02  2.6986E+00  1.2953E+02  0.000E+00  2.049E-01
6.469004E+00  3.03344E+01  1.1290E+00  1.0534E+02  2.5530E+00  1.0789E+02  0.000E+00  1.917E-01
6.915365E+00  3.02036E+01  1.0033E+00  8.7567E+01  2.4103E+00  8.9977E+01  0.000E+00  1.793E-01
7.392525E+00  3.00569E+01  8.9248E-01  7.2866E+01  2.2711E+00  7.5137E+01  0.000E+00  1.677E-01
7.902609E+00  2.98851E+01  7.9466E-01  6.0692E+01  2.1359E+00  6.2828E+01  0.000E+00  1.569E-01
8.447890E+00  2.96694E+01  7.0823E-01  5.0600E+01  2.0050E+00  5.2605E+01  0.000E+00  1.468E-01
9.030794E+00  2.93678E+01  6.2937E-01  4.2063E+01  1.8789E+00  4.3942E+01  0.000E+00  1.373E-01
9.653919E+00  2.88162E+01  5.5215E-01  3.4520E+01  1.7578E+00  3.6278E+01  0.000E+00  1.284E-01
1.015976E+01  2.76480E+01  4.9982E-01  2.9693E+01  1.6686E+00  3.1362E+01  0.000E+00  1.220E-01
1.032004E+01  2.61338E+01  4.8485E-01  2.8356E+01  1.6419E+00  2.9998E+01  0.000E+00  1.201E-01
1.035673E+01  2.45278E+01  4.8152E-01  2.8062E+01  1.6358E+00  2.9698E+01  0.000E+00  1.197E-01
1.041894E+01  2.62749E+01  3.8431E+00  2.2263E+02  1.6257E+00  2.2426E+02  1.951E+02  1.190E-01
1.057444E+01  2.78546E+01  3.7266E+00  2.1271E+02  1.6009E+00  2.1431E+02  1.863E+02  1.172E-01
1.103212E+01  2.91935E+01  3.4259E+00  1.8743E+02  1.5313E+00  1.8896E+02  1.641E+02  1.124E-01
1.179334E+01  3.00256E+01  3.0603E+00  1.5662E+02  1.4263E+00  1.5805E+02  1.374E+02  1.051E-01
1.260708E+01  3.04757E+01  2.7550E+00  1.3189E+02  1.3268E+00  1.3322E+02  1.161E+02  9.834E-02
1.347697E+01  3.07777E+01  2.4874E+00  1.1140E+02  1.2328E+00  1.1263E+02  9.837E+01  9.200E-02
1.440688E+01  3.09902E+01  2.2265E+00  9.3277E+01  1.1442E+00  9.4421E+01  8.253E+01  8.606E-02
1.540095E+01  3.11350E+01  1.9894E+00  7.7963E+01  1.0611E+00  7.9024E+01  6.908E+01  8.050E-02
1.646362E+01  3.12343E+01  1.7746E+00  6.5056E+01  9.8330E-01  6.6039E+01  5.772E+01  7.531E-02
1.759961E+01  3.13007E+01  1.5811E+00  5.4223E+01  9.1063E-01  5.5134E+01  4.815E+01  7.045E-02
1.881398E+01  3.13433E+01  1.4080E+00  4.5170E+01  8.4295E-01  4.6013E+01  4.014E+01  6.590E-02
2.011215E+01  3.13689E+01  1.2538E+00  3.7627E+01  7.8008E-01  3.8407E+01  3.346E+01  6.165E-02
2.149988E+01  3.14186E+01  1.1143E+00  3.1282E+01  7.2181E-01  3.2004E+01  2.783E+01  5.767E-02
2.298338E+01  3.14203E+01  9.8861E-01  2.5962E+01  6.6794E-01  2.6630E+01  2.310E+01  5.395E-02
2.456923E+01  3.14148E+01  8.7706E-01  2.1546E+01  6.1825E-01  2.2164E+01  1.917E+01  5.046E-02
2.626450E+01  3.14053E+01  7.7807E-01  1.7880E+01  5.7251E-01  1.8453E+01  1.591E+01  4.721E-02
2.807676E+01  3.13918E+01  6.8692E-01  1.4767E+01  5.3049E-01  1.5297E+01  1.314E+01  4.416E-02
3.001405E+01  3.13739E+01  6.0523E-01  1.2171E+01  4.9197E-01  1.2663E+01  1.085E+01  4.131E-02
3.208502E+01  3.13537E+01  5.3330E-01  1.0032E+01  4.5671E-01  1.0489E+01  8.950E+00  3.864E-02
3.429889E+01  3.13325E+01  4.6995E-01  8.2698E+00  4.2450E-01  8.6943E+00  7.384E+00  3.615E-02
3.666551E+01  3.13111E+01  4.1415E-01  6.8174E+00  3.9512E-01  7.2125E+00  6.093E+00  3.381E-02
3.919543E+01  3.12898E+01  3.6500E-01  5.6205E+00  3.6836E-01  5.9889E+00  5.028E+00  3.163E-02
4.189992E+01  3.12693E+01  3.2170E-01  4.6340E+00  3.4400E-01  4.9780E+00  4.148E+00  2.959E-02
4.479101E+01  3.12498E+01  2.8355E-01  3.8208E+00  3.2187E-01  4.1427E+00  3.423E+00  2.768E-02
4.788159E+01  3.12310E+01  2.4851E-01  3.1326E+00  3.0177E-01  3.4344E+00  2.806E+00  2.589E-02
5.118542E+01  3.12126E+01  2.1775E-01  2.5677E+00  2.8353E-01  2.8512E+00  2.300E+00  2.422E-02
5.471721E+01  3.11950E+01  1.9081E-01  2.1048E+00  2.6698E-01  2.3718E+00  1.885E+00  2.266E-02
5.849270E+01  3.11784E+01  1.6721E-01  1.7254E+00  2.5196E-01  1.9774E+00  1.545E+00  2.120E-02
6.252870E+01  3.11628E+01  1.4653E-01  1.4144E+00  2.3834E-01  1.6527E+00  1.267E+00  1.983E-02
6.684318E+01  3.11484E+01  1.2842E-01  1.1596E+00  2.2597E-01  1.3856E+00  1.038E+00  1.855E-02
7.145536E+01  3.11350E+01  1.1255E-01  9.5066E-01  2.1473E-01  1.1654E+00  8.509E-01  1.735E-02
7.638578E+01  3.11228E+01  9.8642E-02  7.7942E-01  2.0451E-01  9.8393E-01  6.975E-01  1.623E-02
8.165640E+01  3.11117E+01  8.6354E-02  6.3828E-01  1.9519E-01  8.3347E-01  5.709E-01  1.518E-02
8.729069E+01  3.11012E+01  7.5397E-02  5.2132E-01  1.8669E-01  7.0801E-01  4.659E-01  1.420E-02
9.331374E+01  3.10915E+01  6.5833E-02  4.2581E-01  1.7890E-01  6.0471E-01  3.802E-01  1.329E-02
9.975239E+01  3.10826E+01  5.7485E-02  3.4782E-01  1.7176E-01  5.1958E-01  3.103E-01  1.243E-02
1.066353E+02  3.10745E+01  5.0197E-02  2.8412E-01  1.6518E-01  4.4930E-01  2.532E-01  1.163E-02
1.139931E+02  3.10671E+01  4.3834E-02  2.3209E-01  1.5910E-01  3.9119E-01  2.067E-01  1.088E-02
1.218587E+02  3.10604E+01  3.8280E-02  1.8960E-01  1.5347E-01  3.4307E-01  1.687E-01  1.017E-02
1.302669E+02  3.10543E+01  3.3430E-02  1.5489E-01  1.4822E-01  3.0311E-01  1.377E-01  9.518E-03
1.392553E+02  3.10488E+01  2.9196E-02  1.2654E-01  1.4331E-01  2.6985E-01  1.123E-01  8.903E-03
1.488640E+02  3.10438E+01  2.5499E-02  1.0338E-01  1.3870E-01  2.4208E-01  9.168E-02  8.329E-03
1.591356E+02  3.10392E+01  2.2271E-02  8.4467E-02  1.3435E-01  2.1882E-01  7.482E-02  7.791E-03
1.701159E+02  3.10352E+01  1.9452E-02  6.9014E-02  1.3022E-01  1.9923E-01  6.106E-02  7.288E-03
1.818539E+02  3.10315E+01  1.6990E-02  5.6390E-02  1.2630E-01  1.8269E-01  4.983E-02  6.818E-03
1.944018E+02  3.10282E+01  1.4841E-02  4.6077E-02  1.2255E-01  1.6863E-01  4.067E-02  6.378E-03
2.078156E+02  3.10252E+01  1.2964E-02  3.7651E-02  1.1895E-01  1.5660E-01  3.319E-02  5.966E-03
2.221548E+02  3.10225E+01  1.1324E-02  3.0767E-02  1.1548E-01  1.4625E-01  2.709E-02  5.581E-03
2.374835E+02  3.10201E+01  9.8927E-03  2.5142E-02  1.1213E-01  1.3727E-01  2.211E-02  5.221E-03
2.538699E+02  3.10180E+01  8.6422E-03  2.0546E-02  1.0888E-01  1.2943E-01  1.804E-02  4.884E-03
2.713869E+02  3.10161E+01  7.5501E-03  1.6791E-02  1.0573E-01  1.2252E-01  1.472E-02  4.569E-03
2.901126E+02  3.10143E+01  6.5961E-03  1.3723E-02  1.0265E-01  1.1637E-01  1.202E-02  4.274E-03
3.101304E+02  3.10128E+01  5.7629E-03  1.1215E-02  9.9647E-02  1.1086E-01  9.806E-03  3.998E-03
3.315294E+02  3.10114E+01  5.0350E-03  9.1665E-03  9.6711E-02  1.0588E-01  8.002E-03  3.740E-03
3.544049E+02  3.10101E+01  4.3993E-03  7.4921E-03  9.3836E-02  1.0133E-01  6.531E-03  3.498E-03
3.788588E+02  3.10090E+01  3.8439E-03  6.1237E-03  9.1019E-02  9.7143E-02  5.330E-03  3.273E-03
4.050001E+02  3.10080E+01  3.3587E-03  5.0054E-03  8.8255E-02  9.3260E-02  4.350E-03  3.061E-03
4.329451E+02  3.10072E+01  2.9349E-03  4.0914E-03  8.5542E-02  8.9633E-02  3.550E-03  2.864E-03
