
   As:    Z = 33;   Atomic weight = 74.92160 g/mol ;    nominal density:   [INLINE] = 5.7200E+00 g/cm3
          µa(barns/atom) = µ(cm2/g)  ×  1.24410E+02
          E(eV) µ(cm2/g) = f2(e/atom)  ×  5.61658E+05
          9 edges. Edge energies (keV):
          

  K      1.18667E+01  L I    1.52650E+00  L II   1.35860E+00  L III  1.32310E+00
  M I    2.03500E-01  M II   1.46400E-01  M III  1.40500E-01  M IV   4.12000E-02
  M V    4.12000E-02

          Relativistic correction estimate frel (H82,3/5CL) = -1.9087E-01, -1.2000E-01 e/atom
          Nuclear Thomson correction fNT = -7.9737E-03 e/atom
     _________________________________________________________________________________________________________
   
   Form Factors, Attenuation and Scattering Cross-sections
   Z=33, E = 0.001 - 1000 keV

                                                              Attenuation
     E         f1            f2          µ           [INLINE] (coh+inc) Coefficient    µK       wavelength
     keV       e/atom       e/atom      cm2/g       cm2/g      cm2/g          cm2/g        nm

1.069000E-02  5.97388E+00  0.0000E+00  0.0000E+00  1.2935E-04  1.2935E-04  0.000E+00  1.160E+02
1.142761E-02  5.95892E+00  0.0000E+00  0.0000E+00  1.7697E-04  1.7697E-04  0.000E+00  1.085E+02
1.221612E-02  5.94172E+00  0.0000E+00  0.0000E+00  2.4079E-04  2.4079E-04  0.000E+00  1.015E+02
1.305903E-02  5.92193E+00  0.0000E+00  0.0000E+00  3.2586E-04  3.2586E-04  0.000E+00  9.494E+01
1.396010E-02  5.89914E+00  0.0000E+00  0.0000E+00  4.3861E-04  4.3861E-04  0.000E+00  8.881E+01
1.492335E-02  5.87286E+00  0.0000E+00  0.0000E+00  5.8719E-04  5.8719E-04  0.000E+00  8.308E+01
1.595306E-02  5.84252E+00  0.0000E+00  0.0000E+00  7.8193E-04  7.8193E-04  0.000E+00  7.772E+01
1.705382E-02  5.80742E+00  0.0000E+00  0.0000E+00  1.0357E-03  1.0357E-03  0.000E+00  7.270E+01
1.823053E-02  5.76673E+00  0.0000E+00  0.0000E+00  1.3647E-03  1.3647E-03  0.000E+00  6.801E+01
1.948844E-02  5.71947E+00  0.0000E+00  0.0000E+00  1.7888E-03  1.7888E-03  0.000E+00  6.362E+01
2.083314E-02  5.66438E+00  0.0000E+00  0.0000E+00  2.3324E-03  2.3324E-03  0.000E+00  5.951E+01
2.227063E-02  5.59995E+00  0.0000E+00  0.0000E+00  3.0256E-03  3.0256E-03  0.000E+00  5.567E+01
2.380730E-02  5.52424E+00  0.0000E+00  0.0000E+00  3.9047E-03  3.9047E-03  0.000E+00  5.208E+01
2.545001E-02  5.43479E+00  0.0000E+00  0.0000E+00  5.0136E-03  5.0136E-03  0.000E+00  4.872E+01
2.720606E-02  5.32828E+00  0.0000E+00  0.0000E+00  6.4047E-03  6.4047E-03  0.000E+00  4.557E+01
2.908327E-02  5.20019E+00  0.0000E+00  0.0000E+00  8.1408E-03  8.1408E-03  0.000E+00  4.263E+01
3.109002E-02  5.04396E+00  0.0000E+00  0.0000E+00  1.0296E-02  1.0296E-02  0.000E+00  3.988E+01
3.323523E-02  4.84923E+00  0.0000E+00  0.0000E+00  1.2957E-02  1.2957E-02  0.000E+00  3.731E+01
3.552846E-02  4.59747E+00  0.0000E+00  0.0000E+00  1.6225E-02  1.6225E-02  0.000E+00  3.490E+01
3.797993E-02  4.24541E+00  0.0000E+00  0.0000E+00  2.0218E-02  2.0218E-02  0.000E+00  3.264E+01
4.037600E-02  3.66212E+00  0.0000E+00  0.0000E+00  2.4632E-02  2.4632E-02  0.000E+00  3.071E+01
4.060054E-02  3.56057E+00  0.0000E+00  0.0000E+00  2.5072E-02  2.5072E-02  0.000E+00  3.054E+01
4.099400E-02  3.26814E+00  0.0000E+00  0.0000E+00  2.5854E-02  2.5854E-02  0.000E+00  3.024E+01
4.115880E-02  2.89512E+00  0.0000E+00  0.0000E+00  2.6185E-02  2.6185E-02  0.000E+00  3.012E+01
4.140600E-02  3.18075E+00  6.7799E-01  9.1967E+03  2.6687E-02  9.1967E+03  0.000E+00  2.994E+01
4.202400E-02  3.36584E+00  7.2651E-01  9.7099E+03  2.7966E-02  9.7099E+03  0.000E+00  2.950E+01
4.340198E-02  3.36274E+00  8.4453E-01  1.0929E+04  3.0941E-02  1.0929E+04  0.000E+00  2.857E+01
4.639671E-02  3.13444E+00  1.1515E+00  1.3940E+04  3.8000E-02  1.3940E+04  0.000E+00  2.672E+01
4.959809E-02  2.84875E+00  1.5444E+00  1.7489E+04  4.6449E-02  1.7489E+04  0.000E+00  2.500E+01
5.302035E-02  2.55769E+00  2.0278E+00  2.1481E+04  5.6507E-02  2.1481E+04  0.000E+00  2.338E+01
5.667876E-02  2.28864E+00  2.6072E+00  2.5836E+04  6.8422E-02  2.5836E+04  0.000E+00  2.187E+01
6.058959E-02  2.06592E+00  3.2835E+00  3.0438E+04  8.2462E-02  3.0438E+04  0.000E+00  2.046E+01
6.477028E-02  1.91310E+00  4.0522E+00  3.5139E+04  9.8924E-02  3.5139E+04  0.000E+00  1.914E+01
6.923942E-02  1.85256E+00  4.9031E+00  3.9773E+04  1.1813E-01  3.9773E+04  0.000E+00  1.791E+01
7.401695E-02  1.90410E+00  5.8203E+00  4.4166E+04  1.4042E-01  4.4166E+04  0.000E+00  1.675E+01
7.912411E-02  2.08345E+00  6.7827E+00  4.8146E+04  1.6616E-01  4.8146E+04  0.000E+00  1.567E+01
8.458368E-02  2.40093E+00  7.7653E+00  5.1564E+04  1.9573E-01  5.1564E+04  0.000E+00  1.466E+01
9.041995E-02  2.86035E+00  8.7406E+00  5.4293E+04  2.2954E-01  5.4293E+04  0.000E+00  1.371E+01
9.665893E-02  3.45832E+00  9.6801E+00  5.6248E+04  2.6800E-01  5.6248E+04  0.000E+00  1.283E+01
1.033284E-01  4.18397E+00  1.0556E+01  5.7381E+04  3.1153E-01  5.7381E+04  0.000E+00  1.200E+01
1.104581E-01  5.01853E+00  1.1345E+01  5.7686E+04  3.6056E-01  5.7686E+04  0.000E+00  1.122E+01
1.180797E-01  5.93419E+00  1.2024E+01  5.7192E+04  4.1550E-01  5.7192E+04  0.000E+00  1.050E+01
1.262272E-01  6.88034E+00  1.2577E+01  5.5963E+04  4.7675E-01  5.5963E+04  0.000E+00  9.822E+00
1.349368E-01  7.77925E+00  1.2994E+01  5.4086E+04  5.4471E-01  5.4087E+04  0.000E+00  9.188E+00
1.376900E-01  7.98349E+00  1.3092E+01  5.3405E+04  5.6665E-01  5.3406E+04  0.000E+00  9.005E+00
1.397975E-01  7.99944E+00  1.3158E+01  5.2862E+04  5.8359E-01  5.2863E+04  0.000E+00  8.869E+00
1.403595E-01  7.81981E+00  1.3174E+01  5.2715E+04  5.8813E-01  5.2716E+04  0.000E+00  8.833E+00
1.412025E-01  8.12885E+00  1.3658E+01  5.4328E+04  5.9495E-01  5.4329E+04  0.000E+00  8.781E+00
1.433100E-01  8.52176E+00  1.3733E+01  5.3823E+04  6.1207E-01  5.3824E+04  0.000E+00  8.651E+00
1.434720E-01  8.54386E+00  1.3739E+01  5.3784E+04  6.1339E-01  5.3785E+04  0.000E+00  8.642E+00
1.442475E-01  8.64108E+00  1.3765E+01  5.3595E+04  6.1972E-01  5.3596E+04  0.000E+00  8.595E+00
1.456680E-01  8.77001E+00  1.3809E+01  5.3245E+04  6.3135E-01  5.3246E+04  0.000E+00  8.511E+00
1.462536E-01  8.74386E+00  1.3827E+01  5.3100E+04  6.3616E-01  5.3101E+04  0.000E+00  8.477E+00
1.471320E-01  8.95813E+00  1.4057E+01  5.3660E+04  6.4339E-01  5.3661E+04  0.000E+00  8.427E+00
1.493280E-01  9.32082E+00  1.4127E+01  5.3134E+04  6.6153E-01  5.3135E+04  0.000E+00  8.303E+00
1.542005E-01  9.96447E+00  1.4262E+01  5.1947E+04  7.0211E-01  5.1948E+04  0.000E+00  8.040E+00
1.648404E-01  1.12098E+01  1.4463E+01  4.9280E+04  7.9216E-01  4.9281E+04  0.000E+00  7.521E+00
1.762144E-01  1.24105E+01  1.4537E+01  4.6334E+04  8.9007E-01  4.6335E+04  0.000E+00  7.036E+00
1.883732E-01  1.35313E+01  1.4477E+01  4.3165E+04  9.9599E-01  4.3166E+04  0.000E+00  6.582E+00
1.994300E-01  1.42923E+01  1.4330E+01  4.0359E+04  1.0929E+00  4.0360E+04  0.000E+00  6.217E+00
2.013709E-01  1.43350E+01  1.4297E+01  3.9878E+04  1.1100E+00  3.9879E+04  0.000E+00  6.157E+00
2.024825E-01  1.42878E+01  1.4278E+01  3.9604E+04  1.1198E+00  3.9605E+04  0.000E+00  6.123E+00
2.032965E-01  1.40489E+01  1.4263E+01  3.9405E+04  1.1269E+00  3.9406E+04  0.000E+00  6.099E+00
2.045175E-01  1.44540E+01  1.4839E+01  4.0753E+04  1.1376E+00  4.0754E+04  0.000E+00  6.062E+00
2.075700E-01  1.49650E+01  1.4787E+01  4.0010E+04  1.1645E+00  4.0011E+04  0.000E+00  5.973E+00
2.152655E-01  1.57674E+01  1.4637E+01  3.8189E+04  1.2321E+00  3.8190E+04  0.000E+00  5.760E+00
2.301188E-01  1.69797E+01  1.4296E+01  3.4892E+04  1.3621E+00  3.4893E+04  0.000E+00  5.388E+00
2.459970E-01  1.80578E+01  1.3877E+01  3.1684E+04  1.5000E+00  3.1686E+04  0.000E+00  5.040E+00
2.629708E-01  1.90331E+01  1.3395E+01  2.8609E+04  1.6453E+00  2.8611E+04  0.000E+00  4.715E+00
2.811158E-01  1.99130E+01  1.2864E+01  2.5702E+04  1.7977E+00  2.5704E+04  0.000E+00  4.410E+00
3.005128E-01  2.07016E+01  1.2298E+01  2.2984E+04  1.9566E+00  2.2986E+04  0.000E+00  4.126E+00
3.212482E-01  2.14026E+01  1.1708E+01  2.0471E+04  2.1214E+00  2.0473E+04  0.000E+00  3.859E+00
3.434143E-01  2.20202E+01  1.1107E+01  1.8165E+04  2.2915E+00  1.8167E+04  0.000E+00  3.610E+00
3.671099E-01  2.25590E+01  1.0502E+01  1.6067E+04  2.4658E+00  1.6069E+04  0.000E+00  3.377E+00
3.924405E-01  2.30240E+01  9.9010E+00  1.4170E+04  2.6436E+00  1.4173E+04  0.000E+00  3.159E+00
4.195189E-01  2.34203E+01  9.3104E+00  1.2465E+04  2.8237E+00  1.2468E+04  0.000E+00  2.955E+00
4.484657E-01  2.37497E+01  8.7349E+00  1.0940E+04  3.0052E+00  1.0943E+04  0.000E+00  2.765E+00
4.794098E-01  2.40227E+01  8.1779E+00  9.5810E+03  3.1867E+00  9.5842E+03  0.000E+00  2.586E+00
5.124891E-01  2.42405E+01  7.6422E+00  8.3754E+03  3.3670E+00  8.3788E+03  0.000E+00  2.419E+00
5.478508E-01  2.44063E+01  7.1294E+00  7.3091E+03  3.5450E+00  7.3126E+03  0.000E+00  2.263E+00
5.856525E-01  2.45228E+01  6.6402E+00  6.3681E+03  3.7192E+00  6.3718E+03  0.000E+00  2.117E+00
6.260625E-01  2.45907E+01  6.1736E+00  5.5385E+03  3.8885E+00  5.5424E+03  0.000E+00  1.980E+00
6.692609E-01  2.46075E+01  5.7303E+00  4.8090E+03  4.0514E+00  4.8131E+03  0.000E+00  1.853E+00
7.154399E-01  2.45717E+01  5.3113E+00  4.1697E+03  4.2067E+00  4.1739E+03  0.000E+00  1.733E+00
7.648052E-01  2.44792E+01  4.9173E+00  3.6111E+03  4.3532E+00  3.6155E+03  0.000E+00  1.621E+00
8.175768E-01  2.43180E+01  4.5204E+00  3.1054E+03  4.4898E+00  3.1099E+03  0.000E+00  1.516E+00
8.739896E-01  2.40651E+01  4.1474E+00  2.6652E+03  4.6154E+00  2.6698E+03  0.000E+00  1.419E+00
9.342948E-01  2.37035E+01  3.8042E+00  2.2869E+03  4.7289E+00  2.2916E+03  0.000E+00  1.327E+00
9.987612E-01  2.32109E+01  3.4901E+00  1.9627E+03  4.8295E+00  1.9675E+03  0.000E+00  1.241E+00
1.067676E+00  2.23776E+01  3.1296E+00  1.6463E+03  4.9164E+00  1.6512E+03  0.000E+00  1.161E+00
1.141345E+00  2.10087E+01  2.8099E+00  1.3827E+03  4.9890E+00  1.3877E+03  0.000E+00  1.086E+00
1.220098E+00  1.83387E+01  2.5271E+00  1.1633E+03  5.0469E+00  1.1683E+03  0.000E+00  1.016E+00
1.296638E+00  9.85805E+00  2.2975E+00  9.9518E+02  5.0864E+00  1.0003E+03  0.000E+00  9.562E-01
1.304285E+00  7.26320E+00  2.2766E+00  9.8034E+02  5.0895E+00  9.8543E+02  0.000E+00  9.506E-01
1.316484E+00 -1.71763E+00  2.2439E+00  9.5733E+02  5.0942E+00  9.6242E+02  0.000E+00  9.418E-01
1.321777E+00 -1.80834E+01  2.2300E+00  9.4760E+02  5.0962E+00  9.5270E+02  0.000E+00  9.380E-01
1.329715E+00  4.65608E+00  3.4333E+01  1.4502E+04  5.0990E+00  1.4507E+04  0.000E+00  9.324E-01
1.331428E+00  7.58197E+00  3.3105E+01  1.3965E+04  5.0996E+00  1.3970E+04  0.000E+00  9.312E-01
1.349562E+00  1.70997E+01  2.2707E+01  9.4500E+03  5.1054E+00  9.4551E+03  0.000E+00  9.187E-01
1.351807E+00  1.65453E+01  2.1696E+01  9.0145E+03  5.1061E+00  9.0196E+03  0.000E+00  9.172E-01
1.357241E+00  9.87862E+00  1.9456E+01  8.0511E+03  5.1076E+00  8.0562E+03  0.000E+00  9.135E-01
1.365393E+00  2.22766E+01  3.2299E+01  1.3286E+04  5.1099E+00  1.3291E+04  0.000E+00  9.080E-01
1.385772E+00  3.03100E+01  2.1413E+01  8.6786E+03  5.1149E+00  8.6837E+03  0.000E+00  8.947E-01
1.394281E+00  3.05983E+01  1.8697E+01  7.5316E+03  5.1168E+00  7.5367E+03  0.000E+00  8.892E-01
1.490486E+00  2.62140E+01  9.6673E+00  3.6429E+03  5.1286E+00  3.6480E+03  0.000E+00  8.318E-01
1.495970E+00  2.59632E+01  9.5770E+00  3.5957E+03  5.1288E+00  3.6008E+03  0.000E+00  8.288E-01
1.518867E+00  2.46421E+01  9.3979E+00  3.4752E+03  5.1292E+00  3.4803E+03  0.000E+00  8.163E-01
1.524973E+00  2.35788E+01  9.3768E+00  3.4535E+03  5.1291E+00  3.4586E+03  0.000E+00  8.130E-01
1.534132E+00  2.43982E+01  1.1247E+01  4.1178E+03  5.1290E+00  4.1229E+03  0.000E+00  8.082E-01
1.557030E+00  2.49945E+01  1.1241E+01  4.0549E+03  5.1280E+00  4.0600E+03  0.000E+00  7.963E-01
1.593329E+00  2.52529E+01  1.1364E+01  4.0057E+03  5.1251E+00  4.0108E+03  0.000E+00  7.781E-01
1.703269E+00  2.62687E+01  1.2220E+01  4.0297E+03  5.1064E+00  4.0348E+03  0.000E+00  7.279E-01
1.820795E+00  2.82701E+01  1.2334E+01  3.8045E+03  5.0729E+00  3.8096E+03  0.000E+00  6.809E-01
1.946430E+00  3.00421E+01  1.1629E+01  3.3557E+03  5.0251E+00  3.3607E+03  0.000E+00  6.370E-01
2.080733E+00  3.13898E+01  1.0502E+01  2.8349E+03  4.9635E+00  2.8399E+03  0.000E+00  5.959E-01
2.224304E+00  3.22353E+01  9.2507E+00  2.3359E+03  4.8890E+00  2.3408E+03  0.000E+00  5.574E-01
2.377781E+00  3.26833E+01  8.0996E+00  1.9132E+03  4.8021E+00  1.9180E+03  0.000E+00  5.214E-01
2.541848E+00  3.28889E+01  7.1412E+00  1.5779E+03  4.7039E+00  1.5826E+03  0.000E+00  4.878E-01
2.717235E+00  3.31354E+01  6.3802E+00  1.3188E+03  4.5953E+00  1.3234E+03  0.000E+00  4.563E-01
2.904724E+00  3.32133E+01  5.7412E+00  1.1101E+03  4.4773E+00  1.1146E+03  0.000E+00  4.268E-01
3.105150E+00  3.33467E+01  5.1387E+00  9.2949E+02  4.3509E+00  9.3384E+02  0.000E+00  3.993E-01
3.319406E+00  3.33639E+01  4.5707E+00  7.7338E+02  4.2171E+00  7.7760E+02  0.000E+00  3.735E-01
3.548445E+00  3.33387E+01  4.0691E+00  6.4406E+02  4.0771E+00  6.4814E+02  0.000E+00  3.494E-01
3.793288E+00  3.32882E+01  3.6258E+00  5.3685E+02  3.9319E+00  5.4078E+02  0.000E+00  3.269E-01
4.055024E+00  3.32210E+01  3.2324E+00  4.4771E+02  3.7826E+00  4.5149E+02  0.000E+00  3.058E-01
4.334821E+00  3.31425E+01  2.8841E+00  3.7369E+02  3.6302E+00  3.7732E+02  0.000E+00  2.860E-01
4.633924E+00  3.30567E+01  2.5757E+00  3.1219E+02  3.4758E+00  3.1567E+02  0.000E+00  2.676E-01
4.953664E+00  3.29666E+01  2.3025E+00  2.6106E+02  3.3202E+00  2.6438E+02  0.000E+00  2.503E-01
5.295467E+00  3.28743E+01  2.0601E+00  2.1850E+02  3.1645E+00  2.2166E+02  0.000E+00  2.341E-01
5.660855E+00  3.27815E+01  1.8450E+00  1.8306E+02  3.0094E+00  1.8607E+02  0.000E+00  2.190E-01
6.051453E+00  3.26874E+01  1.6463E+00  1.5280E+02  2.8557E+00  1.5566E+02  0.000E+00  2.049E-01
6.469004E+00  3.25870E+01  1.4676E+00  1.2742E+02  2.7042E+00  1.3012E+02  0.000E+00  1.917E-01
6.915365E+00  3.24812E+01  1.3052E+00  1.0601E+02  2.5555E+00  1.0857E+02  0.000E+00  1.793E-01
7.392525E+00  3.23657E+01  1.1599E+00  8.8123E+01  2.4103E+00  9.0533E+01  0.000E+00  1.677E-01
7.902609E+00  3.22394E+01  1.0317E+00  7.3327E+01  2.2689E+00  7.5596E+01  0.000E+00  1.569E-01
8.447890E+00  3.20983E+01  9.1860E-01  6.1073E+01  2.1319E+00  6.3205E+01  0.000E+00  1.468E-01
9.030794E+00  3.19351E+01  8.1573E-01  5.0733E+01  1.9997E+00  5.2733E+01  0.000E+00  1.373E-01
9.653919E+00  3.17210E+01  7.1576E-01  4.1642E+01  1.8725E+00  4.3514E+01  0.000E+00  1.284E-01
1.032004E+01  3.14141E+01  6.2865E-01  3.4214E+01  1.7505E+00  3.5964E+01  0.000E+00  1.201E-01
1.103212E+01  3.08756E+01  5.5267E-01  2.8137E+01  1.6340E+00  2.9771E+01  0.000E+00  1.124E-01
1.162937E+01  2.96992E+01  4.9952E-01  2.4125E+01  1.5460E+00  2.5671E+01  0.000E+00  1.066E-01
1.179334E+01  2.85199E+01  4.8634E-01  2.3162E+01  1.5231E+00  2.4685E+01  0.000E+00  1.051E-01
1.180737E+01  2.83012E+01  4.8523E-01  2.3082E+01  1.5212E+00  2.4603E+01  0.000E+00  1.050E-01
1.185483E+01  2.66121E+01  4.8153E-01  2.2814E+01  1.5147E+00  2.4329E+01  0.000E+00  1.046E-01
1.192603E+01  2.83415E+01  3.8077E+00  1.7933E+02  1.5051E+00  1.8084E+02  1.569E+02  1.040E-01
1.210403E+01  2.99049E+01  3.6910E+00  1.7127E+02  1.4815E+00  1.7275E+02  1.498E+02  1.024E-01
1.260708E+01  3.11969E+01  3.4005E+00  1.5150E+02  1.4179E+00  1.5292E+02  1.324E+02  9.834E-02
1.347697E+01  3.20334E+01  3.0358E+00  1.2652E+02  1.3183E+00  1.2784E+02  1.108E+02  9.200E-02
1.440688E+01  3.24817E+01  2.7327E+00  1.0654E+02  1.2244E+00  1.0776E+02  9.354E+01  8.606E-02
1.540095E+01  3.27814E+01  2.4677E+00  8.9994E+01  1.1360E+00  9.1130E+01  7.926E+01  8.050E-02
1.646362E+01  3.29930E+01  2.2092E+00  7.5367E+01  1.0531E+00  7.6420E+01  6.649E+01  7.531E-02
1.759961E+01  3.31366E+01  1.9737E+00  6.2988E+01  9.7557E-01  6.3964E+01  5.564E+01  7.045E-02
1.881398E+01  3.32347E+01  1.7605E+00  5.2558E+01  9.0322E-01  5.3461E+01  4.647E+01  6.590E-02
2.011215E+01  3.33002E+01  1.5688E+00  4.3810E+01  8.3589E-01  4.4646E+01  3.876E+01  6.165E-02
2.149988E+01  3.33421E+01  1.3973E+00  3.6504E+01  7.7337E-01  3.7277E+01  3.232E+01  5.767E-02
2.298338E+01  3.33674E+01  1.2448E+00  3.0420E+01  7.1546E-01  3.1135E+01  2.694E+01  5.395E-02
2.456923E+01  3.34162E+01  1.1074E+00  2.5315E+01  6.6194E-01  2.5977E+01  2.242E+01  5.046E-02
2.626450E+01  3.34187E+01  9.8363E-01  2.1035E+01  6.1259E-01  2.1648E+01  1.863E+01  4.721E-02
2.807676E+01  3.34175E+01  8.6938E-01  1.7391E+01  5.6717E-01  1.7958E+01  1.541E+01  4.416E-02
3.001405E+01  3.34061E+01  7.6708E-01  1.4354E+01  5.2545E-01  1.4879E+01  1.273E+01  4.131E-02
3.208502E+01  3.33899E+01  6.7685E-01  1.1849E+01  4.8721E-01  1.2336E+01  1.051E+01  3.864E-02
3.429889E+01  3.33710E+01  5.9696E-01  9.7755E+00  4.5220E-01  1.0228E+01  8.679E+00  3.615E-02
3.666551E+01  3.33504E+01  5.2646E-01  8.0645E+00  4.2021E-01  8.4847E+00  7.168E+00  3.381E-02
3.919543E+01  3.33290E+01  4.6432E-01  6.6535E+00  3.9103E-01  7.0445E+00  5.920E+00  3.163E-02
4.189992E+01  3.33075E+01  4.0953E-01  5.4897E+00  3.6443E-01  5.8541E+00  4.889E+00  2.959E-02
4.479101E+01  3.32864E+01  3.6124E-01  4.5297E+00  3.4022E-01  4.8699E+00  4.037E+00  2.768E-02
4.788159E+01  3.32661E+01  3.1866E-01  3.7379E+00  3.1820E-01  4.0561E+00  3.334E+00  2.589E-02
5.118542E+01  3.32468E+01  2.8111E-01  3.0846E+00  2.9820E-01  3.3828E+00  2.754E+00  2.422E-02
5.471721E+01  3.32282E+01  2.4662E-01  2.5315E+00  2.8003E-01  2.8115E+00  2.260E+00  2.266E-02
5.849270E+01  3.32101E+01  2.1628E-01  2.0767E+00  2.6353E-01  2.3402E+00  1.854E+00  2.120E-02
6.252870E+01  3.31928E+01  1.8968E-01  1.7038E+00  2.4855E-01  1.9524E+00  1.521E+00  1.983E-02
6.684318E+01  3.31765E+01  1.6636E-01  1.3978E+00  2.3495E-01  1.6328E+00  1.248E+00  1.855E-02
7.145536E+01  3.31613E+01  1.4591E-01  1.1469E+00  2.2259E-01  1.3695E+00  1.023E+00  1.735E-02
7.638578E+01  3.31471E+01  1.2798E-01  9.4102E-01  2.1134E-01  1.1524E+00  8.396E-01  1.623E-02
8.165640E+01  3.31340E+01  1.1213E-01  7.7126E-01  2.0111E-01  9.7237E-01  6.879E-01  1.518E-02
8.729069E+01  3.31218E+01  9.7993E-02  6.3052E-01  1.9177E-01  8.2229E-01  5.619E-01  1.420E-02
9.331374E+01  3.31105E+01  8.5642E-02  5.1548E-01  1.8323E-01  6.9871E-01  4.590E-01  1.329E-02
9.975239E+01  3.31000E+01  7.4852E-02  4.2145E-01  1.7542E-01  5.9687E-01  3.750E-01  1.243E-02
1.066353E+02  3.30904E+01  6.5423E-02  3.4459E-01  1.6824E-01  5.1283E-01  3.063E-01  1.163E-02
1.139931E+02  3.30816E+01  5.7184E-02  2.8175E-01  1.6162E-01  4.4337E-01  2.503E-01  1.088E-02
1.218587E+02  3.30736E+01  4.9985E-02  2.3039E-01  1.5551E-01  3.8590E-01  2.044E-01  1.017E-02
1.302669E+02  3.30663E+01  4.3694E-02  1.8839E-01  1.4984E-01  3.3823E-01  1.670E-01  9.518E-03
1.392553E+02  3.30597E+01  3.8196E-02  1.5405E-01  1.4456E-01  2.9861E-01  1.364E-01  8.903E-03
1.488640E+02  3.30537E+01  3.3391E-02  1.2598E-01  1.3962E-01  2.6560E-01  1.115E-01  8.329E-03
1.591356E+02  3.30482E+01  2.9191E-02  1.0303E-01  1.3498E-01  2.3801E-01  9.105E-02  7.791E-03
1.701159E+02  3.30433E+01  2.5521E-02  8.4260E-02  1.3061E-01  2.1487E-01  7.438E-02  7.288E-03
1.818539E+02  3.30388E+01  2.2313E-02  6.8913E-02  1.2647E-01  1.9538E-01  6.076E-02  6.818E-03
1.944018E+02  3.30348E+01  1.9508E-02  5.6363E-02  1.2253E-01  1.7889E-01  4.964E-02  6.378E-03
2.078156E+02  3.30312E+01  1.7057E-02  4.6100E-02  1.1877E-01  1.6487E-01  4.055E-02  5.966E-03
2.221548E+02  3.30279E+01  1.4915E-02  3.7707E-02  1.1517E-01  1.5288E-01  3.312E-02  5.581E-03
2.374835E+02  3.30250E+01  1.3041E-02  3.0844E-02  1.1171E-01  1.4255E-01  2.706E-02  5.221E-03
2.538699E+02  3.30223E+01  1.1404E-02  2.5230E-02  1.0838E-01  1.3361E-01  2.211E-02  4.884E-03
2.713869E+02  3.30200E+01  9.9724E-03  2.0639E-02  1.0515E-01  1.2579E-01  1.806E-02  4.569E-03
2.901126E+02  3.30178E+01  8.7208E-03  1.6883E-02  1.0202E-01  1.1890E-01  1.475E-02  4.274E-03
3.101304E+02  3.30159E+01  7.6265E-03  1.3812E-02  9.8974E-02  1.1279E-01  1.205E-02  3.998E-03
3.315294E+02  3.30142E+01  6.6698E-03  1.1300E-02  9.6009E-02  1.0731E-01  9.845E-03  3.740E-03
3.544049E+02  3.30127E+01  5.8332E-03  9.2445E-03  9.3118E-02  1.0236E-01  8.042E-03  3.498E-03
3.788588E+02  3.30113E+01  5.1018E-03  7.5634E-03  9.0293E-02  9.7856E-02  6.570E-03  3.273E-03
4.050001E+02  3.30101E+01  4.4622E-03  6.1882E-03  8.7530E-02  9.3718E-02  5.367E-03  3.061E-03
4.329451E+02  3.30090E+01  3.9029E-03  5.0632E-03  8.4826E-02  8.9889E-02  4.384E-03  2.864E-03
