
   Br:    Z = 35;   Atomic weight = 79.90400 g/mol ;    nominal density:   [INLINE] = 3.1100E+00 g/cm3
          µa(barns/atom) = µ(cm2/g)  ×  1.32684E+02
          E(eV) µ(cm2/g) = f2(e/atom)  ×  5.26636E+05
          9 edges. Edge energies (keV):
          

  K      1.34737E+01  L I    1.78200E+00  L II   1.59600E+00  L III  1.54990E+00
  M I    2.56500E-01  M II   1.89300E-01  M III  1.81500E-01  M IV   7.01000E-02
  M V    6.90000E-02

          Relativistic correction estimate frel (H82,3/5CL) = -2.2007E-01, -1.3860E-01 e/atom
          Nuclear Thomson correction fNT = -8.4102E-03 e/atom
     _________________________________________________________________________________________________________
   
   Form Factors, Attenuation and Scattering Cross-sections
   Z=35, E = 0.001 - 1000 keV

                                                              Attenuation
     E         f1            f2          µ           [INLINE] (coh+inc) Coefficient    µK       wavelength
     keV       e/atom       e/atom      cm2/g       cm2/g      cm2/g          cm2/g        nm

1.069000E-02  7.92654E+00  0.0000E+00  0.0000E+00  1.5960E-04  1.5960E-04  0.000E+00  1.160E+02
1.142761E-02  7.91924E+00  0.0000E+00  0.0000E+00  2.1723E-04  2.1723E-04  0.000E+00  1.085E+02
1.221612E-02  7.91088E+00  0.0000E+00  0.0000E+00  2.9410E-04  2.9410E-04  0.000E+00  1.015E+02
1.305903E-02  7.90131E+00  0.0000E+00  0.0000E+00  3.9605E-04  3.9605E-04  0.000E+00  9.494E+01
1.396010E-02  7.89034E+00  0.0000E+00  0.0000E+00  5.3051E-04  5.3051E-04  0.000E+00  8.881E+01
1.492335E-02  7.87777E+00  0.0000E+00  0.0000E+00  7.0689E-04  7.0689E-04  0.000E+00  8.308E+01
1.595306E-02  7.86335E+00  0.0000E+00  0.0000E+00  9.3698E-04  9.3698E-04  0.000E+00  7.772E+01
1.705382E-02  7.84680E+00  0.0000E+00  0.0000E+00  1.2355E-03  1.2355E-03  0.000E+00  7.270E+01
1.823053E-02  7.82781E+00  0.0000E+00  0.0000E+00  1.6208E-03  1.6208E-03  0.000E+00  6.801E+01
1.948844E-02  7.80599E+00  0.0000E+00  0.0000E+00  2.1152E-03  2.1152E-03  0.000E+00  6.362E+01
2.083314E-02  7.78090E+00  0.0000E+00  0.0000E+00  2.7465E-03  2.7465E-03  0.000E+00  5.951E+01
2.227063E-02  7.75202E+00  0.0000E+00  0.0000E+00  3.5481E-03  3.5481E-03  0.000E+00  5.567E+01
2.380730E-02  7.71875E+00  0.0000E+00  0.0000E+00  4.5605E-03  4.5605E-03  0.000E+00  5.208E+01
2.545001E-02  7.68036E+00  0.0000E+00  0.0000E+00  5.8326E-03  5.8326E-03  0.000E+00  4.872E+01
2.720606E-02  7.63602E+00  0.0000E+00  0.0000E+00  7.4224E-03  7.4224E-03  0.000E+00  4.557E+01
2.908327E-02  7.58469E+00  0.0000E+00  0.0000E+00  9.3990E-03  9.3990E-03  0.000E+00  4.263E+01
3.109002E-02  7.52515E+00  0.0000E+00  0.0000E+00  1.1844E-02  1.1844E-02  0.000E+00  3.988E+01
3.323523E-02  7.45592E+00  0.0000E+00  0.0000E+00  1.4851E-02  1.4851E-02  0.000E+00  3.731E+01
3.552846E-02  7.37517E+00  0.0000E+00  0.0000E+00  1.8533E-02  1.8533E-02  0.000E+00  3.490E+01
3.797993E-02  7.28066E+00  0.0000E+00  0.0000E+00  2.3016E-02  2.3016E-02  0.000E+00  3.264E+01
4.060054E-02  7.16951E+00  0.0000E+00  0.0000E+00  2.8447E-02  2.8447E-02  0.000E+00  3.054E+01
4.340198E-02  7.03807E+00  0.0000E+00  0.0000E+00  3.4993E-02  3.4993E-02  0.000E+00  2.857E+01
4.639671E-02  6.88151E+00  0.0000E+00  0.0000E+00  4.2843E-02  4.2843E-02  0.000E+00  2.672E+01
4.959809E-02  6.69323E+00  0.0000E+00  0.0000E+00  5.2208E-02  5.2208E-02  0.000E+00  2.500E+01
5.302035E-02  6.46382E+00  0.0000E+00  0.0000E+00  6.3326E-02  6.3326E-02  0.000E+00  2.338E+01
5.667876E-02  6.17882E+00  0.0000E+00  0.0000E+00  7.6457E-02  7.6457E-02  0.000E+00  2.187E+01
6.058959E-02  5.81322E+00  0.0000E+00  0.0000E+00  9.1889E-02  9.1889E-02  0.000E+00  2.046E+01
6.477028E-02  5.31115E+00  0.0000E+00  0.0000E+00  1.0993E-01  1.0993E-01  0.000E+00  1.914E+01
6.762000E-02  4.81939E+00  0.0000E+00  0.0000E+00  1.2312E-01  1.2312E-01  0.000E+00  1.834E+01
6.869800E-02  4.49210E+00  0.0000E+00  0.0000E+00  1.2829E-01  1.2829E-01  0.000E+00  1.805E+01
6.893100E-02  4.31259E+00  0.0000E+00  0.0000E+00  1.2942E-01  1.2942E-01  0.000E+00  1.799E+01
6.923942E-02  4.34562E+00  2.8116E-01  2.1385E+03  1.3093E-01  2.1386E+03  0.000E+00  1.791E+01
6.934500E-02  4.35127E+00  2.8479E-01  2.1628E+03  1.3144E-01  2.1629E+03  0.000E+00  1.788E+01
6.974950E-02  4.30405E+00  2.9910E-01  2.2583E+03  1.3343E-01  2.2584E+03  0.000E+00  1.778E+01
7.002990E-02  4.18899E+00  3.0939E-01  2.3266E+03  1.3482E-01  2.3267E+03  0.000E+00  1.770E+01
7.038000E-02  4.22950E+00  5.0909E-01  3.8094E+03  1.3656E-01  3.8095E+03  0.000E+00  1.762E+01
7.045050E-02  4.23437E+00  5.1341E-01  3.8379E+03  1.3691E-01  3.8380E+03  0.000E+00  1.760E+01
7.150200E-02  4.18378E+00  5.8193E-01  4.2861E+03  1.4220E-01  4.2862E+03  0.000E+00  1.734E+01
7.401695E-02  3.89155E+00  7.7949E-01  5.5461E+03  1.5523E-01  5.5463E+03  0.000E+00  1.675E+01
7.912411E-02  3.19834E+00  1.3532E+00  9.0066E+03  1.8323E-01  9.0068E+03  0.000E+00  1.567E+01
8.458368E-02  2.50987E+00  2.1831E+00  1.3592E+04  2.1533E-01  1.3592E+04  0.000E+00  1.466E+01
9.041995E-02  1.91726E+00  3.2703E+00  1.9048E+04  2.5194E-01  1.9048E+04  0.000E+00  1.371E+01
9.665893E-02  1.50831E+00  4.5908E+00  2.5012E+04  2.9349E-01  2.5012E+04  0.000E+00  1.283E+01
1.033284E-01  1.35641E+00  6.0881E+00  3.1029E+04  3.4042E-01  3.1029E+04  0.000E+00  1.200E+01
1.104581E-01  1.50912E+00  7.6828E+00  3.6629E+04  3.9316E-01  3.6629E+04  0.000E+00  1.122E+01
1.180797E-01  1.98211E+00  9.2846E+00  4.1409E+04  4.5215E-01  4.1409E+04  0.000E+00  1.050E+01
1.262272E-01  2.75914E+00  1.0806E+01  4.5083E+04  5.1779E-01  4.5084E+04  0.000E+00  9.822E+00
1.349368E-01  3.79675E+00  1.2171E+01  4.7502E+04  5.9048E-01  4.7503E+04  0.000E+00  9.188E+00
1.442475E-01  5.03081E+00  1.3325E+01  4.8649E+04  6.7058E-01  4.8650E+04  0.000E+00  8.595E+00
1.542005E-01  6.38104E+00  1.4233E+01  4.8610E+04  7.5841E-01  4.8611E+04  0.000E+00  8.040E+00
1.648404E-01  7.74433E+00  1.4882E+01  4.7544E+04  8.5423E-01  4.7545E+04  0.000E+00  7.521E+00
1.762144E-01  8.90219E+00  1.5273E+01  4.5645E+04  9.5826E-01  4.5646E+04  0.000E+00  7.036E+00
1.778700E-01  8.99692E+00  1.5308E+01  4.5324E+04  9.7351E-01  4.5325E+04  0.000E+00  6.970E+00
1.805925E-01  8.93602E+00  1.5355E+01  4.4778E+04  9.9862E-01  4.4779E+04  0.000E+00  6.865E+00
1.813185E-01  8.59461E+00  1.5366E+01  4.4629E+04  1.0053E+00  4.4630E+04  0.000E+00  6.838E+00
1.824075E-01  9.11030E+00  1.6196E+01  4.6760E+04  1.0154E+00  4.6761E+04  0.000E+00  6.797E+00
1.851300E-01  9.71976E+00  1.6253E+01  4.6235E+04  1.0406E+00  4.6236E+04  0.000E+00  6.697E+00
1.855140E-01  9.77847E+00  1.6260E+01  4.6160E+04  1.0441E+00  4.6161E+04  0.000E+00  6.683E+00
1.883732E-01  1.00811E+01  1.6308E+01  4.5592E+04  1.0706E+00  4.5593E+04  0.000E+00  6.582E+00
1.891107E-01  1.00116E+01  1.6318E+01  4.5443E+04  1.0775E+00  4.5444E+04  0.000E+00  6.556E+00
1.902465E-01  1.03475E+01  1.6685E+01  4.6188E+04  1.0880E+00  4.6189E+04  0.000E+00  6.517E+00
1.930860E-01  1.08833E+01  1.6730E+01  4.5630E+04  1.1144E+00  4.5631E+04  0.000E+00  6.421E+00
2.013709E-01  1.20378E+01  1.6812E+01  4.3969E+04  1.1914E+00  4.3970E+04  0.000E+00  6.157E+00
2.152655E-01  1.36565E+01  1.6809E+01  4.1123E+04  1.3206E+00  4.1124E+04  0.000E+00  5.760E+00
2.301188E-01  1.51121E+01  1.6649E+01  3.8101E+04  1.4580E+00  3.8102E+04  0.000E+00  5.388E+00
2.459970E-01  1.63544E+01  1.6352E+01  3.5007E+04  1.6035E+00  3.5009E+04  0.000E+00  5.040E+00
2.513700E-01  1.66405E+01  1.6231E+01  3.4005E+04  1.6523E+00  3.4007E+04  0.000E+00  4.932E+00
2.552175E-01  1.66393E+01  1.6139E+01  3.3302E+04  1.6870E+00  3.3304E+04  0.000E+00  4.858E+00
2.562435E-01  1.63641E+01  1.6114E+01  3.3117E+04  1.6963E+00  3.3119E+04  0.000E+00  4.839E+00
2.577825E-01  1.68336E+01  1.6768E+01  3.4255E+04  1.7101E+00  3.4257E+04  0.000E+00  4.810E+00
2.616300E-01  1.74254E+01  1.6676E+01  3.3567E+04  1.7447E+00  3.3569E+04  0.000E+00  4.739E+00
2.629708E-01  1.75748E+01  1.6643E+01  3.3331E+04  1.7567E+00  3.3333E+04  0.000E+00  4.715E+00
2.811158E-01  1.91091E+01  1.6171E+01  3.0295E+04  1.9171E+00  3.0297E+04  0.000E+00  4.410E+00
3.005128E-01  2.03881E+01  1.5613E+01  2.7361E+04  2.0843E+00  2.7363E+04  0.000E+00  4.126E+00
3.212482E-01  2.15199E+01  1.4981E+01  2.4559E+04  2.2575E+00  2.4561E+04  0.000E+00  3.859E+00
3.434143E-01  2.25220E+01  1.4297E+01  2.1925E+04  2.4360E+00  2.1927E+04  0.000E+00  3.610E+00
3.671099E-01  2.34034E+01  1.3578E+01  1.9479E+04  2.6189E+00  1.9482E+04  0.000E+00  3.377E+00
3.924405E-01  2.41723E+01  1.2841E+01  1.7233E+04  2.8052E+00  1.7236E+04  0.000E+00  3.159E+00
4.195189E-01  2.48364E+01  1.2099E+01  1.5188E+04  2.9939E+00  1.5191E+04  0.000E+00  2.955E+00
4.484657E-01  2.54036E+01  1.1362E+01  1.3342E+04  3.1838E+00  1.3345E+04  0.000E+00  2.765E+00
4.794098E-01  2.58819E+01  1.0638E+01  1.1686E+04  3.3736E+00  1.1689E+04  0.000E+00  2.586E+00
5.124891E-01  2.62785E+01  9.9340E+00  1.0208E+04  3.5622E+00  1.0212E+04  0.000E+00  2.419E+00
5.478508E-01  2.66073E+01  9.2552E+00  8.8968E+03  3.7481E+00  8.9005E+03  0.000E+00  2.263E+00
5.856525E-01  2.68654E+01  8.6047E+00  7.7376E+03  3.9301E+00  7.7415E+03  0.000E+00  2.117E+00
6.260625E-01  2.70567E+01  7.9851E+00  6.7170E+03  4.1068E+00  6.7211E+03  0.000E+00  1.980E+00
6.692609E-01  2.71895E+01  7.3977E+00  5.8212E+03  4.2768E+00  5.8255E+03  0.000E+00  1.853E+00
7.154399E-01  2.72671E+01  6.8432E+00  5.0373E+03  4.4389E+00  5.0417E+03  0.000E+00  1.733E+00
7.648052E-01  2.72913E+01  6.3209E+00  4.3525E+03  4.5918E+00  4.3571E+03  0.000E+00  1.621E+00
8.175768E-01  2.72621E+01  5.8297E+00  3.7552E+03  4.7343E+00  3.7599E+03  0.000E+00  1.516E+00
8.739896E-01  2.71732E+01  5.3703E+00  3.2360E+03  4.8653E+00  3.2409E+03  0.000E+00  1.419E+00
9.342948E-01  2.70208E+01  4.9433E+00  2.7864E+03  4.9837E+00  2.7914E+03  0.000E+00  1.327E+00
9.987612E-01  2.67955E+01  4.5485E+00  2.3984E+03  5.0887E+00  2.4035E+03  0.000E+00  1.241E+00
1.067676E+00  2.65379E+01  4.1007E+00  2.0227E+03  5.1794E+00  2.0279E+03  0.000E+00  1.161E+00
1.141345E+00  2.60625E+01  3.6973E+00  1.7060E+03  5.2553E+00  1.7113E+03  0.000E+00  1.086E+00
1.220098E+00  2.53546E+01  3.3375E+00  1.4406E+03  5.3158E+00  1.4459E+03  0.000E+00  1.016E+00
1.304285E+00  2.42697E+01  3.0148E+00  1.2173E+03  5.3604E+00  1.2227E+03  0.000E+00  9.506E-01
1.394281E+00  2.23616E+01  2.7096E+00  1.0234E+03  5.3891E+00  1.0288E+03  0.000E+00  8.892E-01
1.490486E+00  1.73880E+01  2.4388E+00  8.6170E+02  5.4018E+00  8.6710E+02  0.000E+00  8.318E-01
1.518902E+00  1.32627E+01  2.3680E+00  8.2103E+02  5.4024E+00  8.2643E+02  0.000E+00  8.163E-01
1.542151E+00  2.54967E+00  2.3127E+00  7.8979E+02  5.4020E+00  7.9519E+02  0.000E+00  8.040E-01
1.548350E+00 -1.25724E+01  2.2984E+00  7.8175E+02  5.4018E+00  7.8715E+02  0.000E+00  8.008E-01
1.557650E+00  8.38204E+00  3.2040E+01  1.0832E+04  5.4013E+00  1.0837E+04  0.000E+00  7.960E-01
1.564080E+00  1.52813E+01  2.8654E+01  9.6481E+03  5.4009E+00  9.6535E+03  0.000E+00  7.927E-01
1.580898E+00  2.08769E+01  2.1543E+01  7.1765E+03  5.3996E+00  7.1819E+03  0.000E+00  7.843E-01
1.588020E+00  1.99057E+01  1.9154E+01  6.3519E+03  5.3989E+00  6.3573E+03  0.000E+00  7.807E-01
1.593329E+00  1.58089E+01  1.7570E+01  5.8073E+03  5.3984E+00  5.8127E+03  0.000E+00  7.781E-01
1.594404E+00  1.34461E+01  1.7268E+01  5.7038E+03  5.3983E+00  5.7092E+03  0.000E+00  7.776E-01
1.603980E+00  2.46085E+01  2.9439E+01  9.6657E+03  5.3972E+00  9.6711E+03  0.000E+00  7.730E-01
1.627920E+00  3.16957E+01  1.9982E+01  6.4643E+03  5.3939E+00  6.4697E+03  0.000E+00  7.616E-01
1.703269E+00  3.00793E+01  1.0728E+01  3.3169E+03  5.3792E+00  3.3223E+03  0.000E+00  7.279E-01
1.746360E+00  2.84143E+01  9.6168E+00  2.9001E+03  5.3680E+00  2.9055E+03  0.000E+00  7.100E-01
1.773090E+00  2.70566E+01  9.3298E+00  2.7711E+03  5.3602E+00  2.7765E+03  0.000E+00  6.993E-01
1.780218E+00  2.59804E+01  9.3007E+00  2.7514E+03  5.3580E+00  2.7568E+03  0.000E+00  6.965E-01
1.790910E+00  2.68223E+01  1.1188E+01  3.2899E+03  5.3546E+00  3.2953E+03  0.000E+00  6.923E-01
1.817640E+00  2.74439E+01  1.1146E+01  3.2293E+03  5.3457E+00  3.2346E+03  0.000E+00  6.821E-01
1.820795E+00  2.74745E+01  1.1145E+01  3.2237E+03  5.3446E+00  3.2290E+03  0.000E+00  6.809E-01
1.946430E+00  2.82847E+01  1.1661E+01  3.1549E+03  5.2951E+00  3.1602E+03  0.000E+00  6.370E-01
2.080733E+00  3.00857E+01  1.2118E+01  3.0671E+03  5.2312E+00  3.0723E+03  0.000E+00  5.959E-01
2.224304E+00  3.18836E+01  1.1439E+01  2.7085E+03  5.1538E+00  2.7137E+03  0.000E+00  5.574E-01
2.377781E+00  3.32153E+01  1.0367E+01  2.2960E+03  5.0635E+00  2.3011E+03  0.000E+00  5.214E-01
2.541848E+00  3.40528E+01  9.1757E+00  1.9011E+03  4.9614E+00  1.9061E+03  0.000E+00  4.878E-01
2.717235E+00  3.45094E+01  8.0913E+00  1.5682E+03  4.8483E+00  1.5730E+03  0.000E+00  4.563E-01
2.904724E+00  3.47478E+01  7.1979E+00  1.3050E+03  4.7253E+00  1.3097E+03  0.000E+00  4.268E-01
3.105150E+00  3.50325E+01  6.4647E+00  1.0964E+03  4.5935E+00  1.1010E+03  0.000E+00  3.993E-01
3.319406E+00  3.52142E+01  5.7725E+00  9.1582E+02  4.4539E+00  9.2027E+02  0.000E+00  3.735E-01
3.548445E+00  3.52801E+01  5.1518E+00  7.6459E+02  4.3078E+00  7.6890E+02  0.000E+00  3.494E-01
3.793288E+00  3.53412E+01  4.5847E+00  6.3651E+02  4.1561E+00  6.4067E+02  0.000E+00  3.269E-01
4.055024E+00  3.53219E+01  4.0825E+00  5.3021E+02  4.0000E+00  5.3421E+02  0.000E+00  3.058E-01
4.334821E+00  3.52768E+01  3.6386E+00  4.4205E+02  3.8406E+00  4.4589E+02  0.000E+00  2.860E-01
4.633924E+00  3.52144E+01  3.2457E+00  3.6887E+02  3.6789E+00  3.7255E+02  0.000E+00  2.676E-01
4.953664E+00  3.51403E+01  2.8973E+00  3.0802E+02  3.5159E+00  3.1154E+02  0.000E+00  2.503E-01
5.295467E+00  3.50582E+01  2.5878E+00  2.5736E+02  3.3526E+00  2.6071E+02  0.000E+00  2.341E-01
5.660855E+00  3.49709E+01  2.3135E+00  2.1522E+02  3.1899E+00  2.1841E+02  0.000E+00  2.190E-01
6.051453E+00  3.48805E+01  2.0700E+00  1.8015E+02  3.0285E+00  1.8318E+02  0.000E+00  2.049E-01
6.469004E+00  3.47887E+01  1.8539E+00  1.5092E+02  2.8693E+00  1.5379E+02  0.000E+00  1.917E-01
6.915365E+00  3.46965E+01  1.6587E+00  1.2632E+02  2.7129E+00  1.2903E+02  0.000E+00  1.793E-01
7.392525E+00  3.45988E+01  1.4787E+00  1.0534E+02  2.5600E+00  1.0790E+02  0.000E+00  1.677E-01
7.902609E+00  3.44956E+01  1.3179E+00  8.7827E+01  2.4110E+00  9.0238E+01  0.000E+00  1.569E-01
8.447890E+00  3.43844E+01  1.1723E+00  7.3078E+01  2.2666E+00  7.5345E+01  0.000E+00  1.468E-01
9.030794E+00  3.42667E+01  1.0403E+00  6.0665E+01  2.1270E+00  6.2792E+01  0.000E+00  1.373E-01
9.653919E+00  3.41242E+01  9.1328E-01  4.9821E+01  1.9926E+00  5.1814E+01  0.000E+00  1.284E-01
1.032004E+01  3.39494E+01  8.0257E-01  4.0956E+01  1.8636E+00  4.2820E+01  0.000E+00  1.201E-01
1.103212E+01  3.37255E+01  7.0596E-01  3.3700E+01  1.7403E+00  3.5440E+01  0.000E+00  1.124E-01
1.179334E+01  3.34058E+01  6.2158E-01  2.7757E+01  1.6228E+00  2.9380E+01  0.000E+00  1.051E-01
1.260708E+01  3.28304E+01  5.4782E-01  2.2884E+01  1.5112E+00  2.4395E+01  0.000E+00  9.834E-02
1.320423E+01  3.17466E+01  5.0214E-01  2.0027E+01  1.4372E+00  2.1464E+01  0.000E+00  9.390E-02
1.340633E+01  3.03664E+01  4.8804E-01  1.9172E+01  1.4136E+00  2.0586E+01  0.000E+00  9.248E-02
1.346023E+01  2.87000E+01  4.8439E-01  1.8952E+01  1.4074E+00  2.0359E+01  0.000E+00  9.211E-02
1.347697E+01  2.71626E+01  3.8023E+00  1.4858E+02  1.4055E+00  1.4999E+02  1.297E+02  9.200E-02
1.354107E+01  3.04042E+01  3.7655E+00  1.4645E+02  1.3982E+00  1.4785E+02  1.278E+02  9.156E-02
1.374317E+01  3.19450E+01  3.6529E+00  1.3998E+02  1.3756E+00  1.4136E+02  1.221E+02  9.022E-02
1.440688E+01  3.33364E+01  3.3331E+00  1.2184E+02  1.3056E+00  1.2315E+02  1.062E+02  8.606E-02
1.540095E+01  3.41052E+01  2.9803E+00  1.0191E+02  1.2116E+00  1.0312E+02  8.901E+01  8.050E-02
1.646362E+01  3.45298E+01  2.6831E+00  8.5828E+01  1.1234E+00  8.6951E+01  7.516E+01  7.531E-02
1.759961E+01  3.48171E+01  2.4201E+00  7.2416E+01  1.0407E+00  7.3457E+01  6.358E+01  7.045E-02
1.881398E+01  3.50169E+01  2.1650E+00  6.0601E+01  9.6345E-01  6.1564E+01  5.327E+01  6.590E-02
2.011215E+01  3.51527E+01  1.9335E+00  5.0630E+01  8.9149E-01  5.1521E+01  4.455E+01  6.165E-02
2.149988E+01  3.52451E+01  1.7246E+00  4.2244E+01  8.2461E-01  4.3069E+01  3.719E+01  5.767E-02
2.298338E+01  3.53066E+01  1.5372E+00  3.5223E+01  7.6258E-01  3.5986E+01  3.102E+01  5.395E-02
2.456923E+01  3.53461E+01  1.3700E+00  2.9365E+01  7.0519E-01  3.0070E+01  2.587E+01  5.046E-02
2.626450E+01  3.53706E+01  1.2213E+00  2.4489E+01  6.5219E-01  2.5141E+01  2.158E+01  4.721E-02
2.807676E+01  3.54243E+01  1.0819E+00  2.0294E+01  6.0336E-01  2.0897E+01  1.790E+01  4.416E-02
3.001405E+01  3.54242E+01  9.5548E-01  1.6765E+01  5.5846E-01  1.7323E+01  1.479E+01  4.131E-02
3.208502E+01  3.54156E+01  8.4388E-01  1.3851E+01  5.1724E-01  1.4368E+01  1.223E+01  3.864E-02
3.429889E+01  3.54016E+01  7.4531E-01  1.1444E+01  4.7946E-01  1.1923E+01  1.011E+01  3.615E-02
3.666551E+01  3.53841E+01  6.5825E-01  9.4547E+00  4.4490E-01  9.8996E+00  8.356E+00  3.381E-02
3.919543E+01  3.53646E+01  5.8121E-01  7.8092E+00  4.1333E-01  8.2225E+00  6.907E+00  3.163E-02
4.189992E+01  3.53438E+01  5.1301E-01  6.4479E+00  3.8452E-01  6.8324E+00  5.710E+00  2.959E-02
4.479101E+01  3.53225E+01  4.5284E-01  5.3244E+00  3.5827E-01  5.6827E+00  4.720E+00  2.768E-02
4.788159E+01  3.53012E+01  3.9976E-01  4.3969E+00  3.3436E-01  4.7313E+00  3.902E+00  2.589E-02
5.118542E+01  3.52804E+01  3.5293E-01  3.6312E+00  3.1262E-01  3.9438E+00  3.225E+00  2.422E-02
5.471721E+01  3.52604E+01  3.1159E-01  2.9990E+00  2.9285E-01  3.2918E+00  2.666E+00  2.266E-02
5.849270E+01  3.52416E+01  2.7507E-01  2.4766E+00  2.7489E-01  2.7515E+00  2.203E+00  2.120E-02
6.252870E+01  3.52234E+01  2.4139E-01  2.0331E+00  2.5856E-01  2.2917E+00  1.809E+00  1.983E-02
6.684318E+01  3.52057E+01  2.1184E-01  1.6690E+00  2.4373E-01  1.9127E+00  1.485E+00  1.855E-02
7.145536E+01  3.51888E+01  1.8592E-01  1.3702E+00  2.3024E-01  1.6004E+00  1.219E+00  1.735E-02
7.638578E+01  3.51728E+01  1.6317E-01  1.1250E+00  2.1798E-01  1.3430E+00  1.001E+00  1.623E-02
8.165640E+01  3.51580E+01  1.4307E-01  9.2273E-01  2.0681E-01  1.1295E+00  8.205E-01  1.518E-02
8.729069E+01  3.51442E+01  1.2516E-01  7.5510E-01  1.9663E-01  9.5173E-01  6.711E-01  1.420E-02
9.331374E+01  3.51312E+01  1.0949E-01  6.1795E-01  1.8733E-01  8.0528E-01  5.490E-01  1.329E-02
9.975239E+01  3.51191E+01  9.5793E-02  5.0573E-01  1.7882E-01  6.8455E-01  4.490E-01  1.243E-02
1.066353E+02  3.51080E+01  8.3810E-02  4.1391E-01  1.7102E-01  5.8493E-01  3.673E-01  1.163E-02
1.139931E+02  3.50977E+01  7.3328E-02  3.3877E-01  1.6385E-01  5.0262E-01  3.004E-01  1.088E-02
1.218587E+02  3.50883E+01  6.4159E-02  2.7728E-01  1.5724E-01  4.3452E-01  2.457E-01  1.017E-02
1.302669E+02  3.50798E+01  5.6139E-02  2.2696E-01  1.5113E-01  3.7809E-01  2.010E-01  9.518E-03
1.392553E+02  3.50719E+01  4.9123E-02  1.8578E-01  1.4546E-01  3.3124E-01  1.644E-01  8.903E-03
1.488640E+02  3.50648E+01  4.2986E-02  1.5207E-01  1.4017E-01  2.9224E-01  1.345E-01  8.329E-03
1.591356E+02  3.50583E+01  3.7616E-02  1.2449E-01  1.3524E-01  2.5973E-01  1.100E-01  7.791E-03
1.701159E+02  3.50524E+01  3.2918E-02  1.0191E-01  1.3061E-01  2.3252E-01  8.996E-02  7.288E-03
1.818539E+02  3.50471E+01  2.8808E-02  8.3427E-02  1.2625E-01  2.0968E-01  7.358E-02  6.818E-03
1.944018E+02  3.50423E+01  2.5212E-02  6.8300E-02  1.2212E-01  1.9042E-01  6.018E-02  6.378E-03
2.078156E+02  3.50380E+01  2.2066E-02  5.5917E-02  1.1821E-01  1.7413E-01  4.923E-02  5.966E-03
2.221548E+02  3.50340E+01  1.9312E-02  4.5781E-02  1.1449E-01  1.6027E-01  4.026E-02  5.581E-03
2.374835E+02  3.50305E+01  1.6903E-02  3.7483E-02  1.1094E-01  1.4842E-01  3.293E-02  5.221E-03
2.538699E+02  3.50273E+01  1.4795E-02  3.0691E-02  1.0753E-01  1.3822E-01  2.694E-02  4.884E-03
2.713869E+02  3.50245E+01  1.2950E-02  2.5129E-02  1.0425E-01  1.2938E-01  2.203E-02  4.569E-03
2.901126E+02  3.50219E+01  1.1335E-02  2.0576E-02  1.0110E-01  1.2168E-01  1.802E-02  4.274E-03
3.101304E+02  3.50196E+01  9.9222E-03  1.6849E-02  9.8048E-02  1.1490E-01  1.474E-02  3.998E-03
3.315294E+02  3.50175E+01  8.6856E-03  1.3797E-02  9.5096E-02  1.0889E-01  1.206E-02  3.740E-03
3.544049E+02  3.50156E+01  7.6033E-03  1.1298E-02  9.2234E-02  1.0353E-01  9.862E-03  3.498E-03
3.788588E+02  3.50139E+01  6.6560E-03  9.2522E-03  8.9454E-02  9.8706E-02  8.066E-03  3.273E-03
4.050001E+02  3.50124E+01  5.8269E-03  7.5770E-03  8.6749E-02  9.4326E-02  6.598E-03  3.061E-03
4.329451E+02  3.50111E+01  5.1012E-03  6.2052E-03  8.4116E-02  9.0321E-02  5.397E-03  2.864E-03
