
   Nd:    Z = 60;   Atomic weight = 144.2400 g/mol ;    nominal density:   [INLINE] = 6.9940E+00 g/cm3
          µa(barns/atom) = µ(cm2/g)  ×  2.39516E+02
          E(eV) µ(cm2/g) = f2(e/atom)  ×  2.91738E+05
          18 edges. Edge energies (keV):
          

  K      4.35689E+01  L I    7.12600E+00  L II   6.72150E+00  L III  6.20790E+00
  M I    1.57530E+00  M II   1.40280E+00  M III  1.29740E+00  M IV   9.99500E-01
  M V    9.77700E-01  N I    3.15200E-01  N II   2.43300E-01  N III  2.24600E-01
  N IV   1.17500E-01  N V    1.17500E-01  N VI   3.00000E-03  O I    3.75000E-02
  O II   2.11000E-02  O III  2.11000E-02

          Relativistic correction estimate frel (H82,3/5CL) = -8.4384E-01, -5.1240E-01 e/atom
          Nuclear Thomson correction fNT = -1.3692E-02 e/atom
     _________________________________________________________________________________________________________
   
   Form Factors, Attenuation and Scattering Cross-sections
   Z=60, E = 0.001 - 1000 keV

                                                              Attenuation
     E         f1            f2          µ           [INLINE] (coh+inc) Coefficient    µK       wavelength
     keV       e/atom       e/atom      cm2/g       cm2/g      cm2/g          cm2/g        nm

1.069000E-02  1.48440E+01  2.7095E-01  7.3944E+03  1.9096E-04  7.3944E+03  0.000E+00  1.160E+02
1.142761E-02  1.47192E+01  3.0133E-01  7.6926E+03  2.5994E-04  7.6926E+03  0.000E+00  1.085E+02
1.221612E-02  1.45682E+01  3.3573E-01  8.0178E+03  3.5200E-04  8.0178E+03  0.000E+00  1.015E+02
1.305903E-02  1.43830E+01  3.7466E-01  8.3698E+03  4.7420E-04  8.3698E+03  0.000E+00  9.494E+01
1.396010E-02  1.41508E+01  4.1861E-01  8.7480E+03  6.3555E-04  8.7480E+03  0.000E+00  8.881E+01
1.492335E-02  1.38515E+01  4.6815E-01  9.1520E+03  8.4745E-04  9.1520E+03  0.000E+00  8.308E+01
1.595306E-02  1.34503E+01  5.2390E-01  9.5806E+03  1.1243E-03  9.5806E+03  0.000E+00  7.772E+01
1.705382E-02  1.28793E+01  5.8645E-01  1.0032E+04  1.4840E-03  1.0032E+04  0.000E+00  7.270E+01
1.823053E-02  1.19837E+01  6.5646E-01  1.0505E+04  1.9489E-03  1.0505E+04  0.000E+00  6.801E+01
1.948844E-02  1.02794E+01  7.3456E-01  1.0996E+04  2.5468E-03  1.0996E+04  0.000E+00  6.362E+01
2.067800E-02  5.53421E+00  8.1122E-01  1.1445E+04  3.2163E-03  1.1445E+04  0.000E+00  5.996E+01
2.083314E-02  3.72966E+00  8.2140E-01  1.1502E+04  3.3115E-03  1.1502E+04  0.000E+00  5.951E+01
2.099450E-02 -9.60247E-02  8.3203E-01  1.1562E+04  3.4125E-03  1.1562E+04  0.000E+00  5.906E+01
2.107890E-02 -7.02935E+00  8.3761E-01  1.1593E+04  3.4661E-03  1.1593E+04  0.000E+00  5.882E+01
2.120550E-02  4.43496E-01  1.4593E+01  2.0077E+05  3.5476E-03  2.0077E+05  0.000E+00  5.847E+01
2.152200E-02  7.05288E+00  1.4087E+01  1.9096E+05  3.7570E-03  1.9096E+05  0.000E+00  5.761E+01
2.227063E-02  1.21512E+01  1.2999E+01  1.7028E+05  4.2846E-03  1.7028E+05  0.000E+00  5.567E+01
2.380730E-02  1.62683E+01  1.1145E+01  1.3657E+05  5.5164E-03  1.3657E+05  0.000E+00  5.208E+01
2.545001E-02  1.82917E+01  9.4814E+00  1.0869E+05  7.0679E-03  1.0869E+05  0.000E+00  4.872E+01
2.720606E-02  1.93604E+01  8.0415E+00  8.6231E+04  9.0117E-03  8.6231E+04  0.000E+00  4.557E+01
2.908327E-02  1.98867E+01  6.8589E+00  6.8802E+04  1.1435E-02  6.8802E+04  0.000E+00  4.263E+01
3.109002E-02  2.00933E+01  5.9286E+00  5.5632E+04  1.4440E-02  5.5632E+04  0.000E+00  3.988E+01
3.323523E-02  2.01157E+01  5.2254E+00  4.5868E+04  1.8148E-02  4.5868E+04  0.000E+00  3.731E+01
3.552846E-02  2.00381E+01  4.7161E+00  3.8726E+04  2.2701E-02  3.8726E+04  0.000E+00  3.490E+01
3.675000E-02  1.99757E+01  4.5213E+00  3.5892E+04  2.5382E-02  3.5892E+04  0.000E+00  3.374E+01
3.731250E-02  1.99387E+01  4.4460E+00  3.4762E+04  2.6677E-02  3.4762E+04  0.000E+00  3.323E+01
3.746250E-02  1.99204E+01  4.4273E+00  3.4478E+04  2.7029E-02  3.4478E+04  0.000E+00  3.310E+01
3.768750E-02  1.99195E+01  4.4216E+00  3.4227E+04  2.7561E-02  3.4227E+04  0.000E+00  3.290E+01
3.797993E-02  1.99111E+01  4.3890E+00  3.3714E+04  2.8263E-02  3.3714E+04  0.000E+00  3.264E+01
3.825000E-02  1.99006E+01  4.3607E+00  3.3260E+04  2.8921E-02  3.3260E+04  0.000E+00  3.241E+01
4.060054E-02  1.97994E+01  4.1768E+00  3.0012E+04  3.5024E-02  3.0012E+04  0.000E+00  3.054E+01
4.340198E-02  1.96963E+01  4.0705E+00  2.7361E+04  4.3200E-02  2.7361E+04  0.000E+00  2.857E+01
4.639671E-02  1.96222E+01  4.0486E+00  2.5457E+04  5.3039E-02  2.5457E+04  0.000E+00  2.672E+01
4.959809E-02  1.95881E+01  4.0943E+00  2.4083E+04  6.4822E-02  2.4083E+04  0.000E+00  2.500E+01
5.302035E-02  1.96043E+01  4.1942E+00  2.3078E+04  7.8863E-02  2.3078E+04  0.000E+00  2.338E+01
5.667876E-02  1.96841E+01  4.3227E+00  2.2250E+04  9.5512E-02  2.2250E+04  0.000E+00  2.187E+01
6.058959E-02  1.97918E+01  4.3219E+00  2.0810E+04  1.1516E-01  2.0810E+04  0.000E+00  2.046E+01
6.477028E-02  1.99005E+01  4.3249E+00  1.9480E+04  1.3822E-01  1.9480E+04  0.000E+00  1.914E+01
6.923942E-02  1.99804E+01  4.3260E+00  1.8227E+04  1.6518E-01  1.8227E+04  0.000E+00  1.791E+01
7.401695E-02  2.00357E+01  4.3208E+00  1.7031E+04  1.9653E-01  1.7031E+04  0.000E+00  1.675E+01
7.912411E-02  2.00504E+01  4.3063E+00  1.5878E+04  2.3280E-01  1.5878E+04  0.000E+00  1.567E+01
8.458368E-02  1.99983E+01  4.2801E+00  1.4763E+04  2.7457E-01  1.4763E+04  0.000E+00  1.466E+01
9.041995E-02  1.98321E+01  4.2412E+00  1.3684E+04  3.2245E-01  1.3684E+04  0.000E+00  1.371E+01
9.665893E-02  1.94554E+01  4.1888E+00  1.2643E+04  3.7707E-01  1.2643E+04  0.000E+00  1.283E+01
1.033284E-01  1.86179E+01  4.1227E+00  1.1640E+04  4.3906E-01  1.1640E+04  0.000E+00  1.200E+01
1.104581E-01  1.63228E+01  4.0431E+00  1.0678E+04  5.0909E-01  1.0679E+04  0.000E+00  1.122E+01
1.151500E-01  1.08584E+01  3.9868E+00  1.0101E+04  5.5712E-01  1.0102E+04  0.000E+00  1.077E+01
1.169125E-01  1.31965E+00  3.9651E+00  9.8943E+03  5.7553E-01  9.8949E+03  0.000E+00  1.060E+01
1.173825E-01 -1.19843E+01  3.9593E+00  9.8402E+03  5.8047E-01  9.8408E+03  0.000E+00  1.056E+01
1.180797E-01  5.11961E+00  3.0904E+01  7.6354E+04  5.8783E-01  7.6355E+04  0.000E+00  1.050E+01
1.180875E-01  5.25916E+00  3.0878E+01  7.6286E+04  5.8791E-01  7.6287E+04  0.000E+00  1.050E+01
1.198500E-01  1.96923E+01  2.5752E+01  6.2686E+04  6.0665E-01  6.2687E+04  0.000E+00  1.034E+01
1.262272E-01  2.88455E+01  1.4307E+01  3.3067E+04  6.7594E-01  3.3068E+04  0.000E+00  9.822E+00
1.349368E-01  2.83898E+01  8.0427E+00  1.7389E+04  7.7405E-01  1.7390E+04  0.000E+00  9.188E+00
1.442475E-01  2.70569E+01  5.8952E+00  1.1923E+04  8.8278E-01  1.1924E+04  0.000E+00  8.595E+00
1.542005E-01  2.61421E+01  4.9868E+00  9.4348E+03  1.0027E+00  9.4358E+03  0.000E+00  8.040E+00
1.648404E-01  2.55119E+01  4.5231E+00  8.0051E+03  1.1343E+00  8.0062E+03  0.000E+00  7.521E+00
1.762144E-01  2.50299E+01  4.2565E+00  7.0470E+03  1.2781E+00  7.0483E+03  0.000E+00  7.036E+00
1.883732E-01  2.46076E+01  4.0991E+00  6.3484E+03  1.4344E+00  6.3498E+03  0.000E+00  6.582E+00
2.013709E-01  2.41738E+01  4.0177E+00  5.8207E+03  1.6035E+00  5.8223E+03  0.000E+00  6.157E+00
2.152655E-01  2.35954E+01  4.0005E+00  5.4216E+03  1.7855E+00  5.4234E+03  0.000E+00  5.760E+00
2.201080E-01  2.32599E+01  4.0083E+00  5.3128E+03  1.8491E+00  5.3146E+03  0.000E+00  5.633E+00
2.234770E-01  2.27420E+01  4.0175E+00  5.2447E+03  1.8934E+00  5.2466E+03  0.000E+00  5.548E+00
2.243754E-01  2.22063E+01  4.0205E+00  5.2275E+03  1.9052E+00  5.2294E+03  0.000E+00  5.526E+00
2.257230E-01  2.26865E+01  5.0321E+00  6.5038E+03  1.9229E+00  6.5057E+03  0.000E+00  5.493E+00
2.290920E-01  2.30505E+01  5.0579E+00  6.4410E+03  1.9671E+00  6.4430E+03  0.000E+00  5.412E+00
2.301188E-01  2.30922E+01  5.0663E+00  6.4229E+03  1.9805E+00  6.4249E+03  0.000E+00  5.388E+00
2.384340E-01  2.31601E+01  5.1428E+00  6.2926E+03  2.0895E+00  6.2947E+03  0.000E+00  5.200E+00
2.420835E-01  2.30404E+01  5.1810E+00  6.2437E+03  2.1373E+00  6.2458E+03  0.000E+00  5.122E+00
2.430567E-01  2.28763E+01  5.1916E+00  6.2314E+03  2.1500E+00  6.2336E+03  0.000E+00  5.101E+00
2.445165E-01  2.30485E+01  5.5371E+00  6.6065E+03  2.1691E+00  6.6087E+03  0.000E+00  5.071E+00
2.459970E-01  2.31354E+01  5.5559E+00  6.5889E+03  2.1884E+00  6.5911E+03  0.000E+00  5.040E+00
2.481660E-01  2.32014E+01  5.5840E+00  6.5644E+03  2.2167E+00  6.5666E+03  0.000E+00  4.996E+00
2.629708E-01  2.33495E+01  5.7938E+00  6.4276E+03  2.4089E+00  6.4300E+03  0.000E+00  4.715E+00
2.811158E-01  2.33965E+01  6.0823E+00  6.3121E+03  2.6415E+00  6.3147E+03  0.000E+00  4.410E+00
3.005128E-01  2.33813E+01  6.4105E+00  6.2233E+03  2.8858E+00  6.2262E+03  0.000E+00  4.126E+00
3.088960E-01  2.33017E+01  6.5538E+00  6.1898E+03  2.9898E+00  6.1928E+03  0.000E+00  4.014E+00
3.136240E-01  2.31078E+01  6.6343E+00  6.1713E+03  3.0479E+00  6.1743E+03  0.000E+00  3.953E+00
3.148848E-01  2.28508E+01  6.6556E+00  6.1664E+03  3.0634E+00  6.1695E+03  0.000E+00  3.937E+00
3.167760E-01  2.31314E+01  7.2086E+00  6.6388E+03  3.0865E+00  6.6419E+03  0.000E+00  3.914E+00
3.212482E-01  2.33907E+01  7.2869E+00  6.6175E+03  3.1410E+00  6.6206E+03  0.000E+00  3.859E+00
3.215040E-01  2.33998E+01  7.2913E+00  6.6163E+03  3.1441E+00  6.6194E+03  0.000E+00  3.856E+00
3.434143E-01  2.38604E+01  7.6594E+00  6.5068E+03  3.4061E+00  6.5102E+03  0.000E+00  3.610E+00
3.671099E-01  2.42347E+01  8.0150E+00  6.3694E+03  3.6801E+00  6.3731E+03  0.000E+00  3.377E+00
3.924405E-01  2.46214E+01  8.3308E+00  6.1931E+03  3.9617E+00  6.1971E+03  0.000E+00  3.159E+00
4.195189E-01  2.50200E+01  8.5880E+00  5.9722E+03  4.2495E+00  5.9764E+03  0.000E+00  2.955E+00
4.484657E-01  2.54131E+01  8.7743E+00  5.7079E+03  4.5421E+00  5.7124E+03  0.000E+00  2.765E+00
4.794098E-01  2.57761E+01  8.8816E+00  5.4048E+03  4.8376E+00  5.4096E+03  0.000E+00  2.586E+00
5.124891E-01  2.60742E+01  8.8978E+00  5.0651E+03  5.1343E+00  5.0702E+03  0.000E+00  2.419E+00
5.478508E-01  2.62611E+01  8.8269E+00  4.7005E+03  5.4302E+00  4.7059E+03  0.000E+00  2.263E+00
5.856525E-01  2.62884E+01  8.6816E+00  4.3247E+03  5.7235E+00  4.3304E+03  0.000E+00  2.117E+00
6.260625E-01  2.60990E+01  8.4761E+00  3.9498E+03  6.0121E+00  3.9558E+03  0.000E+00  1.980E+00
6.692609E-01  2.56151E+01  8.2249E+00  3.5853E+03  6.2938E+00  3.5916E+03  0.000E+00  1.853E+00
7.154399E-01  2.47143E+01  7.9413E+00  3.2383E+03  6.5667E+00  3.2449E+03  0.000E+00  1.733E+00
7.648052E-01  2.31786E+01  7.6364E+00  2.9129E+03  6.8288E+00  2.9197E+03  0.000E+00  1.621E+00
8.175768E-01  2.05409E+01  7.3201E+00  2.6121E+03  7.0779E+00  2.6192E+03  0.000E+00  1.516E+00
8.739896E-01  1.55892E+01  7.0000E+00  2.3366E+03  7.3123E+00  2.3439E+03  0.000E+00  1.419E+00
9.342948E-01  3.38758E+00  6.6813E+00  2.0863E+03  7.5301E+00  2.0938E+03  0.000E+00  1.327E+00
9.581460E-01 -8.54153E+00  6.5622E+00  1.9981E+03  7.6077E+00  2.0057E+03  0.000E+00  1.294E+00
9.728115E-01 -2.57248E+01  6.4909E+00  1.9466E+03  7.6532E+00  1.9543E+03  0.000E+00  1.274E+00
9.767223E-01 -3.93461E+01  6.4722E+00  1.9332E+03  7.6650E+00  1.9409E+03  0.000E+00  1.269E+00
9.795100E-01 -3.84628E+01  2.6214E+01  7.8077E+03  7.6734E+00  7.8154E+03  0.000E+00  1.266E+00
9.825885E-01 -3.63562E+01  2.6089E+01  7.7460E+03  7.6826E+00  7.7537E+03  0.000E+00  1.262E+00
9.945025E-01 -6.63744E+01  2.5614E+01  7.5138E+03  7.7174E+00  7.5215E+03  0.000E+00  1.247E+00
9.972540E-01 -9.58005E+01  2.5506E+01  7.4615E+03  7.7253E+00  7.4692E+03  0.000E+00  1.243E+00
9.987612E-01 -1.42632E+02  2.5447E+01  7.4331E+03  7.7296E+00  7.4408E+03  0.000E+00  1.241E+00
1.004497E+00 -3.26744E+01  1.5528E+02  4.5097E+04  7.7458E+00  4.5105E+04  0.000E+00  1.234E+00
1.019490E+00  3.93357E+01  1.1181E+02  3.1995E+04  7.7871E+00  3.2003E+04  0.000E+00  1.216E+00
1.067676E+00  6.15155E+01  4.7969E+01  1.3107E+04  7.9093E+00  1.3115E+04  0.000E+00  1.161E+00
1.141345E+00  5.02612E+01  2.8104E+01  7.1835E+03  8.0679E+00  7.1916E+03  0.000E+00  1.086E+00
1.220098E+00  4.62002E+01  2.3403E+01  5.5958E+03  8.2042E+00  5.6040E+03  0.000E+00  1.016E+00
1.271452E+00  4.36441E+01  2.1842E+01  5.0116E+03  8.2768E+00  5.0199E+03  0.000E+00  9.751E-01
1.290913E+00  4.15223E+01  2.1423E+01  4.8414E+03  8.3012E+00  4.8497E+03  0.000E+00  9.604E-01
1.296103E+00  3.92314E+01  2.1318E+01  4.7984E+03  8.3075E+00  4.8067E+03  0.000E+00  9.566E-01
1.304285E+00  4.15002E+01  2.5540E+01  5.7128E+03  8.3171E+00  5.7211E+03  0.000E+00  9.506E-01
1.323348E+00  4.32461E+01  2.5034E+01  5.5189E+03  8.3385E+00  5.5272E+03  0.000E+00  9.369E-01
1.374744E+00  4.40531E+01  2.3896E+01  5.0711E+03  8.3893E+00  5.0795E+03  0.000E+00  9.019E-01
1.394281E+00  4.36492E+01  2.3578E+01  4.9334E+03  8.4060E+00  4.9418E+03  0.000E+00  8.892E-01
1.395786E+00  4.35570E+01  2.3555E+01  4.9233E+03  8.4073E+00  4.9317E+03  0.000E+00  8.883E-01
1.401397E+00  4.26964E+01  2.3470E+01  4.8860E+03  8.4118E+00  4.8944E+03  0.000E+00  8.847E-01
1.409814E+00  4.37296E+01  2.5170E+01  5.2085E+03  8.4184E+00  5.2169E+03  0.000E+00  8.794E-01
1.430856E+00  4.47830E+01  2.4829E+01  5.0624E+03  8.4340E+00  5.0708E+03  0.000E+00  8.665E-01
1.490486E+00  4.59104E+01  2.4050E+01  4.7074E+03  8.4704E+00  4.7159E+03  0.000E+00  8.318E-01
1.543794E+00  4.64029E+01  2.3566E+01  4.4535E+03  8.4943E+00  4.4620E+03  0.000E+00  8.031E-01
1.567423E+00  4.62583E+01  2.3389E+01  4.3533E+03  8.5025E+00  4.3618E+03  0.000E+00  7.910E-01
1.573725E+00  4.57586E+01  2.3345E+01  4.3277E+03  8.5044E+00  4.3362E+03  0.000E+00  7.878E-01
1.583176E+00  4.65031E+01  2.4450E+01  4.5055E+03  8.5071E+00  4.5140E+03  0.000E+00  7.831E-01
1.593329E+00  4.69769E+01  2.4378E+01  4.4637E+03  8.5098E+00  4.4722E+03  0.000E+00  7.781E-01
1.606806E+00  4.74058E+01  2.4287E+01  4.4097E+03  8.5130E+00  4.4182E+03  0.000E+00  7.716E-01
1.703269E+00  4.97003E+01  2.3551E+01  4.0338E+03  8.5243E+00  4.0423E+03  0.000E+00  7.279E-01
1.820795E+00  5.16993E+01  2.1859E+01  3.5024E+03  8.5140E+00  3.5109E+03  0.000E+00  6.809E-01
1.946430E+00  5.31533E+01  2.0106E+01  3.0136E+03  8.4792E+00  3.0221E+03  0.000E+00  6.370E-01
2.080733E+00  5.42178E+01  1.8387E+01  2.5780E+03  8.4205E+00  2.5864E+03  0.000E+00  5.959E-01
2.224304E+00  5.49753E+01  1.6744E+01  2.1961E+03  8.3387E+00  2.2044E+03  0.000E+00  5.574E-01
2.377781E+00  5.54880E+01  1.5202E+01  1.8652E+03  8.2347E+00  1.8734E+03  0.000E+00  5.214E-01
2.541848E+00  5.58218E+01  1.3815E+01  1.5856E+03  8.1097E+00  1.5937E+03  0.000E+00  4.878E-01
2.717235E+00  5.61458E+01  1.2562E+01  1.3488E+03  7.9648E+00  1.3568E+03  0.000E+00  4.563E-01
2.904724E+00  5.63486E+01  1.1437E+01  1.1486E+03  7.8016E+00  1.1564E+03  0.000E+00  4.268E-01
3.105150E+00  5.65072E+01  1.0350E+01  9.7243E+02  7.6215E+00  9.8005E+02  0.000E+00  3.993E-01
3.319406E+00  5.64758E+01  9.3078E+00  8.1805E+02  7.4260E+00  8.2548E+02  0.000E+00  3.735E-01
3.548445E+00  5.63386E+01  8.3805E+00  6.8901E+02  7.2168E+00  6.9623E+02  0.000E+00  3.494E-01
3.793288E+00  5.61380E+01  7.5560E+00  5.8112E+02  6.9957E+00  5.8812E+02  0.000E+00  3.269E-01
4.055024E+00  5.58798E+01  6.8021E+00  4.8938E+02  6.7643E+00  4.9614E+02  0.000E+00  3.058E-01
4.334821E+00  5.55364E+01  6.1071E+00  4.1102E+02  6.5244E+00  4.1754E+02  0.000E+00  2.860E-01
4.633924E+00  5.50956E+01  5.4906E+00  3.4567E+02  6.2776E+00  3.5195E+02  0.000E+00  2.676E-01
4.953664E+00  5.45257E+01  4.9438E+00  2.9116E+02  6.0255E+00  2.9719E+02  0.000E+00  2.503E-01
5.295467E+00  5.37453E+01  4.4599E+00  2.4570E+02  5.7700E+00  2.5147E+02  0.000E+00  2.341E-01
5.660855E+00  5.25236E+01  4.0284E+00  2.0761E+02  5.5123E+00  2.1312E+02  0.000E+00  2.190E-01
6.051453E+00  4.96236E+01  3.6265E+00  1.7483E+02  5.2541E+00  1.8008E+02  0.000E+00  2.049E-01
6.083742E+00  4.90992E+01  3.5963E+00  1.7246E+02  5.2336E+00  1.7769E+02  0.000E+00  2.038E-01
6.176861E+00  4.59862E+01  3.5094E+00  1.6575E+02  5.1749E+00  1.7092E+02  0.000E+00  2.007E-01
6.201692E+00  4.23756E+01  3.4869E+00  1.6403E+02  5.1594E+00  1.6919E+02  0.000E+00  1.999E-01
6.238940E+00  4.59501E+01  1.0477E+01  4.8989E+02  5.1363E+00  4.9503E+02  0.000E+00  1.987E-01
6.332058E+00  4.90157E+01  1.0157E+01  4.6796E+02  5.0791E+00  4.7304E+02  0.000E+00  1.958E-01
6.469004E+00  5.03230E+01  9.7134E+00  4.3805E+02  4.9967E+00  4.4305E+02  0.000E+00  1.917E-01
6.587070E+00  5.04754E+01  9.3795E+00  4.1541E+02  4.9273E+00  4.2034E+02  0.000E+00  1.882E-01
6.687892E+00  4.94518E+01  9.1261E+00  3.9810E+02  4.8691E+00  4.0297E+02  0.000E+00  1.854E-01
6.714778E+00  4.77614E+01  9.0613E+00  3.9369E+02  4.8537E+00  3.9854E+02  0.000E+00  1.846E-01
6.755107E+00  4.97211E+01  1.2490E+01  5.3941E+02  4.8309E+00  5.4424E+02  0.000E+00  1.835E-01
6.855930E+00  5.16041E+01  1.2143E+01  5.1672E+02  4.7743E+00  5.2149E+02  0.000E+00  1.808E-01
6.915365E+00  5.21180E+01  1.1947E+01  5.0399E+02  4.7415E+00  5.0873E+02  0.000E+00  1.793E-01
6.983480E+00  5.24797E+01  1.1729E+01  4.8998E+02  4.7042E+00  4.9468E+02  0.000E+00  1.775E-01
7.090370E+00  5.24047E+01  1.1409E+01  4.6942E+02  4.6466E+00  4.7407E+02  0.000E+00  1.749E-01
7.118874E+00  5.16595E+01  1.1330E+01  4.6431E+02  4.6315E+00  4.6894E+02  0.000E+00  1.742E-01
7.161630E+00  5.27687E+01  1.2981E+01  5.2880E+02  4.6088E+00  5.3341E+02  0.000E+00  1.731E-01
7.268520E+00  5.40478E+01  1.2689E+01  5.0929E+02  4.5530E+00  5.1384E+02  0.000E+00  1.706E-01
7.392525E+00  5.48829E+01  1.2368E+01  4.8810E+02  4.4895E+00  4.9259E+02  0.000E+00  1.677E-01
7.902609E+00  5.68673E+01  1.1191E+01  4.1314E+02  4.2418E+00  4.1738E+02  0.000E+00  1.569E-01
8.447890E+00  5.80697E+01  1.0105E+01  3.4897E+02  3.9995E+00  3.5297E+02  0.000E+00  1.468E-01
9.030794E+00  5.88974E+01  9.0889E+00  2.9361E+02  3.7634E+00  2.9737E+02  0.000E+00  1.373E-01
9.653919E+00  5.94525E+01  8.1175E+00  2.4531E+02  3.5342E+00  2.4884E+02  0.000E+00  1.284E-01
1.032004E+01  5.98121E+01  7.2528E+00  2.0503E+02  3.3125E+00  2.0834E+02  0.000E+00  1.201E-01
1.103212E+01  6.00465E+01  6.4859E+00  1.7151E+02  3.0989E+00  1.7461E+02  0.000E+00  1.124E-01
1.179334E+01  6.01960E+01  5.8052E+00  1.4361E+02  2.8938E+00  1.4650E+02  0.000E+00  1.051E-01
1.260708E+01  6.03595E+01  5.1951E+00  1.2022E+02  2.6975E+00  1.2292E+02  0.000E+00  9.834E-02
1.347697E+01  6.04387E+01  4.6369E+00  1.0038E+02  2.5103E+00  1.0289E+02  0.000E+00  9.200E-02
1.440688E+01  6.04740E+01  4.1298E+00  8.3627E+01  2.3322E+00  8.5959E+01  0.000E+00  8.606E-02
1.540095E+01  6.04403E+01  3.6706E+00  6.9532E+01  2.1634E+00  7.1695E+01  0.000E+00  8.050E-02
1.646362E+01  6.03808E+01  3.2654E+00  5.7863E+01  2.0038E+00  5.9867E+01  0.000E+00  7.531E-02
1.759961E+01  6.03052E+01  2.9074E+00  4.8194E+01  1.8534E+00  5.0047E+01  0.000E+00  7.045E-02
1.881398E+01  6.02192E+01  2.5908E+00  4.0174E+01  1.7121E+00  4.1886E+01  0.000E+00  6.590E-02
2.011215E+01  6.01261E+01  2.3103E+00  3.3513E+01  1.5795E+00  3.5092E+01  0.000E+00  6.165E-02
2.149988E+01  6.00284E+01  2.0622E+00  2.7982E+01  1.4556E+00  2.9438E+01  0.000E+00  5.767E-02
2.298338E+01  5.99273E+01  1.8424E+00  2.3386E+01  1.3401E+00  2.4726E+01  0.000E+00  5.395E-02
2.456923E+01  5.98234E+01  1.6476E+00  1.9563E+01  1.2326E+00  2.0796E+01  0.000E+00  5.046E-02
2.626450E+01  5.97171E+01  1.4747E+00  1.6381E+01  1.1328E+00  1.7514E+01  0.000E+00  4.721E-02
2.807676E+01  5.96126E+01  1.3090E+00  1.3601E+01  1.0404E+00  1.4641E+01  0.000E+00  4.416E-02
3.001405E+01  5.94862E+01  1.1578E+00  1.1254E+01  9.5512E-01  1.2209E+01  0.000E+00  4.131E-02
3.208502E+01  5.93390E+01  1.0217E+00  9.2900E+00  8.7646E-01  1.0166E+01  0.000E+00  3.864E-02
3.429889E+01  5.91595E+01  9.0046E-01  7.6591E+00  8.0411E-01  8.4632E+00  0.000E+00  3.615E-02
3.666551E+01  5.89249E+01  7.9380E-01  6.3161E+00  7.3770E-01  7.0538E+00  0.000E+00  3.381E-02
3.919543E+01  5.85720E+01  7.0034E-01  5.2127E+00  6.7685E-01  5.8896E+00  0.000E+00  3.163E-02
4.189992E+01  5.78130E+01  6.1837E-01  4.3056E+00  6.2120E-01  4.9268E+00  0.000E+00  2.959E-02
4.269752E+01  5.72777E+01  5.9708E-01  4.0797E+00  6.0637E-01  4.6861E+00  0.000E+00  2.904E-02
4.335106E+01  5.60865E+01  5.8049E-01  3.9065E+00  5.9470E-01  4.5012E+00  0.000E+00  2.860E-02
4.352533E+01  5.46590E+01  5.7619E-01  3.8620E+00  5.9166E-01  4.4537E+00  0.000E+00  2.849E-02
4.378675E+01  5.61019E+01  3.3802E+00  2.2521E+01  5.8715E-01  2.3108E+01  1.872E+01  2.832E-02
4.444028E+01  5.74061E+01  3.3033E+00  2.1685E+01  5.7616E-01  2.2261E+01  1.805E+01  2.790E-02
4.479101E+01  5.77322E+01  3.2633E+00  2.1255E+01  5.7041E-01  2.1825E+01  1.770E+01  2.768E-02
4.788159E+01  5.89643E+01  2.9336E+00  1.7874E+01  5.2412E-01  1.8398E+01  1.493E+01  2.589E-02
5.118542E+01  5.94877E+01  2.6295E+00  1.4987E+01  4.8201E-01  1.5469E+01  1.255E+01  2.422E-02
5.471721E+01  5.97971E+01  2.3545E+00  1.2554E+01  4.4375E-01  1.2998E+01  1.053E+01  2.266E-02
5.849270E+01  5.99994E+01  2.1055E+00  1.0501E+01  4.0903E-01  1.0910E+01  8.827E+00  2.120E-02
6.252870E+01  6.01336E+01  1.8805E+00  8.7740E+00  3.7758E-01  9.1516E+00  7.385E+00  1.983E-02
6.684318E+01  6.02238E+01  1.6795E+00  7.3302E+00  3.4911E-01  7.6793E+00  6.176E+00  1.855E-02
7.145536E+01  6.02840E+01  1.4999E+00  6.1236E+00  3.2336E-01  6.4470E+00  5.165E+00  1.735E-02
7.638578E+01  6.03235E+01  1.3393E+00  5.1153E+00  3.0009E-01  5.4154E+00  4.318E+00  1.623E-02
8.165640E+01  6.03490E+01  1.1944E+00  4.2671E+00  2.7907E-01  4.5462E+00  3.606E+00  1.518E-02
8.729069E+01  6.03916E+01  1.0619E+00  3.5491E+00  2.6009E-01  3.8092E+00  3.004E+00  1.420E-02
9.331374E+01  6.03920E+01  9.4080E-01  2.9413E+00  2.4296E-01  3.1843E+00  2.492E+00  1.329E-02
9.975239E+01  6.03843E+01  8.3358E-01  2.4379E+00  2.2749E-01  2.6654E+00  2.067E+00  1.243E-02
1.066353E+02  6.03715E+01  7.3864E-01  2.0208E+00  2.1351E-01  2.2343E+00  1.714E+00  1.163E-02
1.139931E+02  6.03552E+01  6.5458E-01  1.6752E+00  2.0088E-01  1.8761E+00  1.422E+00  1.088E-02
1.218587E+02  6.03369E+01  5.8013E-01  1.3889E+00  1.8944E-01  1.5783E+00  1.180E+00  1.017E-02
1.302669E+02  6.03175E+01  5.1419E-01  1.1515E+00  1.7907E-01  1.3306E+00  9.784E-01  9.518E-03
1.392553E+02  6.02975E+01  4.5578E-01  9.5486E-01  1.6966E-01  1.1245E+00  8.116E-01  8.903E-03
1.488640E+02  6.02775E+01  4.0404E-01  7.9183E-01  1.6110E-01  9.5293E-01  6.732E-01  8.329E-03
1.591356E+02  6.02577E+01  3.5820E-01  6.5668E-01  1.5328E-01  8.0996E-01  5.584E-01  7.791E-03
1.701159E+02  6.02386E+01  3.1759E-01  5.4464E-01  1.4613E-01  6.9077E-01  4.632E-01  7.288E-03
1.818539E+02  6.02201E+01  2.8159E-01  4.5175E-01  1.3957E-01  5.9132E-01  3.842E-01  6.818E-03
1.944018E+02  6.02023E+01  2.4998E-01  3.7514E-01  1.3353E-01  5.0867E-01  3.191E-01  6.378E-03
2.078156E+02  6.01858E+01  2.2225E-01  3.1200E-01  1.2794E-01  4.3994E-01  2.655E-01  5.966E-03
2.221548E+02  6.01704E+01  1.9761E-01  2.5950E-01  1.2275E-01  3.8225E-01  2.209E-01  5.581E-03
2.374835E+02  6.01561E+01  1.7571E-01  2.1585E-01  1.1791E-01  3.3376E-01  1.838E-01  5.221E-03
2.538699E+02  6.01428E+01  1.5625E-01  1.7955E-01  1.1337E-01  2.9292E-01  1.529E-01  4.884E-03
2.713869E+02  6.01305E+01  1.3895E-01  1.4937E-01  1.0911E-01  2.5848E-01  1.272E-01  4.569E-03
2.901126E+02  6.01191E+01  1.2357E-01  1.2426E-01  1.0508E-01  2.2934E-01  1.058E-01  4.274E-03
3.101304E+02  6.01086E+01  1.0990E-01  1.0339E-01  1.0126E-01  2.0465E-01  8.804E-02  3.998E-03
3.315294E+02  6.00989E+01  9.7751E-02  8.6019E-02  9.7616E-02  1.8364E-01  7.325E-02  3.740E-03
3.544049E+02  6.00900E+01  8.6948E-02  7.1574E-02  9.4134E-02  1.6571E-01  6.094E-02  3.498E-03
3.788588E+02  6.00818E+01  7.7342E-02  5.9557E-02  9.0793E-02  1.5035E-01  5.070E-02  3.273E-03
4.050001E+02  6.00743E+01  6.8801E-02  4.9561E-02  8.7576E-02  1.3714E-01  4.218E-02  3.061E-03
4.329451E+02  6.00674E+01  6.1207E-02  4.1244E-02  8.4469E-02  1.2571E-01  3.509E-02  2.864E-03
