
   Eu:    Z = 63;   Atomic weight = 151.9600 g/mol ;    nominal density:   [INLINE] = 5.2280E+00 g/cm3
          µa(barns/atom) = µ(cm2/g)  ×  2.52336E+02
          E(eV) µ(cm2/g) = f2(e/atom)  ×  2.76917E+05
          18 edges. Edge energies (keV):
          

  K      4.85190E+01  L I    8.05200E+00  L II   7.61710E+00  L III  6.97690E+00
  M I    1.80000E+00  M II   1.61390E+00  M III  1.48060E+00  M IV   1.16060E+00
  M V    1.13090E+00  N I    3.60200E-01  N II   2.83900E-01  N III  2.56600E-01
  N IV   1.33200E-01  N V    1.33200E-01  N VI   2.91151E-03  O I    3.18000E-02
  O II   2.20000E-02  O III  2.20000E-02

          Relativistic correction estimate frel (H82,3/5CL) = -9.5641E-01, -5.7720E-01 e/atom
          Nuclear Thomson correction fNT = -1.4328E-02 e/atom
     _________________________________________________________________________________________________________
   
   Form Factors, Attenuation and Scattering Cross-sections
   Z=63, E = 0.001 - 1000 keV

                                                              Attenuation
     E         f1            f2          µ           [INLINE] (coh+inc) Coefficient    µK       wavelength
     keV       e/atom       e/atom      cm2/g       cm2/g      cm2/g          cm2/g        nm

1.069000E-02  1.39833E+01  2.5065E-01  6.4928E+03  2.3138E-04  6.4928E+03  0.000E+00  1.160E+02
1.142761E-02  1.38468E+01  2.8095E-01  6.8081E+03  3.1371E-04  6.8081E+03  0.000E+00  1.085E+02
1.221612E-02  1.36829E+01  3.1548E-01  7.1513E+03  4.2314E-04  7.1513E+03  0.000E+00  1.015E+02
1.305903E-02  1.34837E+01  3.5479E-01  7.5232E+03  5.6783E-04  7.5232E+03  0.000E+00  9.494E+01
1.396010E-02  1.32373E+01  3.9950E-01  7.9247E+03  7.5814E-04  7.9247E+03  0.000E+00  8.881E+01
1.492335E-02  1.29256E+01  4.5032E-01  8.3561E+03  1.0071E-03  8.3561E+03  0.000E+00  8.308E+01
1.595306E-02  1.25184E+01  5.0798E-01  8.8177E+03  1.3312E-03  8.8177E+03  0.000E+00  7.772E+01
1.705382E-02  1.19616E+01  5.7330E-01  9.3091E+03  1.7507E-03  9.3091E+03  0.000E+00  7.270E+01
1.823053E-02  1.11444E+01  6.4715E-01  9.8300E+03  2.2911E-03  9.8300E+03  0.000E+00  6.801E+01
1.948844E-02  9.78838E+00  7.3045E-01  1.0379E+04  2.9834E-03  1.0379E+04  0.000E+00  6.362E+01
2.083314E-02  6.82187E+00  8.2418E-01  1.0955E+04  3.8660E-03  1.0955E+04  0.000E+00  5.951E+01
2.156000E-02  2.42628E+00  8.7675E-01  1.1261E+04  4.4085E-03  1.1261E+04  0.000E+00  5.751E+01
2.189000E-02 -4.57615E+00  9.0104E-01  1.1398E+04  4.6705E-03  1.1398E+04  0.000E+00  5.664E+01
2.197800E-02 -1.32262E+01  9.0756E-01  1.1435E+04  4.7421E-03  1.1435E+04  0.000E+00  5.641E+01
2.211000E-02 -3.85948E+00  1.8081E+01  2.2646E+05  4.8508E-03  2.2646E+05  0.000E+00  5.608E+01
2.227063E-02  1.46570E+00  1.7741E+01  2.2060E+05  4.9853E-03  2.2060E+05  0.000E+00  5.567E+01
2.244000E-02  4.42720E+00  1.7394E+01  2.1464E+05  5.1298E-03  2.1464E+05  0.000E+00  5.525E+01
2.380730E-02  1.32311E+01  1.4940E+01  1.7378E+05  6.3976E-03  1.7378E+05  0.000E+00  5.208E+01
2.545001E-02  1.69560E+01  1.2596E+01  1.3706E+05  8.1705E-03  1.3706E+05  0.000E+00  4.872E+01
2.720606E-02  1.88177E+01  1.0552E+01  1.0740E+05  1.0385E-02  1.0740E+05  0.000E+00  4.557E+01
2.908327E-02  1.97321E+01  8.8615E+00  8.4375E+04  1.3137E-02  8.4375E+04  0.000E+00  4.263E+01
3.109002E-02  2.01046E+01  7.5261E+00  6.7035E+04  1.6539E-02  6.7035E+04  0.000E+00  3.988E+01
3.116400E-02  2.01107E+01  7.4848E+00  6.6508E+04  1.6674E-02  6.6508E+04  0.000E+00  3.978E+01
3.164100E-02  2.01363E+01  7.2300E+00  6.3276E+04  1.7560E-02  6.3276E+04  0.000E+00  3.918E+01
3.176820E-02  2.01315E+01  7.1655E+00  6.2460E+04  1.7801E-02  6.2460E+04  0.000E+00  3.903E+01
3.195900E-02  2.01522E+01  7.0947E+00  6.1474E+04  1.8166E-02  6.1474E+04  0.000E+00  3.879E+01
3.243600E-02  2.01771E+01  6.8729E+00  5.8676E+04  1.9098E-02  5.8676E+04  0.000E+00  3.822E+01
3.323523E-02  2.01866E+01  6.5399E+00  5.4490E+04  2.0726E-02  5.4490E+04  0.000E+00  3.731E+01
3.552846E-02  2.01102E+01  5.8100E+00  4.5285E+04  2.5851E-02  4.5285E+04  0.000E+00  3.490E+01
3.797993E-02  1.99568E+01  5.3111E+00  3.8724E+04  3.2094E-02  3.8724E+04  0.000E+00  3.264E+01
4.060054E-02  1.97831E+01  5.0003E+00  3.4105E+04  3.9662E-02  3.4105E+04  0.000E+00  3.054E+01
4.340198E-02  1.96243E+01  4.8414E+00  3.0890E+04  4.8791E-02  3.0890E+04  0.000E+00  2.857E+01
4.639671E-02  1.95039E+01  4.8054E+00  2.8681E+04  5.9749E-02  2.8681E+04  0.000E+00  2.672E+01
4.959809E-02  1.94397E+01  4.8696E+00  2.7188E+04  7.2837E-02  2.7188E+04  0.000E+00  2.500E+01
5.302035E-02  1.94498E+01  5.0163E+00  2.6199E+04  8.8396E-02  2.6199E+04  0.000E+00  2.338E+01
5.667876E-02  1.95454E+01  5.1276E+00  2.5052E+04  1.0680E-01  2.5052E+04  0.000E+00  2.187E+01
6.058959E-02  1.96637E+01  5.1817E+00  2.3682E+04  1.2847E-01  2.3682E+04  0.000E+00  2.046E+01
6.477028E-02  1.97952E+01  5.2494E+00  2.2443E+04  1.5385E-01  2.2443E+04  0.000E+00  1.914E+01
6.923942E-02  1.99539E+01  5.3225E+00  2.1287E+04  1.8345E-01  2.1287E+04  0.000E+00  1.791E+01
7.401695E-02  2.01062E+01  5.3942E+00  2.0181E+04  2.1779E-01  2.0181E+04  0.000E+00  1.675E+01
7.912411E-02  2.02598E+01  5.4590E+00  1.9105E+04  2.5745E-01  1.9105E+04  0.000E+00  1.567E+01
8.458368E-02  2.04046E+01  5.5126E+00  1.8048E+04  3.0304E-01  1.8048E+04  0.000E+00  1.466E+01
9.041995E-02  2.05260E+01  5.5518E+00  1.7003E+04  3.5518E-01  1.7003E+04  0.000E+00  1.371E+01
9.665893E-02  2.06028E+01  5.5743E+00  1.5970E+04  4.1455E-01  1.5970E+04  0.000E+00  1.283E+01
1.033284E-01  2.05930E+01  5.5782E+00  1.4950E+04  4.8182E-01  1.4950E+04  0.000E+00  1.200E+01
1.104581E-01  2.04181E+01  5.5623E+00  1.3945E+04  5.5768E-01  1.3946E+04  0.000E+00  1.122E+01
1.180797E-01  1.98690E+01  5.5260E+00  1.2959E+04  6.4283E-01  1.2960E+04  0.000E+00  1.050E+01
1.262272E-01  1.80575E+01  5.4691E+00  1.1998E+04  7.3795E-01  1.1999E+04  0.000E+00  9.822E+00
1.305360E-01  1.46390E+01  5.4328E+00  1.1525E+04  7.8978E-01  1.1526E+04  0.000E+00  9.498E+00
1.325340E-01  8.01763E+00  5.4147E+00  1.1314E+04  8.1414E-01  1.1315E+04  0.000E+00  9.355E+00
1.330668E-01 -1.13543E+00  5.4098E+00  1.1258E+04  8.2068E-01  1.1259E+04  0.000E+00  9.317E+00
1.338660E-01  1.05268E+01  2.3923E+01  4.9488E+04  8.3050E-01  4.9489E+04  0.000E+00  9.262E+00
1.349368E-01  1.74020E+01  2.2132E+01  4.5419E+04  8.4371E-01  4.5420E+04  0.000E+00  9.188E+00
1.358640E-01  2.04294E+01  2.0730E+01  4.2251E+04  8.5519E-01  4.2252E+04  0.000E+00  9.126E+00
1.442475E-01  2.75121E+01  1.2474E+01  2.3947E+04  9.6073E-01  2.3948E+04  0.000E+00  8.595E+00
1.542005E-01  2.73781E+01  8.5138E+00  1.5289E+04  1.0896E+00  1.5290E+04  0.000E+00  8.040E+00
1.648404E-01  2.66914E+01  7.0192E+00  1.1792E+04  1.2309E+00  1.1793E+04  0.000E+00  7.521E+00
1.762144E-01  2.62035E+01  6.3220E+00  9.9349E+03  1.3850E+00  9.9363E+03  0.000E+00  7.036E+00
1.883732E-01  2.58617E+01  5.9356E+00  8.7256E+03  1.5523E+00  8.7272E+03  0.000E+00  6.582E+00
2.013709E-01  2.55896E+01  5.6981E+00  7.8358E+03  1.7331E+00  7.8375E+03  0.000E+00  6.157E+00
2.152655E-01  2.53303E+01  5.5501E+00  7.1397E+03  1.9275E+00  7.1416E+03  0.000E+00  5.760E+00
2.301188E-01  2.50291E+01  5.4699E+00  6.5823E+03  2.1355E+00  6.5844E+03  0.000E+00  5.388E+00
2.459970E-01  2.45567E+01  5.4503E+00  6.1353E+03  2.3570E+00  6.1377E+03  0.000E+00  5.040E+00
2.514680E-01  2.42481E+01  5.4568E+00  6.0090E+03  2.4329E+00  6.0114E+03  0.000E+00  4.930E+00
2.553170E-01  2.37259E+01  5.4650E+00  5.9273E+03  2.4862E+00  5.9298E+03  0.000E+00  4.856E+00
2.563434E-01  2.31592E+01  5.4677E+00  5.9065E+03  2.5004E+00  5.9090E+03  0.000E+00  4.837E+00
2.578830E-01  2.36897E+01  6.5544E+00  7.0382E+03  2.5216E+00  7.0407E+03  0.000E+00  4.808E+00
2.617320E-01  2.41170E+01  6.5797E+00  6.9614E+03  2.5747E+00  6.9640E+03  0.000E+00  4.737E+00
2.629708E-01  2.41759E+01  6.5883E+00  6.9377E+03  2.5917E+00  6.9403E+03  0.000E+00  4.715E+00
2.782220E-01  2.43635E+01  6.7153E+00  6.6838E+03  2.7999E+00  6.6866E+03  0.000E+00  4.456E+00
2.811158E-01  2.43159E+01  6.7432E+00  6.6425E+03  2.8391E+00  6.6453E+03  0.000E+00  4.410E+00
2.824805E-01  2.42559E+01  6.7567E+00  6.6236E+03  2.8576E+00  6.6265E+03  0.000E+00  4.389E+00
2.836161E-01  2.40941E+01  6.7681E+00  6.6083E+03  2.8729E+00  6.6112E+03  0.000E+00  4.372E+00
2.853195E-01  2.42760E+01  7.1196E+00  6.9100E+03  2.8958E+00  6.9129E+03  0.000E+00  4.345E+00
2.895780E-01  2.44513E+01  7.1693E+00  6.8559E+03  2.9530E+00  6.8589E+03  0.000E+00  4.282E+00
3.005128E-01  2.46278E+01  7.3042E+00  6.7307E+03  3.0987E+00  6.7338E+03  0.000E+00  4.126E+00
3.212482E-01  2.48099E+01  7.5801E+00  6.5341E+03  3.3696E+00  6.5375E+03  0.000E+00  3.859E+00
3.434143E-01  2.49173E+01  7.8865E+00  6.3594E+03  3.6508E+00  6.3631E+03  0.000E+00  3.610E+00
3.529960E-01  2.48860E+01  8.0176E+00  6.2896E+03  3.7696E+00  6.2934E+03  0.000E+00  3.512E+00
3.583990E-01  2.47172E+01  8.0903E+00  6.2510E+03  3.8357E+00  6.2548E+03  0.000E+00  3.459E+00
3.598398E-01  2.44650E+01  8.1096E+00  6.2408E+03  3.8533E+00  6.2447E+03  0.000E+00  3.446E+00
3.620010E-01  2.47584E+01  8.6637E+00  6.6274E+03  3.8795E+00  6.6313E+03  0.000E+00  3.425E+00
3.671099E-01  2.50440E+01  8.7338E+00  6.5880E+03  3.9412E+00  6.5919E+03  0.000E+00  3.377E+00
3.674040E-01  2.50546E+01  8.7378E+00  6.5858E+03  3.9448E+00  6.5897E+03  0.000E+00  3.375E+00
3.924405E-01  2.56283E+01  9.0598E+00  6.3929E+03  4.2396E+00  6.3971E+03  0.000E+00  3.159E+00
4.195189E-01  2.60851E+01  9.3558E+00  6.1756E+03  4.5443E+00  6.1801E+03  0.000E+00  2.955E+00
4.484657E-01  2.65623E+01  9.5996E+00  5.9275E+03  4.8538E+00  5.9324E+03  0.000E+00  2.765E+00
4.794098E-01  2.70359E+01  9.7772E+00  5.6475E+03  5.1663E+00  5.6527E+03  0.000E+00  2.586E+00
5.124891E-01  2.74868E+01  9.8789E+00  5.3379E+03  5.4798E+00  5.3434E+03  0.000E+00  2.419E+00
5.478508E-01  2.78899E+01  9.8991E+00  5.0036E+03  5.7925E+00  5.0094E+03  0.000E+00  2.263E+00
5.856525E-01  2.82087E+01  9.8292E+00  4.6476E+03  6.1023E+00  4.6537E+03  0.000E+00  2.117E+00
6.260625E-01  2.83979E+01  9.6779E+00  4.2807E+03  6.4069E+00  4.2871E+03  0.000E+00  1.980E+00
6.692609E-01  2.84105E+01  9.4604E+00  3.9144E+03  6.7044E+00  3.9211E+03  0.000E+00  1.853E+00
7.154399E-01  2.81906E+01  9.1926E+00  3.5581E+03  6.9924E+00  3.5651E+03  0.000E+00  1.733E+00
7.648052E-01  2.76594E+01  8.8889E+00  3.2184E+03  7.2689E+00  3.2257E+03  0.000E+00  1.621E+00
8.175768E-01  2.66949E+01  8.5621E+00  2.9000E+03  7.5318E+00  2.9075E+03  0.000E+00  1.516E+00
8.739896E-01  2.50563E+01  8.2228E+00  2.6053E+03  7.7792E+00  2.6131E+03  0.000E+00  1.419E+00
9.342948E-01  2.22513E+01  7.8792E+00  2.3353E+03  8.0090E+00  2.3433E+03  0.000E+00  1.327E+00
9.987612E-01  1.70426E+01  7.5375E+00  2.0898E+03  8.2196E+00  2.0980E+03  0.000E+00  1.241E+00
1.067676E+00  3.06861E+00  7.0155E+00  1.8196E+03  8.4094E+00  1.8280E+03  0.000E+00  1.161E+00
1.108282E+00 -2.58482E+01  6.7342E+00  1.6826E+03  8.5060E+00  1.6911E+03  0.000E+00  1.119E+00
1.125246E+00 -8.20948E+01  6.6234E+00  1.6300E+03  8.5432E+00  1.6385E+03  0.000E+00  1.102E+00
1.129769E+00 -1.69750E+02  6.5945E+00  1.6164E+03  8.5529E+00  1.6250E+03  0.000E+00  1.097E+00
1.137388E+00 -1.90171E+01  1.6851E+02  4.1027E+04  8.5688E+00  4.1036E+04  0.000E+00  1.090E+00
1.141345E+00  1.01783E+01  1.4194E+02  3.4437E+04  8.5770E+00  3.4446E+04  0.000E+00  1.086E+00
1.153518E+00  1.87356E+01  8.4824E+01  2.0363E+04  8.6015E+00  2.0372E+04  0.000E+00  1.075E+00
1.154797E+00  1.38350E+01  8.0464E+01  1.9295E+04  8.6040E+00  1.9304E+04  0.000E+00  1.074E+00
1.159439E+00 -4.22153E+01  6.6607E+01  1.5908E+04  8.6131E+00  1.5917E+04  0.000E+00  1.069E+00
1.166403E+00  5.50266E+01  1.6397E+02  3.8927E+04  8.6265E+00  3.8936E+04  0.000E+00  1.063E+00
1.183812E+00  9.61490E+01  7.9284E+01  1.8546E+04  8.6589E+00  1.8555E+04  0.000E+00  1.047E+00
1.220098E+00  7.13950E+01  2.8096E+01  6.3767E+03  8.7211E+00  6.3854E+03  0.000E+00  1.016E+00
1.304285E+00  4.64671E+01  2.0106E+01  4.2687E+03  8.8407E+00  4.2775E+03  0.000E+00  9.506E-01
1.394281E+00  3.90677E+01  2.2058E+01  4.3809E+03  8.9351E+00  4.3898E+03  0.000E+00  8.892E-01
1.450988E+00  3.69143E+01  2.4519E+01  4.6793E+03  8.9791E+00  4.6883E+03  0.000E+00  8.545E-01
1.473197E+00  3.53536E+01  2.5474E+01  4.7884E+03  8.9935E+00  4.7974E+03  0.000E+00  8.416E-01
1.479119E+00  3.32177E+01  2.5640E+01  4.8003E+03  8.9970E+00  4.8093E+03  0.000E+00  8.382E-01
1.488003E+00  3.57043E+01  3.0332E+01  5.6448E+03  9.0022E+00  5.6538E+03  0.000E+00  8.332E-01
1.490486E+00  3.61884E+01  3.0384E+01  5.6451E+03  9.0036E+00  5.6541E+03  0.000E+00  8.318E-01
1.510212E+00  3.83391E+01  3.0769E+01  5.6419E+03  9.0140E+00  5.6509E+03  0.000E+00  8.210E-01
1.581622E+00  4.18196E+01  3.1298E+01  5.4798E+03  9.0425E+00  5.4888E+03  0.000E+00  7.839E-01
1.593329E+00  4.21482E+01  3.1374E+01  5.4528E+03  9.0459E+00  5.4618E+03  0.000E+00  7.781E-01
1.605830E+00  4.22449E+01  3.1448E+01  5.4230E+03  9.0492E+00  5.4320E+03  0.000E+00  7.721E-01
1.612286E+00  4.16378E+01  3.1482E+01  5.4072E+03  9.0507E+00  5.4163E+03  0.000E+00  7.690E-01
1.621969E+00  4.31025E+01  3.3348E+01  5.6935E+03  9.0528E+00  5.7026E+03  0.000E+00  7.644E-01
1.646178E+00  4.51823E+01  3.3170E+01  5.5798E+03  9.0571E+00  5.5889E+03  0.000E+00  7.532E-01
1.703269E+00  4.84459E+01  3.2230E+01  5.2399E+03  9.0620E+00  5.2490E+03  0.000E+00  7.279E-01
1.764000E+00  5.08564E+01  3.0746E+01  4.8266E+03  9.0600E+00  4.8357E+03  0.000E+00  7.029E-01
1.791000E+00  5.13630E+01  2.9991E+01  4.6370E+03  9.0569E+00  4.6461E+03  0.000E+00  6.923E-01
1.798200E+00  5.10127E+01  2.9783E+01  4.5865E+03  9.0558E+00  4.5956E+03  0.000E+00  6.895E-01
1.809000E+00  5.19754E+01  3.0645E+01  4.6911E+03  9.0541E+00  4.7002E+03  0.000E+00  6.854E-01
1.820795E+00  5.26682E+01  3.0291E+01  4.6069E+03  9.0520E+00  4.6160E+03  0.000E+00  6.809E-01
1.836000E+00  5.33286E+01  2.9831E+01  4.4993E+03  9.0489E+00  4.5083E+03  0.000E+00  6.753E-01
1.946430E+00  5.62383E+01  2.6536E+01  3.7753E+03  9.0162E+00  3.7843E+03  0.000E+00  6.370E-01
2.080733E+00  5.78198E+01  2.3062E+01  3.0692E+03  8.9553E+00  3.0782E+03  0.000E+00  5.959E-01
2.224304E+00  5.84418E+01  2.0244E+01  2.5204E+03  8.8700E+00  2.5293E+03  0.000E+00  5.574E-01
2.377781E+00  5.89433E+01  1.8268E+01  2.1275E+03  8.7613E+00  2.1363E+03  0.000E+00  5.214E-01
2.541848E+00  5.92234E+01  1.6657E+01  1.8147E+03  8.6304E+00  1.8233E+03  0.000E+00  4.878E-01
2.717235E+00  5.94751E+01  1.5180E+01  1.5470E+03  8.4786E+00  1.5555E+03  0.000E+00  4.563E-01
2.904724E+00  5.96980E+01  1.3858E+01  1.3211E+03  8.3073E+00  1.3294E+03  0.000E+00  4.268E-01
3.105150E+00  6.00036E+01  1.2554E+01  1.1195E+03  8.1180E+00  1.1276E+03  0.000E+00  3.993E-01
3.319406E+00  6.00675E+01  1.1287E+01  9.4160E+02  7.9125E+00  9.4951E+02  0.000E+00  3.735E-01
3.548445E+00  5.99841E+01  1.0151E+01  7.9220E+02  7.6925E+00  7.9989E+02  0.000E+00  3.494E-01
3.793288E+00  5.98503E+01  9.1363E+00  6.6697E+02  7.4597E+00  6.7443E+02  0.000E+00  3.269E-01
4.055024E+00  5.96358E+01  8.2325E+00  5.6220E+02  7.2158E+00  5.6942E+02  0.000E+00  3.058E-01
4.334821E+00  5.93705E+01  7.4286E+00  4.7455E+02  6.9628E+00  4.8151E+02  0.000E+00  2.860E-01
4.633924E+00  5.90558E+01  6.7125E+00  4.0113E+02  6.7024E+00  4.0783E+02  0.000E+00  2.676E-01
4.953664E+00  5.86852E+01  6.0676E+00  3.3919E+02  6.4363E+00  3.4563E+02  0.000E+00  2.503E-01
5.295467E+00  5.82226E+01  5.4616E+00  2.8560E+02  6.1662E+00  2.9177E+02  0.000E+00  2.341E-01
5.660855E+00  5.76151E+01  4.9205E+00  2.4070E+02  5.8937E+00  2.4659E+02  0.000E+00  2.190E-01
6.051453E+00  5.67667E+01  4.4412E+00  2.0323E+02  5.6205E+00  2.0885E+02  0.000E+00  2.049E-01
6.469004E+00  5.53693E+01  4.0134E+00  1.7180E+02  5.3479E+00  1.7715E+02  0.000E+00  1.917E-01
6.837362E+00  5.24608E+01  3.6797E+00  1.4903E+02  5.1231E+00  1.5415E+02  0.000E+00  1.813E-01
6.915365E+00  5.06522E+01  3.6152E+00  1.4477E+02  5.0773E+00  1.4985E+02  0.000E+00  1.793E-01
6.942016E+00  4.94006E+01  3.5936E+00  1.4335E+02  5.0618E+00  1.4841E+02  0.000E+00  1.786E-01
6.969923E+00  4.58346E+01  3.5713E+00  1.4189E+02  5.0456E+00  1.4694E+02  0.000E+00  1.779E-01
7.011785E+00  4.93893E+01  1.0485E+01  4.1410E+02  5.0215E+00  4.1912E+02  0.000E+00  1.768E-01
7.116438E+00  5.24556E+01  1.0149E+01  3.9493E+02  4.9620E+00  3.9989E+02  0.000E+00  1.742E-01
7.392525E+00  5.41115E+01  9.3669E+00  3.5088E+02  4.8100E+00  3.5569E+02  0.000E+00  1.677E-01
7.464758E+00  5.40325E+01  9.2026E+00  3.4138E+02  4.7714E+00  3.4615E+02  0.000E+00  1.661E-01
7.579014E+00  5.29494E+01  8.9580E+00  3.2730E+02  4.7113E+00  3.3201E+02  0.000E+00  1.636E-01
7.609483E+00  5.12685E+01  8.8957E+00  3.2372E+02  4.6954E+00  3.2842E+02  0.000E+00  1.629E-01
7.655185E+00  5.31756E+01  1.2274E+01  4.4399E+02  4.6718E+00  4.4866E+02  0.000E+00  1.620E-01
7.769442E+00  5.49778E+01  1.1938E+01  4.2549E+02  4.6136E+00  4.3010E+02  0.000E+00  1.596E-01
7.890960E+00  5.56937E+01  1.1599E+01  4.0705E+02  4.5529E+00  4.1160E+02  0.000E+00  1.571E-01
7.902609E+00  5.57303E+01  1.1568E+01  4.0535E+02  4.5471E+00  4.0990E+02  0.000E+00  1.569E-01
8.011740E+00  5.56299E+01  1.1284E+01  3.9001E+02  4.4937E+00  3.9450E+02  0.000E+00  1.548E-01
8.043948E+00  5.48926E+01  1.1207E+01  3.8582E+02  4.4781E+00  3.9030E+02  0.000E+00  1.541E-01
8.092260E+00  5.59907E+01  1.2844E+01  4.3952E+02  4.4549E+00  4.4397E+02  0.000E+00  1.532E-01
8.213040E+00  5.72565E+01  1.2562E+01  4.2354E+02  4.3977E+00  4.2794E+02  0.000E+00  1.510E-01
8.447890E+00  5.85224E+01  1.2052E+01  3.9505E+02  4.2897E+00  3.9934E+02  0.000E+00  1.468E-01
9.030794E+00  6.03515E+01  1.0886E+01  3.3379E+02  4.0386E+00  3.3783E+02  0.000E+00  1.373E-01
9.653919E+00  6.14328E+01  9.7453E+00  2.7954E+02  3.7947E+00  2.8333E+02  0.000E+00  1.284E-01
1.032004E+01  6.21312E+01  8.7220E+00  2.3404E+02  3.5586E+00  2.3760E+02  0.000E+00  1.201E-01
1.103212E+01  6.25970E+01  7.7991E+00  1.9576E+02  3.3309E+00  1.9909E+02  0.000E+00  1.124E-01
1.179334E+01  6.29021E+01  6.9771E+00  1.6383E+02  3.1121E+00  1.6694E+02  0.000E+00  1.051E-01
1.260708E+01  6.31004E+01  6.2471E+00  1.3722E+02  2.9025E+00  1.4012E+02  0.000E+00  9.834E-02
1.347697E+01  6.32258E+01  5.5984E+00  1.1503E+02  2.7024E+00  1.1773E+02  0.000E+00  9.200E-02
1.440688E+01  6.33696E+01  5.0106E+00  9.6310E+01  2.5119E+00  9.8822E+01  0.000E+00  8.606E-02
1.540095E+01  6.34331E+01  4.4768E+00  8.0495E+01  2.3312E+00  8.2826E+01  0.000E+00  8.050E-02
1.646362E+01  6.34567E+01  3.9915E+00  6.7136E+01  2.1602E+00  6.9296E+01  0.000E+00  7.531E-02
1.759961E+01  6.34161E+01  3.5544E+00  5.5926E+01  1.9988E+00  5.7925E+01  0.000E+00  7.045E-02
1.881398E+01  6.33537E+01  3.1680E+00  4.6628E+01  1.8471E+00  4.8475E+01  0.000E+00  6.590E-02
2.011215E+01  6.32776E+01  2.8261E+00  3.8911E+01  1.7046E+00  4.0616E+01  0.000E+00  6.165E-02
2.149988E+01  6.31925E+01  2.5233E+00  3.2500E+01  1.5713E+00  3.4071E+01  0.000E+00  5.767E-02
2.298338E+01  6.31018E+01  2.2550E+00  2.7169E+01  1.4469E+00  2.8616E+01  0.000E+00  5.395E-02
2.456923E+01  6.30078E+01  2.0169E+00  2.2733E+01  1.3311E+00  2.4064E+01  0.000E+00  5.046E-02
2.626450E+01  6.29135E+01  1.8054E+00  1.9035E+01  1.2234E+00  2.0258E+01  0.000E+00  4.721E-02
2.807676E+01  6.28223E+01  1.6051E+00  1.5831E+01  1.1237E+00  1.6955E+01  0.000E+00  4.416E-02
3.001405E+01  6.27126E+01  1.4248E+00  1.3145E+01  1.0314E+00  1.4176E+01  0.000E+00  4.131E-02
3.208502E+01  6.25915E+01  1.2627E+00  1.0898E+01  9.4633E-01  1.1844E+01  0.000E+00  3.864E-02
3.429889E+01  6.24558E+01  1.1186E+00  9.0314E+00  8.6796E-01  9.8994E+00  0.000E+00  3.615E-02
3.666551E+01  6.22983E+01  9.8790E-01  7.4611E+00  7.9594E-01  8.2570E+00  0.000E+00  3.381E-02
3.919543E+01  6.21028E+01  8.7194E-01  6.1603E+00  7.2990E-01  6.8902E+00  0.000E+00  3.163E-02
4.189992E+01  6.18370E+01  7.6975E-01  5.0873E+00  6.6944E-01  5.7567E+00  0.000E+00  2.959E-02
4.479101E+01  6.13990E+01  6.8007E-01  4.2045E+00  6.1420E-01  4.8187E+00  0.000E+00  2.768E-02
4.754862E+01  6.03280E+01  6.0908E-01  3.5472E+00  5.6886E-01  4.1161E+00  0.000E+00  2.608E-02
4.788159E+01  5.99783E+01  6.0131E-01  3.4776E+00  5.6380E-01  4.0414E+00  0.000E+00  2.589E-02
4.827641E+01  5.91554E+01  5.9230E-01  3.3975E+00  5.5792E-01  3.9554E+00  0.000E+00  2.568E-02
4.847048E+01  5.77507E+01  5.8795E-01  3.3590E+00  5.5507E-01  3.9141E+00  0.000E+00  2.558E-02
4.876160E+01  5.91703E+01  3.3470E+00  1.9008E+01  5.5085E-01  1.9559E+01  1.571E+01  2.543E-02
4.948938E+01  6.04533E+01  3.2710E+00  1.8303E+01  5.4055E-01  1.8844E+01  1.514E+01  2.505E-02
5.118542E+01  6.14212E+01  3.1039E+00  1.6792E+01  5.1791E-01  1.7310E+01  1.391E+01  2.422E-02
5.471721E+01  6.22220E+01  2.7859E+00  1.4099E+01  4.7617E-01  1.4575E+01  1.171E+01  2.266E-02
5.849270E+01  6.26336E+01  2.4966E+00  1.1819E+01  4.3827E-01  1.2257E+01  9.843E+00  2.120E-02
6.252870E+01  6.28888E+01  2.2360E+00  9.9026E+00  4.0390E-01  1.0306E+01  8.263E+00  1.983E-02
6.684318E+01  6.30578E+01  1.9997E+00  8.2843E+00  3.7276E-01  8.6571E+00  6.923E+00  1.855E-02
7.145536E+01  6.31711E+01  1.7878E+00  6.9285E+00  3.4457E-01  7.2731E+00  5.797E+00  1.735E-02
7.638578E+01  6.32479E+01  1.5984E+00  5.7946E+00  3.1909E-01  6.1137E+00  4.854E+00  1.623E-02
8.165640E+01  6.33021E+01  1.4271E+00  4.8396E+00  2.9605E-01  5.1356E+00  4.059E+00  1.518E-02
8.729069E+01  6.33337E+01  1.2703E+00  4.0300E+00  2.7524E-01  4.3052E+00  3.387E+00  1.420E-02
9.331374E+01  6.33506E+01  1.1309E+00  3.3562E+00  2.5645E-01  3.6126E+00  2.826E+00  1.329E-02
9.975239E+01  6.33867E+01  1.0053E+00  2.7907E+00  2.3947E-01  3.0302E+00  2.353E+00  1.243E-02
1.066353E+02  6.33832E+01  8.9153E-01  2.3152E+00  2.2413E-01  2.5393E+00  1.953E+00  1.163E-02
1.139931E+02  6.33731E+01  7.9073E-01  1.9209E+00  2.1027E-01  2.1312E+00  1.622E+00  1.088E-02
1.218587E+02  6.33589E+01  7.0139E-01  1.5939E+00  1.9773E-01  1.7916E+00  1.347E+00  1.017E-02
1.302669E+02  6.33420E+01  6.2220E-01  1.3227E+00  1.8637E-01  1.5091E+00  1.118E+00  9.518E-03
1.392553E+02  6.33234E+01  5.5201E-01  1.0977E+00  1.7606E-01  1.2738E+00  9.282E-01  8.903E-03
1.488640E+02  6.33040E+01  4.8977E-01  9.1107E-01  1.6670E-01  1.0778E+00  7.707E-01  8.329E-03
1.591356E+02  6.32843E+01  4.3458E-01  7.5623E-01  1.5816E-01  9.1439E-01  6.399E-01  7.791E-03
1.701159E+02  6.32647E+01  3.8565E-01  6.2776E-01  1.5038E-01  7.7814E-01  5.313E-01  7.288E-03
1.818539E+02  6.32454E+01  3.4225E-01  5.2115E-01  1.4324E-01  6.6439E-01  4.411E-01  6.818E-03
1.944018E+02  6.32268E+01  3.0375E-01  4.3268E-01  1.3669E-01  5.6937E-01  3.662E-01  6.378E-03
2.078156E+02  6.32088E+01  2.6961E-01  3.5926E-01  1.3065E-01  4.8991E-01  3.041E-01  5.966E-03
2.221548E+02  6.31916E+01  2.4007E-01  2.9925E-01  1.2506E-01  4.2431E-01  2.534E-01  5.581E-03
2.374835E+02  6.31759E+01  2.1392E-01  2.4945E-01  1.1987E-01  3.6932E-01  2.113E-01  5.221E-03
2.538699E+02  6.31612E+01  1.9064E-01  2.0795E-01  1.1503E-01  3.2298E-01  1.763E-01  4.884E-03
2.713869E+02  6.31477E+01  1.6990E-01  1.7336E-01  1.1050E-01  2.8386E-01  1.470E-01  4.569E-03
2.901126E+02  6.31351E+01  1.5143E-01  1.4454E-01  1.0623E-01  2.5077E-01  1.226E-01  4.274E-03
3.101304E+02  6.31234E+01  1.3497E-01  1.2051E-01  1.0221E-01  2.2272E-01  1.023E-01  3.998E-03
3.315294E+02  6.31127E+01  1.2031E-01  1.0049E-01  9.8395E-02  1.9888E-01  8.528E-02  3.740E-03
3.544049E+02  6.31028E+01  1.0724E-01  8.3796E-02  9.4765E-02  1.7856E-01  7.112E-02  3.498E-03
3.788588E+02  6.30936E+01  9.5604E-02  6.9879E-02  9.1299E-02  1.6118E-01  5.932E-02  3.273E-03
4.050001E+02  6.30852E+01  8.5233E-02  5.8277E-02  8.7978E-02  1.4626E-01  4.947E-02  3.061E-03
4.329451E+02  6.30775E+01  7.5990E-02  4.8604E-02  8.4786E-02  1.3339E-01  4.126E-02  2.864E-03
