
   Gd:    Z = 64;   Atomic weight = 157.2500 g/mol ;    nominal density:   [INLINE] = 7.8770E+00 g/cm3
          µa(barns/atom) = µ(cm2/g)  ×  2.61120E+02
          E(eV) µ(cm2/g) = f2(e/atom)  ×  2.67601E+05
          19 edges. Edge energies (keV):
          

  K      5.02391E+01  L I    8.37560E+00  L II   7.93030E+00  L III  7.24280E+00
  M I    1.88080E+00  M II   1.68830E+00  M III  1.54400E+00  M IV   1.21720E+00
  M V    1.18520E+00  N I    3.75800E-01  N II   2.88500E-01  N III  2.70900E-01
  N IV   1.40500E-01  N V    1.40500E-01  N VI   9.27940E-03  N VII  8.52419E-03
  O I    3.61000E-02  O II   2.03000E-02  O III  2.03000E-02

          Relativistic correction estimate frel (H82,3/5CL) = -9.9598E-01, -6.0000E-01 e/atom
          Nuclear Thomson correction fNT = -1.4289E-02 e/atom
     _________________________________________________________________________________________________________
   
   Form Factors, Attenuation and Scattering Cross-sections
   Z=64, E = 0.001 - 1000 keV

                                                              Attenuation
     E         f1            f2          µ           [INLINE] (coh+inc) Coefficient    µK       wavelength
     keV       e/atom       e/atom      cm2/g       cm2/g      cm2/g          cm2/g        nm

8.353710E-03  1.32097E+01  0.0000E+00  0.0000E+00  8.0877E-05  8.0877E-05  0.000E+00  1.484E+02
8.481573E-03  1.31819E+01  0.0000E+00  0.0000E+00  8.7032E-05  8.7032E-05  0.000E+00  1.462E+02
8.515670E-03  1.31665E+01  0.0000E+00  0.0000E+00  8.8730E-05  8.8730E-05  0.000E+00  1.456E+02
8.566815E-03  1.31686E+01  1.9667E-02  6.1434E+02  9.1324E-05  6.1434E+02  0.000E+00  1.447E+02
8.694678E-03  1.31559E+01  1.9324E-02  5.9476E+02  9.8053E-05  5.9476E+02  0.000E+00  1.426E+02
9.093814E-03  1.30748E+01  1.8323E-02  5.3918E+02  1.2143E-04  5.3918E+02  0.000E+00  1.363E+02
9.233005E-03  1.30083E+01  1.7996E-02  5.2158E+02  1.3048E-04  5.2158E+02  0.000E+00  1.343E+02
9.270123E-03  1.29446E+01  1.7910E-02  5.1702E+02  1.3297E-04  5.1702E+02  0.000E+00  1.337E+02
9.325799E-03  1.29986E+01  1.3389E-01  3.8419E+03  1.3678E-04  3.8419E+03  0.000E+00  1.329E+02
9.464990E-03  1.30338E+01  1.3155E-01  3.7193E+03  1.4664E-04  3.7193E+03  0.000E+00  1.310E+02
1.069000E-02  1.29235E+01  1.1642E-01  2.9142E+03  2.5735E-04  2.9142E+03  0.000E+00  1.160E+02
1.142761E-02  1.27999E+01  1.1490E-01  2.6906E+03  3.4778E-04  2.6906E+03  0.000E+00  1.085E+02
1.221612E-02  1.26419E+01  1.1823E-01  2.5900E+03  4.6760E-04  2.5900E+03  0.000E+00  1.015E+02
1.305903E-02  1.24423E+01  1.2603E-01  2.5827E+03  6.2552E-04  2.5827E+03  0.000E+00  9.494E+01
1.396010E-02  1.21876E+01  1.3838E-01  2.6525E+03  8.3259E-04  2.6525E+03  0.000E+00  8.881E+01
1.492335E-02  1.18541E+01  1.5568E-01  2.7917E+03  1.1027E-03  2.7917E+03  0.000E+00  8.308E+01
1.595306E-02  1.13991E+01  1.7868E-01  2.9972E+03  1.4532E-03  2.9972E+03  0.000E+00  7.772E+01
1.705382E-02  1.07332E+01  2.0836E-01  3.2694E+03  1.9056E-03  3.2694E+03  0.000E+00  7.270E+01
1.823053E-02  9.62346E+00  2.4598E-01  3.6107E+03  2.4867E-03  3.6107E+03  0.000E+00  6.801E+01
1.948844E-02  7.04472E+00  2.9310E-01  4.0247E+03  3.2291E-03  4.0247E+03  0.000E+00  6.362E+01
1.989400E-02  4.95758E+00  3.0984E-01  4.1678E+03  3.4969E-03  4.1678E+03  0.000E+00  6.232E+01
2.019850E-02  5.08358E-01  3.2291E-01  4.2781E+03  3.7074E-03  4.2781E+03  0.000E+00  6.138E+01
2.027970E-02 -4.87034E+00  3.2647E-01  4.3079E+03  3.7649E-03  4.3079E+03  0.000E+00  6.114E+01
2.040150E-02  7.85012E-01  1.0947E+01  1.4359E+05  3.8523E-03  1.4359E+05  0.000E+00  6.077E+01
2.070600E-02  5.76199E+00  1.0710E+01  1.3842E+05  4.0767E-03  1.3842E+05  0.000E+00  5.988E+01
2.083314E-02  6.77123E+00  1.0614E+01  1.3634E+05  4.1729E-03  1.3634E+05  0.000E+00  5.951E+01
2.227063E-02  1.17709E+01  9.6389E+00  1.1582E+05  5.3667E-03  1.1582E+05  0.000E+00  5.567E+01
2.380730E-02  1.40334E+01  8.6774E+00  9.7536E+04  6.8689E-03  9.7536E+04  0.000E+00  5.208E+01
2.545001E-02  1.53779E+01  7.6765E+00  8.0717E+04  8.7500E-03  8.0717E+04  0.000E+00  4.872E+01
2.720606E-02  1.61513E+01  6.7379E+00  6.6274E+04  1.1093E-02  6.6274E+04  0.000E+00  4.557E+01
2.908327E-02  1.64765E+01  5.9222E+00  5.4491E+04  1.3999E-02  5.4491E+04  0.000E+00  4.263E+01
3.109002E-02  1.66427E+01  5.2582E+00  4.5259E+04  1.7582E-02  4.5259E+04  0.000E+00  3.988E+01
3.323523E-02  1.66450E+01  4.7528E+00  3.8268E+04  2.1981E-02  3.8268E+04  0.000E+00  3.731E+01
3.537800E-02  1.65486E+01  4.4181E+00  3.3419E+04  2.6980E-02  3.3419E+04  0.000E+00  3.505E+01
3.552846E-02  1.65385E+01  4.4000E+00  3.3141E+04  2.7354E-02  3.3141E+04  0.000E+00  3.490E+01
3.591950E-02  1.65057E+01  4.3559E+00  3.2451E+04  2.8340E-02  3.2451E+04  0.000E+00  3.452E+01
3.606390E-02  1.64811E+01  4.3406E+00  3.2208E+04  2.8710E-02  3.2208E+04  0.000E+00  3.438E+01
3.628050E-02  1.64852E+01  4.3514E+00  3.2095E+04  2.9270E-02  3.2095E+04  0.000E+00  3.417E+01
3.682200E-02  1.64682E+01  4.3032E+00  3.1273E+04  3.0697E-02  3.1273E+04  0.000E+00  3.367E+01
3.797993E-02  1.64096E+01  4.2232E+00  2.9756E+04  3.3884E-02  2.9756E+04  0.000E+00  3.264E+01
4.060054E-02  1.62666E+01  4.1376E+00  2.7272E+04  4.1782E-02  2.7272E+04  0.000E+00  3.054E+01
4.340198E-02  1.61333E+01  4.1554E+00  2.5621E+04  5.1289E-02  2.5621E+04  0.000E+00  2.857E+01
4.639671E-02  1.60235E+01  4.2536E+00  2.4533E+04  6.2677E-02  2.4533E+04  0.000E+00  2.672E+01
4.959809E-02  1.59462E+01  4.4190E+00  2.3842E+04  7.6251E-02  2.3842E+04  0.000E+00  2.500E+01
5.302035E-02  1.59079E+01  4.6376E+00  2.3407E+04  9.2355E-02  2.3407E+04  0.000E+00  2.338E+01
5.667876E-02  1.59114E+01  4.8971E+00  2.3121E+04  1.1137E-01  2.3121E+04  0.000E+00  2.187E+01
6.058959E-02  1.59574E+01  5.1869E+00  2.2909E+04  1.3371E-01  2.2909E+04  0.000E+00  2.046E+01
6.477028E-02  1.60625E+01  5.4977E+00  2.2714E+04  1.5983E-01  2.2714E+04  0.000E+00  1.914E+01
6.923942E-02  1.61889E+01  5.8218E+00  2.2501E+04  1.9024E-01  2.2501E+04  0.000E+00  1.791E+01
7.401695E-02  1.63506E+01  6.1529E+00  2.2245E+04  2.2546E-01  2.2245E+04  0.000E+00  1.675E+01
7.912411E-02  1.65431E+01  6.4858E+00  2.1935E+04  2.6606E-01  2.1935E+04  0.000E+00  1.567E+01
8.458368E-02  1.67603E+01  6.8167E+00  2.1566E+04  3.1266E-01  2.1566E+04  0.000E+00  1.466E+01
9.041995E-02  1.69955E+01  7.1432E+00  2.1141E+04  3.6587E-01  2.1141E+04  0.000E+00  1.371E+01
9.665893E-02  1.72392E+01  7.4631E+00  2.0662E+04  4.2636E-01  2.0662E+04  0.000E+00  1.283E+01
1.033284E-01  1.74773E+01  7.7753E+00  2.0137E+04  4.9479E-01  2.0137E+04  0.000E+00  1.200E+01
1.104581E-01  1.76860E+01  8.0793E+00  1.9573E+04  5.7186E-01  1.9574E+04  0.000E+00  1.122E+01
1.180797E-01  1.78127E+01  8.3754E+00  1.8981E+04  6.5823E-01  1.8982E+04  0.000E+00  1.050E+01
1.262272E-01  1.77150E+01  8.6645E+00  1.8369E+04  7.5458E-01  1.8370E+04  0.000E+00  9.822E+00
1.349368E-01  1.66800E+01  8.9481E+00  1.7745E+04  8.6156E-01  1.7746E+04  0.000E+00  9.188E+00
1.376900E-01  1.54327E+01  9.0330E+00  1.7556E+04  8.9614E-01  1.7557E+04  0.000E+00  9.005E+00
1.397975E-01  1.21099E+01  9.0967E+00  1.7413E+04  9.2283E-01  1.7414E+04  0.000E+00  8.869E+00
1.403595E-01  7.55155E+00  9.1135E+00  1.7375E+04  9.2998E-01  1.7376E+04  0.000E+00  8.833E+00
1.412025E-01  1.31780E+01  1.8379E+01  3.4831E+04  9.4073E-01  3.4832E+04  0.000E+00  8.781E+00
1.433100E-01  1.81249E+01  1.7223E+01  3.2160E+04  9.6773E-01  3.2161E+04  0.000E+00  8.651E+00
1.442475E-01  1.91581E+01  1.6767E+01  3.1105E+04  9.7979E-01  3.1106E+04  0.000E+00  8.595E+00
1.542005E-01  2.29164E+01  1.3495E+01  2.3420E+04  1.1098E+00  2.3421E+04  0.000E+00  8.040E+00
1.648404E-01  2.36122E+01  1.2083E+01  1.9615E+04  1.2522E+00  1.9616E+04  0.000E+00  7.521E+00
1.762144E-01  2.40882E+01  1.1507E+01  1.7475E+04  1.4073E+00  1.7476E+04  0.000E+00  7.036E+00
1.883732E-01  2.45395E+01  1.0862E+01  1.5430E+04  1.5756E+00  1.5432E+04  0.000E+00  6.582E+00
2.013709E-01  2.49021E+01  1.0369E+01  1.3780E+04  1.7571E+00  1.3782E+04  0.000E+00  6.157E+00
2.152655E-01  2.51789E+01  9.9621E+00  1.2384E+04  1.9521E+00  1.2386E+04  0.000E+00  5.760E+00
2.301188E-01  2.53565E+01  9.6158E+00  1.1182E+04  2.1606E+00  1.1184E+04  0.000E+00  5.388E+00
2.459970E-01  2.53982E+01  9.3247E+00  1.0144E+04  2.3824E+00  1.0146E+04  0.000E+00  5.040E+00
2.629708E-01  2.51229E+01  9.0893E+00  9.2493E+03  2.6171E+00  9.2519E+03  0.000E+00  4.715E+00
2.654820E-01  2.49954E+01  9.0604E+00  9.1327E+03  2.6516E+00  9.1354E+03  0.000E+00  4.670E+00
2.695455E-01  2.44999E+01  9.0167E+00  8.9517E+03  2.7072E+00  8.9544E+03  0.000E+00  4.600E+00
2.706291E-01  2.39120E+01  9.0056E+00  8.9049E+03  2.7220E+00  8.9076E+03  0.000E+00  4.581E+00
2.722545E-01  2.44988E+01  1.0141E+01  9.9678E+03  2.7442E+00  9.9705E+03  0.000E+00  4.554E+00
2.763180E-01  2.50022E+01  1.0115E+01  9.7957E+03  2.7995E+00  9.7985E+03  0.000E+00  4.487E+00
2.811158E-01  2.52137E+01  1.0088E+01  9.6030E+03  2.8644E+00  9.6059E+03  0.000E+00  4.410E+00
2.827300E-01  2.52517E+01  1.0080E+01  9.5406E+03  2.8862E+00  9.5435E+03  0.000E+00  4.385E+00
2.870575E-01  2.52427E+01  1.0061E+01  9.3788E+03  2.9444E+00  9.3817E+03  0.000E+00  4.319E+00
2.882115E-01  2.50979E+01  1.0056E+01  9.3370E+03  2.9599E+00  9.3400E+03  0.000E+00  4.302E+00
2.899425E-01  2.53206E+01  1.0397E+01  9.5961E+03  2.9831E+00  9.5991E+03  0.000E+00  4.276E+00
2.942700E-01  2.55773E+01  1.0388E+01  9.4466E+03  3.0408E+00  9.4496E+03  0.000E+00  4.213E+00
3.005128E-01  2.57883E+01  1.0380E+01  9.2432E+03  3.1236E+00  9.2463E+03  0.000E+00  4.126E+00
3.212482E-01  2.62389E+01  1.0387E+01  8.6528E+03  3.3938E+00  8.6562E+03  0.000E+00  3.859E+00
3.434143E-01  2.65721E+01  1.0436E+01  8.1321E+03  3.6742E+00  8.1358E+03  0.000E+00  3.610E+00
3.671099E-01  2.67573E+01  1.0511E+01  7.6617E+03  3.9634E+00  7.6657E+03  0.000E+00  3.377E+00
3.682840E-01  2.67523E+01  1.0515E+01  7.6402E+03  3.9775E+00  7.6442E+03  0.000E+00  3.367E+00
3.739210E-01  2.66102E+01  1.0534E+01  7.5386E+03  4.0445E+00  7.5426E+03  0.000E+00  3.316E+00
3.754242E-01  2.63616E+01  1.0539E+01  7.5120E+03  4.0623E+00  7.5161E+03  0.000E+00  3.303E+00
3.776790E-01  2.66708E+01  1.1080E+01  7.8507E+03  4.0889E+00  7.8548E+03  0.000E+00  3.283E+00
3.833160E-01  2.69981E+01  1.1102E+01  7.7505E+03  4.1549E+00  7.7547E+03  0.000E+00  3.235E+00
3.924405E-01  2.72830E+01  1.1136E+01  7.5935E+03  4.2603E+00  7.5978E+03  0.000E+00  3.159E+00
4.195189E-01  2.78905E+01  1.1223E+01  7.1589E+03  4.5634E+00  7.1635E+03  0.000E+00  2.955E+00
4.484657E-01  2.84281E+01  1.1280E+01  6.7309E+03  4.8710E+00  6.7358E+03  0.000E+00  2.765E+00
4.794098E-01  2.89548E+01  1.1291E+01  6.3027E+03  5.1813E+00  6.3079E+03  0.000E+00  2.586E+00
5.124891E-01  2.94519E+01  1.1246E+01  5.8724E+03  5.4926E+00  5.8779E+03  0.000E+00  2.419E+00
5.478508E-01  2.99015E+01  1.1140E+01  5.4413E+03  5.8027E+00  5.4471E+03  0.000E+00  2.263E+00
5.856525E-01  3.02803E+01  1.0968E+01  5.0114E+03  6.1098E+00  5.0175E+03  0.000E+00  2.117E+00
6.260625E-01  3.05533E+01  1.0726E+01  4.5845E+03  6.4116E+00  4.5909E+03  0.000E+00  1.980E+00
6.692609E-01  3.06801E+01  1.0425E+01  4.1685E+03  6.7061E+00  4.1752E+03  0.000E+00  1.853E+00
7.154399E-01  3.06171E+01  1.0081E+01  3.7705E+03  6.9912E+00  3.7775E+03  0.000E+00  1.733E+00
7.648052E-01  3.03084E+01  9.7058E+00  3.3960E+03  7.2646E+00  3.4033E+03  0.000E+00  1.621E+00
8.175768E-01  2.96743E+01  9.3132E+00  3.0483E+03  7.5245E+00  3.0558E+03  0.000E+00  1.516E+00
8.739896E-01  2.85707E+01  8.9133E+00  2.7291E+03  7.7689E+00  2.7369E+03  0.000E+00  1.419E+00
9.342948E-01  2.67334E+01  8.5141E+00  2.4386E+03  7.9959E+00  2.4466E+03  0.000E+00  1.327E+00
9.987612E-01  2.35852E+01  8.1218E+00  2.1761E+03  8.2037E+00  2.1843E+03  0.000E+00  1.241E+00
1.067676E+00  1.69572E+01  7.5458E+00  1.8913E+03  8.3909E+00  1.8997E+03  0.000E+00  1.161E+00
1.141345E+00 -3.85147E+00  6.9966E+00  1.6404E+03  8.5560E+00  1.6490E+03  0.000E+00  1.086E+00
1.161496E+00 -2.18103E+01  6.8582E+00  1.5801E+03  8.5955E+00  1.5887E+03  0.000E+00  1.067E+00
1.179274E+00 -7.60622E+01  6.7390E+00  1.5292E+03  8.6285E+00  1.5378E+03  0.000E+00  1.051E+00
1.184015E+00 -1.60885E+02  6.7080E+00  1.5161E+03  8.6370E+00  1.5247E+03  0.000E+00  1.047E+00
1.191126E+00 -2.39861E+01  1.6970E+02  3.8124E+04  8.6495E+00  3.8133E+04  0.000E+00  1.041E+00
1.192856E+00 -6.68539E+00  1.5795E+02  3.5434E+04  8.6525E+00  3.5443E+04  0.000E+00  1.039E+00
1.208904E+00  2.52985E+01  8.2601E+01  1.8284E+04  8.6797E+00  1.8293E+04  0.000E+00  1.026E+00
1.211114E+00  1.82949E+01  7.5764E+01  1.6740E+04  8.6833E+00  1.6749E+04  0.000E+00  1.024E+00
1.215983E+00 -3.44186E+01  6.2818E+01  1.3824E+04  8.6912E+00  1.3833E+04  0.000E+00  1.020E+00
1.220098E+00  1.96223E+01  1.7499E+02  3.8380E+04  8.6978E+00  3.8389E+04  0.000E+00  1.016E+00
1.223286E+00  5.55546E+01  1.5387E+02  3.3661E+04  8.7029E+00  3.3670E+04  0.000E+00  1.014E+00
1.241544E+00  9.37459E+01  7.5339E+01  1.6239E+04  8.7309E+00  1.6248E+04  0.000E+00  9.986E-01
1.304285E+00  5.98379E+01  2.2734E+01  4.6644E+03  8.8154E+00  4.6732E+03  0.000E+00  9.506E-01
1.394281E+00  4.45259E+01  2.0122E+01  3.8620E+03  8.9080E+00  3.8709E+03  0.000E+00  8.892E-01
1.490486E+00  3.89894E+01  2.3063E+01  4.1408E+03  8.9750E+00  4.1498E+03  0.000E+00  8.318E-01
1.513120E+00  3.81478E+01  2.4018E+01  4.2477E+03  8.9866E+00  4.2567E+03  0.000E+00  8.194E-01
1.536280E+00  3.64678E+01  2.5010E+01  4.3564E+03  8.9969E+00  4.3654E+03  0.000E+00  8.070E-01
1.542456E+00  3.43046E+01  2.5244E+01  4.3796E+03  8.9994E+00  4.3886E+03  0.000E+00  8.038E-01
1.551720E+00  3.68220E+01  2.9984E+01  5.1709E+03  9.0029E+00  5.1799E+03  0.000E+00  7.990E-01
1.574880E+00  3.94502E+01  3.0417E+01  5.1684E+03  9.0108E+00  5.1774E+03  0.000E+00  7.873E-01
1.593329E+00  4.06488E+01  3.0625E+01  5.1436E+03  9.0162E+00  5.1526E+03  0.000E+00  7.781E-01
1.654534E+00  4.31767E+01  3.1016E+01  5.0164E+03  9.0279E+00  5.0254E+03  0.000E+00  7.494E-01
1.679859E+00  4.35943E+01  3.1152E+01  4.9626E+03  9.0303E+00  4.9716E+03  0.000E+00  7.381E-01
1.686612E+00  4.29772E+01  3.1157E+01  4.9435E+03  9.0307E+00  4.9525E+03  0.000E+00  7.351E-01
1.696742E+00  4.44316E+01  3.2992E+01  5.2033E+03  9.0311E+00  5.2123E+03  0.000E+00  7.307E-01
1.703269E+00  4.50986E+01  3.2949E+01  5.1766E+03  9.0313E+00  5.1856E+03  0.000E+00  7.279E-01
1.722066E+00  4.64962E+01  3.2798E+01  5.0966E+03  9.0313E+00  5.1056E+03  0.000E+00  7.200E-01
1.820795E+00  5.12011E+01  3.0902E+01  4.5416E+03  9.0207E+00  4.5506E+03  0.000E+00  6.809E-01
1.843184E+00  5.19048E+01  3.0347E+01  4.4059E+03  9.0159E+00  4.4149E+03  0.000E+00  6.727E-01
1.871396E+00  5.23838E+01  2.9607E+01  4.2337E+03  9.0089E+00  4.2427E+03  0.000E+00  6.625E-01
1.878919E+00  5.20287E+01  2.9404E+01  4.1878E+03  9.0068E+00  4.1968E+03  0.000E+00  6.599E-01
1.890204E+00  5.29770E+01  3.0268E+01  4.2852E+03  9.0035E+00  4.2942E+03  0.000E+00  6.559E-01
1.918416E+00  5.43032E+01  2.9475E+01  4.1115E+03  8.9945E+00  4.1205E+03  0.000E+00  6.463E-01
1.946430E+00  5.52080E+01  2.8683E+01  3.9434E+03  8.9845E+00  3.9524E+03  0.000E+00  6.370E-01
2.080733E+00  5.78288E+01  2.5057E+01  3.2225E+03  8.9235E+00  3.2314E+03  0.000E+00  5.959E-01
2.224304E+00  5.90054E+01  2.1903E+01  2.6351E+03  8.8384E+00  2.6439E+03  0.000E+00  5.574E-01
2.377781E+00  5.96307E+01  1.9419E+01  2.1855E+03  8.7302E+00  2.1942E+03  0.000E+00  5.214E-01
2.541848E+00  6.00256E+01  1.7670E+01  1.8602E+03  8.6000E+00  1.8688E+03  0.000E+00  4.878E-01
2.717235E+00  6.03322E+01  1.6120E+01  1.5875E+03  8.4491E+00  1.5959E+03  0.000E+00  4.563E-01
2.904724E+00  6.06027E+01  1.4709E+01  1.3551E+03  8.2790E+00  1.3634E+03  0.000E+00  4.268E-01
3.105150E+00  6.09503E+01  1.3343E+01  1.1499E+03  8.0911E+00  1.1580E+03  0.000E+00  3.993E-01
3.319406E+00  6.10318E+01  1.2003E+01  9.6764E+02  7.8870E+00  9.7553E+02  0.000E+00  3.735E-01
3.548445E+00  6.10501E+01  1.0797E+01  8.1424E+02  7.6686E+00  8.2191E+02  0.000E+00  3.494E-01
3.793288E+00  6.09578E+01  9.7201E+00  6.8571E+02  7.4375E+00  6.9315E+02  0.000E+00  3.269E-01
4.055024E+00  6.07797E+01  8.7546E+00  5.7774E+02  7.1955E+00  5.8494E+02  0.000E+00  3.058E-01
4.334821E+00  6.05462E+01  7.8959E+00  4.8744E+02  6.9443E+00  4.9438E+02  0.000E+00  2.860E-01
4.633924E+00  6.02633E+01  7.1311E+00  4.1181E+02  6.6857E+00  4.1850E+02  0.000E+00  2.676E-01
4.953664E+00  5.99288E+01  6.4492E+00  3.4839E+02  6.4215E+00  3.5481E+02  0.000E+00  2.503E-01
5.295467E+00  5.95306E+01  5.8260E+00  2.9441E+02  6.1533E+00  3.0056E+02  0.000E+00  2.341E-01
5.660855E+00  5.90193E+01  5.2446E+00  2.4792E+02  5.8827E+00  2.5380E+02  0.000E+00  2.190E-01
6.051453E+00  5.83326E+01  4.7294E+00  2.0914E+02  5.6112E+00  2.1475E+02  0.000E+00  2.049E-01
6.469004E+00  5.73192E+01  4.2728E+00  1.7675E+02  5.3403E+00  1.8209E+02  0.000E+00  1.917E-01
6.915365E+00  5.53684E+01  3.8570E+00  1.4925E+02  5.0714E+00  1.5432E+02  0.000E+00  1.793E-01
7.097944E+00  5.35634E+01  3.7036E+00  1.3963E+02  4.9671E+00  1.4460E+02  0.000E+00  1.747E-01
7.206586E+00  5.05305E+01  3.6172E+00  1.3432E+02  4.9066E+00  1.3923E+02  0.000E+00  1.720E-01
7.235557E+00  4.69937E+01  3.5948E+00  1.3295E+02  4.8907E+00  1.3784E+02  0.000E+00  1.714E-01
7.279014E+00  5.05208E+01  1.0455E+01  3.8435E+02  4.8669E+00  3.8922E+02  0.000E+00  1.703E-01
7.392525E+00  5.36385E+01  1.0112E+01  3.6606E+02  4.8056E+00  3.7087E+02  0.000E+00  1.677E-01
7.771694E+00  5.52011E+01  9.1507E+00  3.1509E+02  4.6092E+00  3.1970E+02  0.000E+00  1.595E-01
7.890649E+00  5.41336E+01  8.9120E+00  3.0224E+02  4.5500E+00  3.0679E+02  0.000E+00  1.571E-01
7.902609E+00  5.37852E+01  8.8889E+00  3.0100E+02  4.5442E+00  3.0554E+02  0.000E+00  1.569E-01
7.922370E+00  5.25006E+01  8.8510E+00  2.9897E+02  4.5345E+00  3.0350E+02  0.000E+00  1.565E-01
7.969952E+00  5.43302E+01  1.2125E+01  4.0710E+02  4.5113E+00  4.1161E+02  0.000E+00  1.556E-01
8.088906E+00  5.60583E+01  1.1824E+01  3.9117E+02  4.4541E+00  3.9562E+02  0.000E+00  1.533E-01
8.208088E+00  5.67170E+01  1.1537E+01  3.7614E+02  4.3979E+00  3.8054E+02  0.000E+00  1.511E-01
8.333722E+00  5.66681E+01  1.1249E+01  3.6120E+02  4.3398E+00  3.6554E+02  0.000E+00  1.488E-01
8.367224E+00  5.59394E+01  1.1175E+01  3.5740E+02  4.3245E+00  3.6172E+02  0.000E+00  1.482E-01
8.417478E+00  5.70383E+01  1.2806E+01  4.0712E+02  4.3017E+00  4.1142E+02  0.000E+00  1.473E-01
8.447890E+00  5.74719E+01  1.2738E+01  4.0351E+02  4.2880E+00  4.0780E+02  0.000E+00  1.468E-01
8.543112E+00  5.83113E+01  1.2530E+01  3.9249E+02  4.2456E+00  3.9674E+02  0.000E+00  1.451E-01
9.030794E+00  6.04779E+01  1.1524E+01  3.4148E+02  4.0382E+00  3.4552E+02  0.000E+00  1.373E-01
9.653919E+00  6.18945E+01  1.0333E+01  2.8642E+02  3.7953E+00  2.9022E+02  0.000E+00  1.284E-01
1.032004E+01  6.27750E+01  9.2524E+00  2.3992E+02  3.5602E+00  2.4348E+02  0.000E+00  1.201E-01
1.103212E+01  6.33568E+01  8.2759E+00  2.0074E+02  3.3334E+00  2.0407E+02  0.000E+00  1.124E-01
1.179334E+01  6.37404E+01  7.4018E+00  1.6795E+02  3.1153E+00  1.7107E+02  0.000E+00  1.051E-01
1.260708E+01  6.39922E+01  6.6258E+00  1.4064E+02  2.9063E+00  1.4355E+02  0.000E+00  9.834E-02
1.347697E+01  6.41543E+01  5.9363E+00  1.1787E+02  2.7067E+00  1.2058E+02  0.000E+00  9.200E-02
1.440688E+01  6.42554E+01  5.3231E+00  9.8875E+01  2.5166E+00  1.0139E+02  0.000E+00  8.606E-02
1.540095E+01  6.43753E+01  4.7588E+00  8.2687E+01  2.3362E+00  8.5023E+01  0.000E+00  8.050E-02
1.646362E+01  6.44222E+01  4.2515E+00  6.9104E+01  2.1654E+00  7.1269E+01  0.000E+00  7.531E-02
1.759961E+01  6.44323E+01  3.7894E+00  5.7618E+01  2.0042E+00  5.9622E+01  0.000E+00  7.045E-02
1.881398E+01  6.43823E+01  3.3778E+00  4.8045E+01  1.8525E+00  4.9898E+01  0.000E+00  6.590E-02
2.011215E+01  6.43148E+01  3.0136E+00  4.0097E+01  1.7100E+00  4.1807E+01  0.000E+00  6.165E-02
2.149988E+01  6.42361E+01  2.6910E+00  3.3494E+01  1.5767E+00  3.5071E+01  0.000E+00  5.767E-02
2.298338E+01  6.41503E+01  2.4051E+00  2.8004E+01  1.4521E+00  2.9456E+01  0.000E+00  5.395E-02
2.456923E+01  6.40603E+01  2.1515E+00  2.3434E+01  1.3361E+00  2.4770E+01  0.000E+00  5.046E-02
2.626450E+01  6.39699E+01  1.9262E+00  1.9626E+01  1.2282E+00  2.0854E+01  0.000E+00  4.721E-02
2.807676E+01  6.38844E+01  1.7125E+00  1.6322E+01  1.1282E+00  1.7450E+01  0.000E+00  4.416E-02
3.001405E+01  6.37780E+01  1.5200E+00  1.3552E+01  1.0357E+00  1.4588E+01  0.000E+00  4.131E-02
3.208502E+01  6.36621E+01  1.3491E+00  1.1252E+01  9.5030E-01  1.2202E+01  0.000E+00  3.864E-02
3.429889E+01  6.35343E+01  1.1961E+00  9.3320E+00  8.7163E-01  1.0204E+01  0.000E+00  3.615E-02
3.666551E+01  6.33900E+01  1.0592E+00  7.7302E+00  7.9930E-01  8.5295E+00  0.000E+00  3.381E-02
3.919543E+01  6.32174E+01  9.3498E-01  6.3835E+00  7.3293E-01  7.1164E+00  0.000E+00  3.163E-02
4.189992E+01  6.29955E+01  8.2563E-01  5.2730E+00  6.7216E-01  5.9452E+00  0.000E+00  2.959E-02
4.479101E+01  6.26711E+01  7.2944E-01  4.3580E+00  6.1660E-01  4.9746E+00  0.000E+00  2.768E-02
4.788159E+01  6.20283E+01  6.4496E-01  3.6045E+00  5.6590E-01  4.1704E+00  0.000E+00  2.589E-02
4.923432E+01  6.13442E+01  6.1279E-01  3.3307E+00  5.4608E-01  3.8768E+00  0.000E+00  2.518E-02
4.998791E+01  6.01781E+01  5.9596E-01  3.1904E+00  5.3560E-01  3.7260E+00  0.000E+00  2.480E-02
5.018886E+01  5.87811E+01  5.9160E-01  3.1543E+00  5.3287E-01  3.6872E+00  0.000E+00  2.470E-02
5.049030E+01  6.01934E+01  3.3355E+00  1.7679E+01  5.2882E-01  1.8208E+01  1.458E+01  2.456E-02
5.118542E+01  6.14133E+01  3.2652E+00  1.7071E+01  5.1971E-01  1.7591E+01  1.409E+01  2.422E-02
5.124388E+01  6.14695E+01  3.2594E+00  1.7021E+01  5.1895E-01  1.7540E+01  1.405E+01  2.419E-02
5.471721E+01  6.28932E+01  2.9371E+00  1.4364E+01  4.7768E-01  1.4842E+01  1.189E+01  2.266E-02
5.849270E+01  6.34489E+01  2.6343E+00  1.2052E+01  4.3951E-01  1.2492E+01  1.000E+01  2.120E-02
6.252870E+01  6.37699E+01  2.3606E+00  1.0103E+01  4.0487E-01  1.0508E+01  8.403E+00  1.983E-02
6.684318E+01  6.39778E+01  2.1138E+00  8.4624E+00  3.7348E-01  8.8359E+00  7.051E+00  1.855E-02
7.145536E+01  6.41165E+01  1.8907E+00  7.0807E+00  3.4506E-01  7.4258E+00  5.908E+00  1.735E-02
7.638578E+01  6.42109E+01  1.6911E+00  5.9244E+00  3.1936E-01  6.2438E+00  4.950E+00  1.623E-02
8.165640E+01  6.42766E+01  1.5105E+00  4.9501E+00  2.9612E-01  5.2462E+00  4.141E+00  1.518E-02
8.729069E+01  6.43175E+01  1.3450E+00  4.1234E+00  2.7513E-01  4.3985E+00  3.456E+00  1.420E-02
9.331374E+01  6.43408E+01  1.1979E+00  3.4352E+00  2.5616E-01  3.6914E+00  2.885E+00  1.329E-02
9.975239E+01  6.43522E+01  1.0669E+00  2.8622E+00  2.3904E-01  3.1012E+00  2.408E+00  1.243E-02
1.066353E+02  6.43832E+01  9.4693E-01  2.3763E+00  2.2356E-01  2.5999E+00  2.001E+00  1.163E-02
1.139931E+02  6.43762E+01  8.4015E-01  1.9723E+00  2.0958E-01  2.1819E+00  1.662E+00  1.088E-02
1.218587E+02  6.43640E+01  7.4547E-01  1.6371E+00  1.9692E-01  1.8340E+00  1.380E+00  1.017E-02
1.302669E+02  6.43484E+01  6.6153E-01  1.3589E+00  1.8547E-01  1.5444E+00  1.146E+00  9.518E-03
1.392553E+02  6.43308E+01  5.8709E-01  1.1282E+00  1.7508E-01  1.3033E+00  9.522E-01  8.903E-03
1.488640E+02  6.43119E+01  5.2107E-01  9.3668E-01  1.6564E-01  1.1023E+00  7.909E-01  8.329E-03
1.591356E+02  6.42924E+01  4.6251E-01  7.7775E-01  1.5705E-01  9.3480E-01  6.569E-01  7.791E-03
1.701159E+02  6.42729E+01  4.1057E-01  6.4585E-01  1.4920E-01  7.9505E-01  5.456E-01  7.288E-03
1.818539E+02  6.42535E+01  3.6449E-01  5.3635E-01  1.4203E-01  6.7838E-01  4.532E-01  6.818E-03
1.944018E+02  6.42347E+01  3.2360E-01  4.4545E-01  1.3544E-01  5.8089E-01  3.764E-01  6.378E-03
2.078156E+02  6.42164E+01  2.8733E-01  3.6999E-01  1.2937E-01  4.9936E-01  3.126E-01  5.966E-03
2.221548E+02  6.41988E+01  2.5546E-01  3.0772E-01  1.2377E-01  4.3149E-01  2.600E-01  5.581E-03
2.374835E+02  6.41825E+01  2.2781E-01  2.5670E-01  1.1856E-01  3.7526E-01  2.171E-01  5.221E-03
2.538699E+02  6.41674E+01  2.0316E-01  2.1415E-01  1.1371E-01  3.2786E-01  1.812E-01  4.884E-03
2.713869E+02  6.41534E+01  1.8119E-01  1.7866E-01  1.0917E-01  2.8783E-01  1.512E-01  4.569E-03
2.901126E+02  6.41404E+01  1.6161E-01  1.4907E-01  1.0491E-01  2.5398E-01  1.262E-01  4.274E-03
3.101304E+02  6.41284E+01  1.4415E-01  1.2438E-01  1.0089E-01  2.2527E-01  1.054E-01  3.998E-03
3.315294E+02  6.41173E+01  1.2859E-01  1.0379E-01  9.7085E-02  2.0088E-01  8.795E-02  3.740E-03
3.544049E+02  6.41071E+01  1.1471E-01  8.6616E-02  9.3465E-02  1.8008E-01  7.341E-02  3.498E-03
3.788588E+02  6.40977E+01  1.0234E-01  7.2286E-02  9.0012E-02  1.6230E-01  6.127E-02  3.273E-03
4.050001E+02  6.40890E+01  9.1305E-02  6.0329E-02  8.6706E-02  1.4704E-01  5.114E-02  3.061E-03
4.329451E+02  6.40810E+01  8.1465E-02  5.0353E-02  8.3531E-02  1.3388E-01  4.269E-02  2.864E-03
