
   Dy:    Z = 66;   Atomic weight = 162.5000 g/mol ;    nominal density:   [INLINE] = 8.5250E+00 g/cm3
          µa(barns/atom) = µ(cm2/g)  ×  2.69838E+02
          E(eV) µ(cm2/g) = f2(e/atom)  ×  2.58956E+05
          19 edges. Edge energies (keV):
          

  K      5.37885E+01  L I    9.04580E+00  L II   8.58060E+00  L III  7.79010E+00
  M I    2.04680E+00  M II   1.84180E+00  M III  1.67560E+00  M IV   1.33250E+00
  M V    1.29490E+00  N I    4.16300E-01  N II   3.31800E-01  N III  2.92900E-01
  N IV   1.54200E-01  N V    1.54200E-01  N VI   4.20000E-03  N VII  4.20000E-03
  O I    6.29000E-02  O II   2.63000E-02  O III  2.63000E-02

          Relativistic correction estimate frel (H82,3/5CL) = -1.0783E+00, -6.4740E-01 e/atom
          Nuclear Thomson correction fNT = -1.4705E-02 e/atom
     _________________________________________________________________________________________________________
   
   Form Factors, Attenuation and Scattering Cross-sections
   Z=66, E = 0.001 - 1000 keV

                                                              Attenuation
     E         f1            f2          µ           [INLINE] (coh+inc) Coefficient    µK       wavelength
     keV       e/atom       e/atom      cm2/g       cm2/g      cm2/g          cm2/g        nm

4.116000E-03  1.20399E+01  0.0000E+00  0.0000E+00  1.9080E-06  1.9080E-06  0.000E+00  3.012E+02
4.179000E-03  1.19981E+01  0.0000E+00  0.0000E+00  2.0805E-06  2.0805E-06  0.000E+00  2.967E+02
4.195800E-03  1.19535E+01  0.0000E+00  0.0000E+00  2.1285E-06  2.1285E-06  0.000E+00  2.955E+02
4.221000E-03  1.19946E+01  8.4705E-02  5.1966E+03  2.2022E-06  5.1966E+03  0.000E+00  2.937E+02
4.284000E-03  1.20271E+01  8.5785E-02  5.1855E+03  2.3951E-06  5.1855E+03  0.000E+00  2.894E+02
1.069000E-02  1.15061E+01  2.6494E-01  6.4178E+03  2.5522E-04  6.4178E+03  0.000E+00  1.160E+02
1.142761E-02  1.13999E+01  2.9523E-01  6.6901E+03  3.4524E-04  6.6901E+03  0.000E+00  1.085E+02
1.221612E-02  1.12755E+01  3.2993E-01  6.9939E+03  4.6463E-04  6.9939E+03  0.000E+00  1.015E+02
1.305903E-02  1.13472E+01  3.6970E-01  7.3311E+03  6.2214E-04  7.3311E+03  0.000E+00  9.494E+01
1.396010E-02  1.11736E+01  4.1529E-01  7.7035E+03  8.2887E-04  7.7035E+03  0.000E+00  8.881E+01
1.492335E-02  1.09656E+01  4.6755E-01  8.1130E+03  1.0988E-03  8.1130E+03  0.000E+00  8.308E+01
1.595306E-02  1.07127E+01  5.2742E-01  8.5613E+03  1.4494E-03  8.5613E+03  0.000E+00  7.772E+01
1.705382E-02  1.03998E+01  5.9600E-01  9.0500E+03  1.9023E-03  9.0500E+03  0.000E+00  7.270E+01
1.823053E-02  1.00025E+01  6.7432E-01  9.5784E+03  2.4847E-03  9.5784E+03  0.000E+00  6.801E+01
1.948844E-02  9.47980E+00  7.6357E-01  1.0146E+04  3.2294E-03  1.0146E+04  0.000E+00  6.362E+01
2.083314E-02  8.75445E+00  8.6507E-01  1.0753E+04  4.1770E-03  1.0753E+04  0.000E+00  5.951E+01
2.227063E-02  7.65884E+00  9.8022E-01  1.1398E+04  5.3766E-03  1.1398E+04  0.000E+00  5.567E+01
2.380730E-02  5.72391E+00  1.1105E+00  1.2079E+04  6.8877E-03  1.2079E+04  0.000E+00  5.208E+01
2.545001E-02  5.35432E-01  1.2576E+00  1.2796E+04  8.7814E-03  1.2796E+04  0.000E+00  4.872E+01
2.577400E-02 -2.09144E+00  1.2875E+00  1.2936E+04  9.1903E-03  1.2936E+04  0.000E+00  4.810E+01
2.616850E-02 -1.03771E+01  1.3243E+00  1.3105E+04  9.7044E-03  1.3105E+04  0.000E+00  4.738E+01
2.627370E-02 -2.06809E+01  1.3342E+00  1.3150E+04  9.8445E-03  1.3150E+04  0.000E+00  4.719E+01
2.643150E-02 -9.41095E+00  2.1825E+01  2.1383E+05  1.0057E-02  2.1383E+05  0.000E+00  4.691E+01
2.682600E-02  5.61530E-01  2.0871E+01  2.0147E+05  1.0601E-02  2.0147E+05  0.000E+00  4.622E+01
2.720606E-02  4.62242E+00  2.0011E+01  1.9047E+05  1.1143E-02  1.9047E+05  0.000E+00  4.557E+01
2.908327E-02  1.27652E+01  1.6478E+01  1.4672E+05  1.4073E-02  1.4672E+05  0.000E+00  4.263E+01
3.109002E-02  1.59925E+01  1.3594E+01  1.1323E+05  1.7690E-02  1.1323E+05  0.000E+00  3.988E+01
3.323523E-02  1.74640E+01  1.1256E+01  8.7701E+04  2.2134E-02  8.7701E+04  0.000E+00  3.731E+01
3.552846E-02  1.80436E+01  9.4549E+00  6.8914E+04  2.7567E-02  6.8914E+04  0.000E+00  3.490E+01
3.797993E-02  1.81477E+01  8.1320E+00  5.5446E+04  3.4175E-02  5.5446E+04  0.000E+00  3.264E+01
4.060054E-02  1.80083E+01  7.2103E+00  4.5988E+04  4.2175E-02  4.5988E+04  0.000E+00  3.054E+01
4.340198E-02  1.77603E+01  6.6139E+00  3.9462E+04  5.1812E-02  3.9462E+04  0.000E+00  2.857E+01
4.639671E-02  1.74826E+01  6.2771E+00  3.5034E+04  6.3366E-02  3.5034E+04  0.000E+00  2.672E+01
4.959809E-02  1.72211E+01  6.1460E+00  3.2089E+04  7.7149E-02  3.2089E+04  0.000E+00  2.500E+01
5.302035E-02  1.70027E+01  6.1788E+00  3.0178E+04  9.3515E-02  3.0178E+04  0.000E+00  2.338E+01
5.667876E-02  1.68431E+01  6.3436E+00  2.8983E+04  1.1285E-01  2.8983E+04  0.000E+00  2.187E+01
6.058959E-02  1.67508E+01  6.6164E+00  2.8278E+04  1.3559E-01  2.8278E+04  0.000E+00  2.046E+01
6.164200E-02  1.67367E+01  6.7021E+00  2.8155E+04  1.4207E-01  2.8155E+04  0.000E+00  2.011E+01
6.258550E-02  1.67217E+01  6.7824E+00  2.8063E+04  1.4801E-01  2.8063E+04  0.000E+00  1.981E+01
6.283710E-02  1.67082E+01  6.8044E+00  2.8041E+04  1.4961E-01  2.8041E+04  0.000E+00  1.973E+01
6.321450E-02  1.67212E+01  6.8637E+00  2.8117E+04  1.5203E-01  2.8117E+04  0.000E+00  1.961E+01
6.415800E-02  1.67362E+01  6.9503E+00  2.8053E+04  1.5816E-01  2.8053E+04  0.000E+00  1.932E+01
6.477028E-02  1.67444E+01  7.0080E+00  2.8018E+04  1.6221E-01  2.8018E+04  0.000E+00  1.914E+01
6.923942E-02  1.68490E+01  7.4562E+00  2.7886E+04  1.9321E-01  2.7886E+04  0.000E+00  1.791E+01
7.401695E-02  1.70661E+01  7.9731E+00  2.7895E+04  2.2914E-01  2.7895E+04  0.000E+00  1.675E+01
7.912411E-02  1.74445E+01  8.5332E+00  2.7927E+04  2.7061E-01  2.7927E+04  0.000E+00  1.567E+01
8.458368E-02  1.78946E+01  8.7702E+00  2.6850E+04  3.1823E-01  2.6850E+04  0.000E+00  1.466E+01
9.041995E-02  1.83409E+01  8.9903E+00  2.5747E+04  3.7265E-01  2.5747E+04  0.000E+00  1.371E+01
9.665893E-02  1.87849E+01  9.1862E+00  2.4610E+04  4.3457E-01  2.4610E+04  0.000E+00  1.283E+01
1.033284E-01  1.92189E+01  9.3520E+00  2.3437E+04  5.0467E-01  2.3438E+04  0.000E+00  1.200E+01
1.104581E-01  1.96262E+01  9.4828E+00  2.2231E+04  5.8367E-01  2.2232E+04  0.000E+00  1.122E+01
1.180797E-01  1.99771E+01  9.5754E+00  2.1000E+04  6.7228E-01  2.1001E+04  0.000E+00  1.050E+01
1.262272E-01  2.02136E+01  9.6270E+00  1.9750E+04  7.7121E-01  1.9751E+04  0.000E+00  9.822E+00
1.349368E-01  2.01960E+01  9.6360E+00  1.8492E+04  8.8114E-01  1.8493E+04  0.000E+00  9.188E+00
1.442475E-01  1.94171E+01  9.6019E+00  1.7237E+04  1.0027E+00  1.7238E+04  0.000E+00  8.595E+00
1.511160E-01  1.64672E+01  9.5527E+00  1.6370E+04  1.0947E+00  1.6371E+04  0.000E+00  8.205E+00
1.534290E-01  1.13452E+01  9.5322E+00  1.6088E+04  1.1260E+00  1.6089E+04  0.000E+00  8.081E+00
1.540458E-01  4.24887E+00  9.5265E+00  1.6014E+04  1.1344E+00  1.6015E+04  0.000E+00  8.049E+00
1.542005E-01 -2.28916E+01  2.4764E+01  4.1587E+04  1.1365E+00  4.1588E+04  0.000E+00  8.040E+00
1.549710E-01  1.32126E+01  2.3903E+01  3.9941E+04  1.1470E+00  3.9942E+04  0.000E+00  8.000E+00
1.572840E-01  2.09389E+01  2.1614E+01  3.5587E+04  1.1787E+00  3.5588E+04  0.000E+00  7.883E+00
1.648404E-01  2.65780E+01  1.6451E+01  2.5844E+04  1.2832E+00  2.5845E+04  0.000E+00  7.521E+00
1.762144E-01  2.74925E+01  1.2647E+01  1.8585E+04  1.4431E+00  1.8586E+04  0.000E+00  7.036E+00
1.883732E-01  2.73390E+01  1.1099E+01  1.5258E+04  1.6166E+00  1.5260E+04  0.000E+00  6.582E+00
2.013709E-01  2.72460E+01  1.0323E+01  1.3275E+04  1.8040E+00  1.3277E+04  0.000E+00  6.157E+00
2.152655E-01  2.72328E+01  9.8432E+00  1.1841E+04  2.0055E+00  1.1843E+04  0.000E+00  5.760E+00
2.301188E-01  2.72493E+01  9.5006E+00  1.0691E+04  2.2210E+00  1.0693E+04  0.000E+00  5.388E+00
2.459970E-01  2.72489E+01  9.2389E+00  9.7256E+03  2.4504E+00  9.7280E+03  0.000E+00  5.040E+00
2.629708E-01  2.71810E+01  9.0384E+00  8.9004E+03  2.6935E+00  8.9031E+03  0.000E+00  4.715E+00
2.811158E-01  2.69110E+01  8.8937E+00  8.1926E+03  2.9498E+00  8.1956E+03  0.000E+00  4.410E+00
2.870420E-01  2.66690E+01  8.8599E+00  7.9930E+03  3.0325E+00  7.9960E+03  0.000E+00  4.319E+00
2.914355E-01  2.61677E+01  8.8387E+00  7.8536E+03  3.0935E+00  7.8567E+03  0.000E+00  4.254E+00
2.926071E-01  2.55806E+01  8.8335E+00  7.8176E+03  3.1097E+00  7.8207E+03  0.000E+00  4.237E+00
2.943645E-01  2.61643E+01  9.9743E+00  8.7745E+03  3.1340E+00  8.7776E+03  0.000E+00  4.212E+00
2.987580E-01  2.66695E+01  9.9708E+00  8.6424E+03  3.1945E+00  8.6456E+03  0.000E+00  4.150E+00
3.005128E-01  2.67656E+01  9.9702E+00  8.5915E+03  3.2186E+00  8.5947E+03  0.000E+00  4.126E+00
3.212482E-01  2.72184E+01  9.9947E+00  8.0566E+03  3.4990E+00  8.0601E+03  0.000E+00  3.859E+00
3.251640E-01  2.72346E+01  1.0005E+01  7.9679E+03  3.5512E+00  7.9715E+03  0.000E+00  3.813E+00
3.301410E-01  2.71628E+01  1.0020E+01  7.8597E+03  3.6170E+00  7.8633E+03  0.000E+00  3.755E+00
3.314682E-01  2.70107E+01  1.0025E+01  7.8317E+03  3.6345E+00  7.8353E+03  0.000E+00  3.740E+00
3.334590E-01  2.72077E+01  1.0366E+01  8.0500E+03  3.6606E+00  8.0537E+03  0.000E+00  3.718E+00
3.384360E-01  2.74210E+01  1.0390E+01  7.9498E+03  3.7257E+00  7.9535E+03  0.000E+00  3.663E+00
3.434143E-01  2.75445E+01  1.0415E+01  7.8537E+03  3.7903E+00  7.8575E+03  0.000E+00  3.610E+00
3.671099E-01  2.79418E+01  1.0555E+01  7.4452E+03  4.0910E+00  7.4493E+03  0.000E+00  3.377E+00
3.924405E-01  2.82452E+01  1.0720E+01  7.0739E+03  4.4000E+00  7.0783E+03  0.000E+00  3.159E+00
4.079740E-01  2.83225E+01  1.0821E+01  6.8686E+03  4.5829E+00  6.8732E+03  0.000E+00  3.039E+00
4.142185E-01  2.81922E+01  1.0861E+01  6.7897E+03  4.6550E+00  6.7944E+03  0.000E+00  2.993E+00
4.158837E-01  2.79508E+01  1.0871E+01  6.7689E+03  4.6741E+00  6.7736E+03  0.000E+00  2.981E+00
4.183815E-01  2.82578E+01  1.1410E+01  7.0621E+03  4.7026E+00  7.0668E+03  0.000E+00  2.963E+00
4.195189E-01  2.83485E+01  1.1417E+01  7.0476E+03  4.7156E+00  7.0523E+03  0.000E+00  2.955E+00
4.246260E-01  2.85890E+01  1.1451E+01  6.9831E+03  4.7734E+00  6.9879E+03  0.000E+00  2.920E+00
4.484657E-01  2.92048E+01  1.1592E+01  6.6937E+03  5.0362E+00  6.6987E+03  0.000E+00  2.765E+00
4.794098E-01  2.98342E+01  1.1733E+01  6.3376E+03  5.3600E+00  6.3430E+03  0.000E+00  2.586E+00
5.124891E-01  3.04363E+01  1.1817E+01  5.9713E+03  5.6851E+00  5.9770E+03  0.000E+00  2.419E+00
5.478508E-01  3.10176E+01  1.1834E+01  5.5936E+03  6.0094E+00  5.5996E+03  0.000E+00  2.263E+00
5.856525E-01  3.15603E+01  1.1776E+01  5.2071E+03  6.3307E+00  5.2134E+03  0.000E+00  2.117E+00
6.260625E-01  3.20410E+01  1.1643E+01  4.8160E+03  6.6470E+00  4.8226E+03  0.000E+00  1.980E+00
6.692609E-01  3.24282E+01  1.1430E+01  4.4225E+03  6.9559E+00  4.4295E+03  0.000E+00  1.853E+00
7.154399E-01  3.26820E+01  1.1145E+01  4.0338E+03  7.2553E+00  4.0411E+03  0.000E+00  1.733E+00
7.648052E-01  3.27575E+01  1.0802E+01  3.6574E+03  7.5430E+00  3.6649E+03  0.000E+00  1.621E+00
8.175768E-01  3.26065E+01  1.0423E+01  3.3012E+03  7.8168E+00  3.3090E+03  0.000E+00  1.516E+00
8.739896E-01  3.21631E+01  1.0022E+01  2.9695E+03  8.0747E+00  2.9776E+03  0.000E+00  1.419E+00
9.342948E-01  3.13224E+01  9.6126E+00  2.6643E+03  8.3147E+00  2.6726E+03  0.000E+00  1.327E+00
9.987612E-01  2.98898E+01  9.2041E+00  2.3864E+03  8.5350E+00  2.3949E+03  0.000E+00  1.241E+00
1.067676E+00  2.75985E+01  8.5291E+00  2.0687E+03  8.7340E+00  2.0774E+03  0.000E+00  1.161E+00
1.141345E+00  2.26491E+01  7.9086E+00  1.7943E+03  8.9101E+00  1.8032E+03  0.000E+00  1.086E+00
1.220098E+00  1.00398E+01  7.3280E+00  1.5553E+03  9.0621E+00  1.5644E+03  0.000E+00  1.016E+00
1.269002E+00 -1.73697E+01  7.0051E+00  1.4295E+03  9.1399E+00  1.4386E+03  0.000E+00  9.770E-01
1.288425E+00 -6.92833E+01  6.8850E+00  1.3838E+03  9.1676E+00  1.3930E+03  0.000E+00  9.623E-01
1.293605E+00 -1.50324E+02  6.8537E+00  1.3720E+03  9.1747E+00  1.3812E+03  0.000E+00  9.584E-01
1.301374E+00 -1.99587E+01  1.6318E+02  3.2470E+04  9.1851E+00  3.2479E+04  0.000E+00  9.527E-01
1.304285E+00  3.75529E+00  1.4662E+02  2.9110E+04  9.1890E+00  2.9119E+04  0.000E+00  9.506E-01
1.305850E+00  1.24915E+01  1.3846E+02  2.7458E+04  9.1910E+00  2.7467E+04  0.000E+00  9.495E-01
1.320798E+00  3.28106E+01  8.1182E+01  1.5917E+04  9.2100E+00  1.5926E+04  0.000E+00  9.387E-01
1.325837E+00  2.11019E+01  6.8225E+01  1.3325E+04  9.2162E+00  1.3334E+04  0.000E+00  9.351E-01
1.331167E+00 -2.99018E+01  5.6994E+01  1.1087E+04  9.2226E+00  1.1096E+04  0.000E+00  9.314E-01
1.339162E+00  5.47929E+01  1.4531E+02  2.8098E+04  9.2320E+00  2.8107E+04  0.000E+00  9.258E-01
1.359150E+00  9.14917E+01  7.2947E+01  1.3898E+04  9.2543E+00  1.3907E+04  0.000E+00  9.122E-01
1.394281E+00  7.53273E+01  3.0852E+01  5.7301E+03  9.2898E+00  5.7394E+03  0.000E+00  8.892E-01
1.490486E+00  4.99451E+01  2.0434E+01  3.5502E+03  9.3640E+00  3.5596E+03  0.000E+00  8.318E-01
1.593329E+00  4.26329E+01  2.2077E+01  3.5881E+03  9.4112E+00  3.5975E+03  0.000E+00  7.781E-01
1.642088E+00  4.06967E+01  2.3778E+01  3.7498E+03  9.4236E+00  3.7592E+03  0.000E+00  7.550E-01
1.667222E+00  3.88568E+01  2.4722E+01  3.8398E+03  9.4278E+00  3.8492E+03  0.000E+00  7.437E-01
1.673924E+00  3.66208E+01  2.4974E+01  3.8635E+03  9.4286E+00  3.8729E+03  0.000E+00  7.407E-01
1.683978E+00  3.91590E+01  2.9905E+01  4.5986E+03  9.4297E+00  4.6080E+03  0.000E+00  7.363E-01
1.703269E+00  4.13681E+01  3.0217E+01  4.5940E+03  9.4313E+00  4.6034E+03  0.000E+00  7.279E-01
1.709112E+00  4.17872E+01  3.0310E+01  4.5924E+03  9.4316E+00  4.6018E+03  0.000E+00  7.254E-01
1.804964E+00  4.59858E+01  3.0978E+01  4.4444E+03  9.4267E+00  4.4538E+03  0.000E+00  6.869E-01
1.820795E+00  4.63741E+01  3.0962E+01  4.4034E+03  9.4243E+00  4.4128E+03  0.000E+00  6.809E-01
1.832591E+00  4.64108E+01  3.0932E+01  4.3709E+03  9.4222E+00  4.3803E+03  0.000E+00  6.766E-01
1.839958E+00  4.57810E+01  3.0901E+01  4.3490E+03  9.4208E+00  4.3584E+03  0.000E+00  6.738E-01
1.851009E+00  4.72409E+01  3.2695E+01  4.5740E+03  9.4185E+00  4.5834E+03  0.000E+00  6.698E-01
1.878636E+00  4.92635E+01  3.2356E+01  4.4601E+03  9.4119E+00  4.4695E+03  0.000E+00  6.600E-01
1.946430E+00  5.23218E+01  3.1164E+01  4.1461E+03  9.3907E+00  4.1555E+03  0.000E+00  6.370E-01
2.005864E+00  5.41385E+01  2.9868E+01  3.8560E+03  9.3670E+00  3.8654E+03  0.000E+00  6.181E-01
2.036566E+00  5.45509E+01  2.9137E+01  3.7048E+03  9.3530E+00  3.7142E+03  0.000E+00  6.088E-01
2.044753E+00  5.41760E+01  2.8937E+01  3.6648E+03  9.3491E+00  3.6741E+03  0.000E+00  6.064E-01
2.057034E+00  5.51050E+01  2.9816E+01  3.7534E+03  9.3431E+00  3.7627E+03  0.000E+00  6.027E-01
2.080733E+00  5.61474E+01  2.9218E+01  3.6363E+03  9.3310E+00  3.6456E+03  0.000E+00  5.959E-01
2.087736E+00  5.63805E+01  2.9041E+01  3.6022E+03  9.3274E+00  3.6115E+03  0.000E+00  5.939E-01
2.224304E+00  5.92170E+01  2.5706E+01  2.9928E+03  9.2460E+00  3.0020E+03  0.000E+00  5.574E-01
2.377781E+00  6.06216E+01  2.2575E+01  2.4585E+03  9.1367E+00  2.4676E+03  0.000E+00  5.214E-01
2.541848E+00  6.12637E+01  2.0067E+01  2.0444E+03  9.0042E+00  2.0534E+03  0.000E+00  4.878E-01
2.717235E+00  6.19624E+01  1.8205E+01  1.7349E+03  8.8499E+00  1.7438E+03  0.000E+00  4.563E-01
2.904724E+00  6.23417E+01  1.6630E+01  1.4826E+03  8.6753E+00  1.4913E+03  0.000E+00  4.268E-01
3.105150E+00  6.27315E+01  1.5070E+01  1.2567E+03  8.4818E+00  1.2652E+03  0.000E+00  3.993E-01
3.319406E+00  6.29254E+01  1.3585E+01  1.0598E+03  8.2712E+00  1.0681E+03  0.000E+00  3.735E-01
3.548445E+00  6.31001E+01  1.2231E+01  8.9258E+02  8.0453E+00  9.0063E+02  0.000E+00  3.494E-01
3.793288E+00  6.31211E+01  1.1012E+01  7.5175E+02  7.8059E+00  7.5956E+02  0.000E+00  3.269E-01
4.055024E+00  6.30127E+01  9.9154E+00  6.3320E+02  7.5548E+00  6.4075E+02  0.000E+00  3.058E-01
4.334821E+00  6.28643E+01  8.9317E+00  5.3356E+02  7.2938E+00  5.4085E+02  0.000E+00  2.860E-01
4.633924E+00  6.26369E+01  8.0550E+00  4.5014E+02  7.0249E+00  4.5716E+02  0.000E+00  2.676E-01
4.953664E+00  6.23597E+01  7.2743E+00  3.8027E+02  6.7497E+00  3.8702E+02  0.000E+00  2.503E-01
5.295467E+00  6.20314E+01  6.5780E+00  3.2167E+02  6.4701E+00  3.2814E+02  0.000E+00  2.341E-01
5.660855E+00  6.16424E+01  5.9509E+00  2.7222E+02  6.1877E+00  2.7841E+02  0.000E+00  2.190E-01
6.051453E+00  6.11523E+01  5.3613E+00  2.2942E+02  5.9042E+00  2.3532E+02  0.000E+00  2.049E-01
6.469004E+00  6.04954E+01  4.8341E+00  1.9351E+02  5.6211E+00  1.9913E+02  0.000E+00  1.917E-01
6.915365E+00  5.95372E+01  4.3657E+00  1.6348E+02  5.3397E+00  1.6882E+02  0.000E+00  1.793E-01
7.392525E+00  5.77675E+01  3.9446E+00  1.3818E+02  5.0615E+00  1.4324E+02  0.000E+00  1.677E-01
7.634298E+00  5.57189E+01  3.7521E+00  1.2727E+02  4.9288E+00  1.3220E+02  0.000E+00  1.624E-01
7.751150E+00  5.27186E+01  3.6650E+00  1.2244E+02  4.8665E+00  1.2731E+02  0.000E+00  1.600E-01
7.782310E+00  4.92132E+01  3.6423E+00  1.2120E+02  4.8501E+00  1.2605E+02  0.000E+00  1.593E-01
7.829051E+00  5.27159E+01  1.0445E+01  3.4549E+02  4.8257E+00  3.5032E+02  0.000E+00  1.584E-01
7.902609E+00  5.50591E+01  1.0238E+01  3.3549E+02  4.7876E+00  3.4028E+02  0.000E+00  1.569E-01
7.945902E+00  5.57528E+01  1.0119E+01  3.2978E+02  4.7654E+00  3.3455E+02  0.000E+00  1.560E-01
8.408988E+00  5.74449E+01  9.0602E+00  2.7901E+02  4.5375E+00  2.8355E+02  0.000E+00  1.474E-01
8.447890E+00  5.72929E+01  8.9898E+00  2.7557E+02  4.5191E+00  2.8009E+02  0.000E+00  1.468E-01
8.537697E+00  5.63280E+01  8.8326E+00  2.6790E+02  4.4771E+00  2.7238E+02  0.000E+00  1.452E-01
8.572019E+00  5.46603E+01  8.7742E+00  2.6506E+02  4.4612E+00  2.6952E+02  0.000E+00  1.446E-01
8.623503E+00  5.65372E+01  1.2108E+01  3.6360E+02  4.4376E+00  3.6804E+02  0.000E+00  1.438E-01
8.752212E+00  5.82818E+01  1.1765E+01  3.4811E+02  4.3792E+00  3.5249E+02  0.000E+00  1.417E-01
8.864884E+00  5.88592E+01  1.1478E+01  3.3530E+02  4.3292E+00  3.3963E+02  0.000E+00  1.399E-01
9.000571E+00  5.87877E+01  1.1188E+01  3.2190E+02  4.2700E+00  3.2617E+02  0.000E+00  1.378E-01
9.030794E+00  5.83174E+01  1.1127E+01  3.1906E+02  4.2570E+00  3.2332E+02  0.000E+00  1.373E-01
9.036754E+00  5.80648E+01  1.1115E+01  3.1850E+02  4.2544E+00  3.2275E+02  0.000E+00  1.372E-01
9.091029E+00  5.91577E+01  1.2735E+01  3.6274E+02  4.2313E+00  3.6697E+02  0.000E+00  1.364E-01
9.226716E+00  6.04204E+01  1.2459E+01  3.4969E+02  4.1742E+00  3.5386E+02  0.000E+00  1.344E-01
9.653919E+00  6.22520E+01  1.1649E+01  3.1248E+02  4.0021E+00  3.1648E+02  0.000E+00  1.284E-01
1.032004E+01  6.38114E+01  1.0464E+01  2.6257E+02  3.7551E+00  2.6633E+02  0.000E+00  1.201E-01
1.103212E+01  6.47480E+01  9.3197E+00  2.1876E+02  3.5168E+00  2.2228E+02  0.000E+00  1.124E-01
1.179334E+01  6.53232E+01  8.3321E+00  1.8295E+02  3.2874E+00  1.8624E+02  0.000E+00  1.051E-01
1.260708E+01  6.57140E+01  7.4556E+00  1.5314E+02  3.0675E+00  1.5621E+02  0.000E+00  9.834E-02
1.347697E+01  6.59725E+01  6.6764E+00  1.2828E+02  2.8574E+00  1.3114E+02  0.000E+00  9.200E-02
1.440688E+01  6.61399E+01  5.9834E+00  1.0755E+02  2.6572E+00  1.1021E+02  0.000E+00  8.606E-02
1.540095E+01  6.62445E+01  5.3666E+00  9.0236E+01  2.4671E+00  9.2703E+01  0.000E+00  8.050E-02
1.646362E+01  6.63671E+01  4.8016E+00  7.5524E+01  2.2870E+00  7.7811E+01  0.000E+00  7.531E-02
1.759961E+01  6.64171E+01  4.2936E+00  6.3174E+01  2.1169E+00  6.5291E+01  0.000E+00  7.045E-02
1.881398E+01  6.64299E+01  3.8318E+00  5.2741E+01  1.9568E+00  5.4698E+01  0.000E+00  6.590E-02
2.011215E+01  6.63840E+01  3.4190E+00  4.4022E+01  1.8064E+00  4.5828E+01  0.000E+00  6.165E-02
2.149988E+01  6.63205E+01  3.0534E+00  3.6777E+01  1.6655E+00  3.8442E+01  0.000E+00  5.767E-02
2.298338E+01  6.62462E+01  2.7293E+00  3.0751E+01  1.5338E+00  3.2285E+01  0.000E+00  5.395E-02
2.456923E+01  6.61656E+01  2.4418E+00  2.5736E+01  1.4111E+00  2.7147E+01  0.000E+00  5.046E-02
2.626450E+01  6.60849E+01  2.1865E+00  2.1558E+01  1.2971E+00  2.2855E+01  0.000E+00  4.721E-02
2.807676E+01  6.60029E+01  1.9442E+00  1.7931E+01  1.1912E+00  1.9122E+01  0.000E+00  4.416E-02
3.001405E+01  6.59027E+01  1.7255E+00  1.4887E+01  1.0933E+00  1.5980E+01  0.000E+00  4.131E-02
3.208502E+01  6.57934E+01  1.5327E+00  1.2370E+01  1.0028E+00  1.3373E+01  0.000E+00  3.864E-02
3.429889E+01  6.56765E+01  1.3618E+00  1.0282E+01  9.1942E-01  1.1201E+01  0.000E+00  3.615E-02
3.666551E+01  6.55487E+01  1.2085E+00  8.5352E+00  8.4274E-01  9.3779E+00  0.000E+00  3.381E-02
3.919543E+01  6.54053E+01  1.0720E+00  7.0825E+00  7.7236E-01  7.8549E+00  0.000E+00  3.163E-02
4.189992E+01  6.52349E+01  9.4701E-01  5.8529E+00  7.0789E-01  6.5608E+00  0.000E+00  2.959E-02
4.479101E+01  6.50163E+01  8.3701E-01  4.8391E+00  6.4892E-01  5.4880E+00  0.000E+00  2.768E-02
4.788159E+01  6.46984E+01  7.4000E-01  4.0021E+00  5.9510E-01  4.5972E+00  0.000E+00  2.589E-02
5.118542E+01  6.40762E+01  6.5474E-01  3.3124E+00  5.4604E-01  3.8584E+00  0.000E+00  2.422E-02
5.271273E+01  6.33752E+01  6.2051E-01  3.0483E+00  5.2584E-01  3.5741E+00  0.000E+00  2.352E-02
5.351956E+01  6.22214E+01  6.0356E-01  2.9204E+00  5.1574E-01  3.4361E+00  0.000E+00  2.317E-02
5.373471E+01  6.08393E+01  5.9917E-01  2.8875E+00  5.1310E-01  3.4006E+00  0.000E+00  2.307E-02
5.405744E+01  6.22361E+01  3.3135E+00  1.5873E+01  5.0920E-01  1.6382E+01  1.303E+01  2.294E-02
5.471721E+01  6.33622E+01  3.2518E+00  1.5390E+01  5.0140E-01  1.5891E+01  1.265E+01  2.266E-02
5.486427E+01  6.34983E+01  3.2383E+00  1.5285E+01  4.9969E-01  1.5785E+01  1.256E+01  2.260E-02
5.849270E+01  6.48889E+01  2.9264E+00  1.2956E+01  4.6083E-01  1.3417E+01  1.068E+01  2.120E-02
6.252870E+01  6.54469E+01  2.6252E+00  1.0872E+01  4.2402E-01  1.1296E+01  8.985E+00  1.983E-02
6.684318E+01  6.57676E+01  2.3528E+00  9.1150E+00  3.9065E-01  9.5056E+00  7.549E+00  1.855E-02
7.145536E+01  6.59746E+01  2.1076E+00  7.6382E+00  3.6044E-01  7.9986E+00  6.337E+00  1.735E-02
7.638578E+01  6.61132E+01  1.8865E+00  6.3955E+00  3.3311E-01  6.7286E+00  5.314E+00  1.623E-02
8.165640E+01  6.62115E+01  1.6863E+00  5.3477E+00  3.0841E-01  5.6561E+00  4.450E+00  1.518E-02
8.729069E+01  6.62745E+01  1.5027E+00  4.4580E+00  2.8609E-01  4.7441E+00  3.718E+00  1.420E-02
9.331374E+01  6.63134E+01  1.3393E+00  3.7168E+00  2.6593E-01  3.9827E+00  3.106E+00  1.329E-02
9.975239E+01  6.63358E+01  1.1938E+00  3.0992E+00  2.4772E-01  3.3469E+00  2.595E+00  1.243E-02
1.066353E+02  6.63469E+01  1.0643E+00  2.5845E+00  2.3128E-01  2.8158E+00  2.168E+00  1.163E-02
1.139931E+02  6.63776E+01  9.4540E-01  2.1477E+00  2.1643E-01  2.3641E+00  1.803E+00  1.088E-02
1.218587E+02  6.63708E+01  8.3942E-01  1.7838E+00  2.0300E-01  1.9868E+00  1.499E+00  1.017E-02
1.302669E+02  6.63589E+01  7.4538E-01  1.4817E+00  1.9085E-01  1.6726E+00  1.246E+00  9.518E-03
1.392553E+02  6.63437E+01  6.6194E-01  1.2309E+00  1.7984E-01  1.4107E+00  1.035E+00  8.903E-03
1.488640E+02  6.63263E+01  5.8790E-01  1.0227E+00  1.6985E-01  1.1926E+00  8.606E-01  8.329E-03
1.591356E+02  6.63078E+01  5.2218E-01  8.4973E-01  1.6076E-01  1.0105E+00  7.153E-01  7.791E-03
1.701159E+02  6.62886E+01  4.6385E-01  7.0609E-01  1.5248E-01  8.5857E-01  5.945E-01  7.288E-03
1.818539E+02  6.62693E+01  4.1207E-01  5.8678E-01  1.4491E-01  7.3169E-01  4.942E-01  6.818E-03
1.944018E+02  6.62503E+01  3.6610E-01  4.8767E-01  1.3798E-01  6.2565E-01  4.108E-01  6.378E-03
2.078156E+02  6.62317E+01  3.2528E-01  4.0533E-01  1.3160E-01  5.3693E-01  3.414E-01  5.966E-03
2.221548E+02  6.62136E+01  2.8903E-01  3.3691E-01  1.2572E-01  4.6263E-01  2.838E-01  5.581E-03
2.374835E+02  6.61961E+01  2.5720E-01  2.8046E-01  1.2027E-01  4.0073E-01  2.363E-01  5.221E-03
2.538699E+02  6.61800E+01  2.2971E-01  2.3431E-01  1.1521E-01  3.4952E-01  1.975E-01  4.884E-03
2.713869E+02  6.61651E+01  2.0517E-01  1.9577E-01  1.1048E-01  3.0625E-01  1.652E-01  4.569E-03
2.901126E+02  6.61513E+01  1.8327E-01  1.6358E-01  1.0605E-01  2.6963E-01  1.381E-01  4.274E-03
3.101304E+02  6.61386E+01  1.6371E-01  1.3670E-01  1.0188E-01  2.3858E-01  1.155E-01  3.998E-03
3.315294E+02  6.61268E+01  1.4625E-01  1.1424E-01  9.7943E-02  2.1218E-01  9.653E-02  3.740E-03
3.544049E+02  6.61159E+01  1.3066E-01  9.5471E-02  9.4207E-02  1.8968E-01  8.071E-02  3.498E-03
3.788588E+02  6.61058E+01  1.1674E-01  7.9794E-02  9.0651E-02  1.7044E-01  6.748E-02  3.273E-03
4.050001E+02  6.60966E+01  1.0431E-01  6.6695E-02  8.7255E-02  1.5395E-01  5.642E-02  3.061E-03
4.329451E+02  6.60880E+01  9.3206E-02  5.5749E-02  8.4000E-02  1.3975E-01  4.717E-02  2.864E-03
