
   Tm:    Z = 69;   Atomic weight = 168.9342 g/mol ;    nominal density:   [INLINE] = 9.2940E+00 g/cm3
          µa(barns/atom) = µ(cm2/g)  ×  2.80522E+02
          E(eV) µ(cm2/g) = f2(e/atom)  ×  2.49093E+05
          19 edges. Edge energies (keV):
          

  K      5.93896E+01  L I    1.01157E+01  L II   9.61690E+00  L III  8.64800E+00
  M I    2.30680E+00  M II   2.08980E+00  M III  1.88450E+00  M IV   1.51460E+00
  M V    1.46770E+00  N I    4.71700E-01  N II   3.85900E-01  N III  3.36600E-01
  N IV   1.79600E-01  N V    1.79600E-01  N VI   5.30000E-03  N VII  5.30000E-03
  O I    5.32000E-02  O II   3.23000E-02  O III  3.23000E-02

          Relativistic correction estimate frel (H82,3/5CL) = -1.2098E+00, -7.2240E-01 e/atom
          Nuclear Thomson correction fNT = -1.5460E-02 e/atom
     _________________________________________________________________________________________________________
   
   Form Factors, Attenuation and Scattering Cross-sections
   Z=69, E = 0.001 - 1000 keV

                                                              Attenuation
     E         f1            f2          µ           [INLINE] (coh+inc) Coefficient    µK       wavelength
     keV       e/atom       e/atom      cm2/g       cm2/g      cm2/g          cm2/g        nm

5.194000E-03  1.05318E+01  0.0000E+00  0.0000E+00  7.0183E-06  7.0183E-06  0.000E+00  2.387E+02
5.273500E-03  1.04639E+01  0.0000E+00  0.0000E+00  7.6206E-06  7.6206E-06  0.000E+00  2.351E+02
5.294700E-03  1.03894E+01  0.0000E+00  0.0000E+00  7.7877E-06  7.7877E-06  0.000E+00  2.342E+02
5.326500E-03  1.04604E+01  1.4292E-01  6.6835E+03  8.0437E-06  6.6835E+03  0.000E+00  2.328E+02
5.406000E-03  1.05184E+01  1.4344E-01  6.6095E+03  8.7123E-06  6.6095E+03  0.000E+00  2.293E+02
1.069000E-02  1.02397E+01  2.5905E-01  6.0363E+03  2.5863E-04  6.0363E+03  0.000E+00  1.160E+02
1.142761E-02  1.01620E+01  2.8489E-01  6.2100E+03  3.5003E-04  6.2100E+03  0.000E+00  1.085E+02
1.221612E-02  1.00721E+01  3.1469E-01  6.4167E+03  4.7131E-04  6.4167E+03  0.000E+00  1.015E+02
1.305903E-02  9.96790E+00  3.4900E-01  6.6570E+03  6.3143E-04  6.6570E+03  0.000E+00  9.494E+01
1.396010E-02  9.84691E+00  3.8849E-01  6.9319E+03  8.4168E-04  6.9319E+03  0.000E+00  8.881E+01
1.492335E-02  9.70585E+00  4.3390E-01  7.2425E+03  1.1164E-03  7.2425E+03  0.000E+00  8.308E+01
1.595306E-02  1.02087E+01  4.8611E-01  7.5902E+03  1.4733E-03  7.5902E+03  0.000E+00  7.772E+01
1.705382E-02  1.00135E+01  5.4609E-01  7.9763E+03  1.9349E-03  7.9763E+03  0.000E+00  7.270E+01
1.823053E-02  9.78076E+00  6.1496E-01  8.4026E+03  2.5285E-03  8.4026E+03  0.000E+00  6.801E+01
1.948844E-02  9.49946E+00  6.9400E-01  8.8704E+03  3.2882E-03  8.8704E+03  0.000E+00  6.362E+01
2.083314E-02  9.15334E+00  7.8460E-01  9.3811E+03  4.2554E-03  9.3811E+03  0.000E+00  5.951E+01
2.227063E-02  8.71683E+00  8.8828E-01  9.9352E+03  5.4806E-03  9.9352E+03  0.000E+00  5.567E+01
2.380730E-02  8.14646E+00  1.0065E+00  1.0531E+04  7.0249E-03  1.0531E+04  0.000E+00  5.208E+01
2.545001E-02  7.36100E+00  1.1409E+00  1.1167E+04  8.9614E-03  1.1167E+04  0.000E+00  4.872E+01
2.720606E-02  6.18552E+00  1.2935E+00  1.1843E+04  1.1378E-02  1.1843E+04  0.000E+00  4.557E+01
2.908327E-02  4.13989E+00  1.4661E+00  1.2557E+04  1.4378E-02  1.2557E+04  0.000E+00  4.263E+01
3.109002E-02 -1.07371E+00  1.6608E+00  1.3306E+04  1.8084E-02  1.3306E+04  0.000E+00  3.988E+01
3.165400E-02 -4.94686E+00  1.7174E+00  1.3514E+04  1.9221E-02  1.3514E+04  0.000E+00  3.917E+01
3.213850E-02 -1.44758E+01  1.7665E+00  1.3692E+04  2.0233E-02  1.3692E+04  0.000E+00  3.858E+01
3.226770E-02 -2.64192E+01  1.7797E+00  1.3739E+04  2.0508E-02  1.3739E+04  0.000E+00  3.842E+01
3.246150E-02 -1.32016E+01  2.5575E+01  1.9625E+05  2.0925E-02  1.9625E+05  0.000E+00  3.819E+01
3.294600E-02 -1.50865E+00  2.4276E+01  1.8354E+05  2.1989E-02  1.8354E+05  0.000E+00  3.763E+01
3.323523E-02  1.71508E+00  2.3547E+01  1.7648E+05  2.2640E-02  1.7648E+05  0.000E+00  3.731E+01
3.552846E-02  1.20535E+01  1.8798E+01  1.3180E+05  2.8214E-02  1.3180E+05  0.000E+00  3.490E+01
3.797993E-02  1.56441E+01  1.5152E+01  9.9372E+04  3.4998E-02  9.9372E+04  0.000E+00  3.264E+01
4.060054E-02  1.70816E+01  1.2365E+01  7.5863E+04  4.3217E-02  7.5863E+04  0.000E+00  3.054E+01
4.340198E-02  1.75084E+01  1.0336E+01  5.9323E+04  5.3124E-02  5.9323E+04  0.000E+00  2.857E+01
4.639671E-02  1.74405E+01  8.9323E+00  4.7956E+04  6.5010E-02  4.7956E+04  0.000E+00  2.672E+01
4.959809E-02  1.71456E+01  8.0236E+00  4.0296E+04  7.9199E-02  4.0296E+04  0.000E+00  2.500E+01
5.213600E-02  1.68602E+01  7.6007E+00  3.6314E+04  9.1535E-02  3.6314E+04  0.000E+00  2.378E+01
5.293400E-02  1.67592E+01  7.5087E+00  3.5334E+04  9.5611E-02  3.5334E+04  0.000E+00  2.342E+01
5.302035E-02  1.67457E+01  7.4997E+00  3.5234E+04  9.6058E-02  3.5234E+04  0.000E+00  2.338E+01
5.314680E-02  1.67187E+01  7.4870E+00  3.5091E+04  9.6714E-02  3.5091E+04  0.000E+00  2.333E+01
5.346600E-02  1.67026E+01  7.4917E+00  3.4903E+04  9.8381E-02  3.4903E+04  0.000E+00  2.319E+01
5.426400E-02  1.66351E+01  7.4271E+00  3.4093E+04  1.0261E-01  3.4093E+04  0.000E+00  2.285E+01
5.667876E-02  1.64141E+01  7.3118E+00  3.2134E+04  1.1599E-01  3.2134E+04  0.000E+00  2.187E+01
6.058959E-02  1.61064E+01  7.3198E+00  3.0093E+04  1.3945E-01  3.0093E+04  0.000E+00  2.046E+01
6.477028E-02  1.58667E+01  7.5089E+00  2.8878E+04  1.6693E-01  2.8878E+04  0.000E+00  1.914E+01
6.923942E-02  1.57111E+01  7.8428E+00  2.8215E+04  1.9896E-01  2.8215E+04  0.000E+00  1.791E+01
7.401695E-02  1.56505E+01  8.2953E+00  2.7917E+04  2.3611E-01  2.7917E+04  0.000E+00  1.675E+01
7.912411E-02  1.56952E+01  8.8472E+00  2.7852E+04  2.7902E-01  2.7852E+04  0.000E+00  1.567E+01
8.458368E-02  1.58582E+01  9.4845E+00  2.7931E+04  3.2832E-01  2.7931E+04  0.000E+00  1.466E+01
9.041995E-02  1.61588E+01  1.0197E+01  2.8090E+04  3.8472E-01  2.8090E+04  0.000E+00  1.371E+01
9.665893E-02  1.66281E+01  1.0976E+01  2.8286E+04  4.4893E-01  2.8286E+04  0.000E+00  1.283E+01
1.033284E-01  1.72880E+01  1.1536E+01  2.7810E+04  5.2169E-01  2.7811E+04  0.000E+00  1.200E+01
1.104581E-01  1.79606E+01  1.1865E+01  2.6757E+04  6.0374E-01  2.6758E+04  0.000E+00  1.122E+01
1.180797E-01  1.86251E+01  1.2156E+01  2.5643E+04  6.9586E-01  2.5644E+04  0.000E+00  1.050E+01
1.262272E-01  1.92749E+01  1.2401E+01  2.4473E+04  7.9878E-01  2.4474E+04  0.000E+00  9.822E+00
1.349368E-01  1.98893E+01  1.2596E+01  2.3252E+04  9.1324E-01  2.3253E+04  0.000E+00  9.188E+00
1.442475E-01  2.04265E+01  1.2735E+01  2.1992E+04  1.0399E+00  2.1993E+04  0.000E+00  8.595E+00
1.542005E-01  2.07932E+01  1.2816E+01  2.0703E+04  1.1795E+00  2.0704E+04  0.000E+00  8.040E+00
1.648404E-01  2.07040E+01  1.2837E+01  1.9399E+04  1.3326E+00  1.9400E+04  0.000E+00  7.521E+00
1.760080E-01  1.81419E+01  1.2800E+01  1.8114E+04  1.4966E+00  1.8116E+04  0.000E+00  7.044E+00
1.762144E-01  1.79860E+01  1.2798E+01  1.8091E+04  1.4996E+00  1.8092E+04  0.000E+00  7.036E+00
1.787020E-01  1.38671E+01  1.2783E+01  1.7818E+04  1.5365E+00  1.7820E+04  0.000E+00  6.938E+00
1.794204E-01  7.91356E+00  1.2778E+01  1.7739E+04  1.5472E+00  1.7741E+04  0.000E+00  6.910E+00
1.804980E-01  1.53960E+01  2.4864E+01  3.4313E+04  1.5633E+00  3.4315E+04  0.000E+00  6.869E+00
1.831920E-01  2.19297E+01  2.3069E+01  3.1368E+04  1.6034E+00  3.1370E+04  0.000E+00  6.768E+00
1.883732E-01  2.58524E+01  2.0357E+01  2.6919E+04  1.6811E+00  2.6921E+04  0.000E+00  6.582E+00
2.013709E-01  2.81413E+01  1.6331E+01  2.0202E+04  1.8772E+00  2.0204E+04  0.000E+00  6.157E+00
2.152655E-01  2.84391E+01  1.4582E+01  1.6873E+04  2.0883E+00  1.6875E+04  0.000E+00  5.760E+00
2.301188E-01  2.86454E+01  1.3707E+01  1.4837E+04  2.3143E+00  1.4839E+04  0.000E+00  5.388E+00
2.459970E-01  2.88906E+01  1.3153E+01  1.3319E+04  2.5551E+00  1.3322E+04  0.000E+00  5.040E+00
2.629708E-01  2.91443E+01  1.2741E+01  1.2068E+04  2.8105E+00  1.2071E+04  0.000E+00  4.715E+00
2.811158E-01  2.93664E+01  1.2406E+01  1.0993E+04  3.0799E+00  1.0996E+04  0.000E+00  4.410E+00
3.005128E-01  2.95102E+01  1.2127E+01  1.0052E+04  3.3629E+00  1.0055E+04  0.000E+00  4.126E+00
3.212482E-01  2.94567E+01  1.1900E+01  9.2270E+03  3.6584E+00  9.2307E+03  0.000E+00  3.859E+00
3.298680E-01  2.92360E+01  1.1824E+01  8.9284E+03  3.7790E+00  8.9322E+03  0.000E+00  3.759E+00
3.349170E-01  2.87537E+01  1.1784E+01  8.7640E+03  3.8490E+00  8.7678E+03  0.000E+00  3.702E+00
3.362634E-01  2.81490E+01  1.1773E+01  8.7214E+03  3.8676E+00  8.7253E+03  0.000E+00  3.687E+00
3.382830E-01  2.87792E+01  1.2964E+01  9.5458E+03  3.8953E+00  9.5497E+03  0.000E+00  3.665E+00
3.434143E-01  2.93578E+01  1.2941E+01  9.3869E+03  3.9656E+00  9.3909E+03  0.000E+00  3.610E+00
3.671099E-01  3.01153E+01  1.2875E+01  8.7357E+03  4.2832E+00  8.7400E+03  0.000E+00  3.377E+00
3.781820E-01  3.02655E+01  1.2861E+01  8.4708E+03  4.4277E+00  8.4752E+03  0.000E+00  3.278E+00
3.839705E-01  3.02339E+01  1.2857E+01  8.3406E+03  4.5021E+00  8.3451E+03  0.000E+00  3.229E+00
3.855141E-01  3.00940E+01  1.2856E+01  8.3068E+03  4.5219E+00  8.3113E+03  0.000E+00  3.216E+00
3.878295E-01  3.03043E+01  1.3186E+01  8.4689E+03  4.5514E+00  8.4735E+03  0.000E+00  3.197E+00
3.924405E-01  3.05154E+01  1.3189E+01  8.3715E+03  4.6099E+00  8.3761E+03  0.000E+00  3.159E+00
3.936180E-01  3.05537E+01  1.3190E+01  8.3472E+03  4.6247E+00  8.3518E+03  0.000E+00  3.150E+00
4.195189E-01  3.11406E+01  1.3227E+01  7.8537E+03  4.9439E+00  7.8586E+03  0.000E+00  2.955E+00
4.484657E-01  3.16088E+01  1.3284E+01  7.3786E+03  5.2837E+00  7.3839E+03  0.000E+00  2.765E+00
4.622660E-01  3.17332E+01  1.3311E+01  7.1729E+03  5.4395E+00  7.1783E+03  0.000E+00  2.682E+00
4.693415E-01  3.16421E+01  1.3324E+01  7.0717E+03  5.5178E+00  7.0772E+03  0.000E+00  2.642E+00
4.712283E-01  3.14135E+01  1.3328E+01  7.0451E+03  5.5385E+00  7.0506E+03  0.000E+00  2.631E+00
4.740585E-01  3.17315E+01  1.3850E+01  7.2774E+03  5.5694E+00  7.2830E+03  0.000E+00  2.615E+00
4.794098E-01  3.20284E+01  1.3861E+01  7.2020E+03  5.6274E+00  7.2076E+03  0.000E+00  2.586E+00
4.811340E-01  3.20946E+01  1.3865E+01  7.1780E+03  5.6459E+00  7.1836E+03  0.000E+00  2.577E+00
5.124891E-01  3.29320E+01  1.3912E+01  6.7621E+03  5.9728E+00  6.7681E+03  0.000E+00  2.419E+00
5.478508E-01  3.37277E+01  1.3922E+01  6.3299E+03  6.3178E+00  6.3362E+03  0.000E+00  2.263E+00
5.856525E-01  3.44598E+01  1.3870E+01  5.8995E+03  6.6603E+00  5.9062E+03  0.000E+00  2.117E+00
6.260625E-01  3.51619E+01  1.3748E+01  5.4700E+03  6.9978E+00  5.4770E+03  0.000E+00  1.980E+00
6.692609E-01  3.58161E+01  1.3551E+01  5.0435E+03  7.3281E+00  5.0508E+03  0.000E+00  1.853E+00
7.154399E-01  3.64009E+01  1.3282E+01  4.6242E+03  7.6489E+00  4.6318E+03  0.000E+00  1.733E+00
7.648052E-01  3.68922E+01  1.2940E+01  4.2146E+03  7.9576E+00  4.2226E+03  0.000E+00  1.621E+00
8.175768E-01  3.72585E+01  1.2535E+01  3.8189E+03  8.2522E+00  3.8272E+03  0.000E+00  1.516E+00
8.739896E-01  3.74712E+01  1.2084E+01  3.4441E+03  8.5304E+00  3.4526E+03  0.000E+00  1.419E+00
9.342948E-01  3.75174E+01  1.1612E+01  3.0958E+03  8.7900E+00  3.1046E+03  0.000E+00  1.327E+00
9.987612E-01  3.74182E+01  1.1134E+01  2.7768E+03  9.0292E+00  2.7858E+03  0.000E+00  1.241E+00
1.067676E+00  3.65298E+01  1.0265E+01  2.3949E+03  9.2461E+00  2.4041E+03  0.000E+00  1.161E+00
1.141345E+00  3.48674E+01  9.4741E+00  2.0677E+03  9.4390E+00  2.0771E+03  0.000E+00  1.086E+00
1.220098E+00  3.20183E+01  8.7592E+00  1.7883E+03  9.6067E+00  1.7979E+03  0.000E+00  1.016E+00
1.304285E+00  2.66579E+01  8.1120E+00  1.5492E+03  9.7479E+00  1.5589E+03  0.000E+00  9.506E-01
1.394281E+00  1.26076E+01  7.5136E+00  1.3423E+03  9.8617E+00  1.3522E+03  0.000E+00  8.892E-01
1.438346E+00 -1.02228E+01  7.2492E+00  1.2554E+03  9.9051E+00  1.2653E+03  0.000E+00  8.620E-01
1.460362E+00 -5.88191E+01  7.1245E+00  1.2152E+03  9.9241E+00  1.2251E+03  0.000E+00  8.490E-01
1.466232E+00 -1.34679E+02  7.0920E+00  1.2048E+03  9.9288E+00  1.2147E+03  0.000E+00  8.456E-01
1.475039E+00 -1.28765E+01  1.5402E+02  2.6010E+04  9.9358E+00  2.6020E+04  0.000E+00  8.405E-01
1.484308E+00  3.14543E+01  1.1528E+02  1.9347E+04  9.9428E+00  1.9357E+04  0.000E+00  8.353E-01
1.490486E+00  4.06899E+01  9.5396E+01  1.5943E+04  9.9473E+00  1.5953E+04  0.000E+00  8.318E-01
1.497054E+00  4.15512E+01  7.8295E+01  1.3027E+04  9.9519E+00  1.3037E+04  0.000E+00  8.282E-01
1.507027E+00  2.56654E+01  5.8504E+01  9.6700E+03  9.9587E+00  9.6800E+03  0.000E+00  8.227E-01
1.513085E+00 -2.26801E+01  4.9299E+01  8.1158E+03  9.9626E+00  8.1258E+03  0.000E+00  8.194E-01
1.522173E+00  5.49876E+01  1.3321E+02  2.1799E+04  9.9683E+00  2.1809E+04  0.000E+00  8.145E-01
1.544892E+00  8.93163E+01  6.9684E+01  1.1236E+04  9.9815E+00  1.1246E+04  0.000E+00  8.025E-01
1.593329E+00  7.20489E+01  2.7671E+01  4.3259E+03  1.0004E+01  4.3359E+03  0.000E+00  7.781E-01
1.703269E+00  5.20329E+01  2.0680E+01  3.0243E+03  1.0032E+01  3.0343E+03  0.000E+00  7.279E-01
1.820795E+00  4.55621E+01  2.2628E+01  3.0956E+03  1.0032E+01  3.1056E+03  0.000E+00  6.809E-01
1.846810E+00  4.45465E+01  2.3394E+01  3.1553E+03  1.0028E+01  3.1653E+03  0.000E+00  6.713E-01
1.875078E+00  4.25493E+01  2.4276E+01  3.2249E+03  1.0023E+01  3.2349E+03  0.000E+00  6.612E-01
1.882616E+00  4.02264E+01  2.4515E+01  3.2436E+03  1.0021E+01  3.2536E+03  0.000E+00  6.586E-01
1.893923E+00  4.27592E+01  2.9540E+01  3.8852E+03  1.0018E+01  3.8952E+03  0.000E+00  6.546E-01
1.922190E+00  4.54322E+01  3.0083E+01  3.8984E+03  1.0011E+01  3.9084E+03  0.000E+00  6.450E-01
1.946430E+00  4.67231E+01  3.0376E+01  3.8874E+03  1.0003E+01  3.8974E+03  0.000E+00  6.370E-01
2.048004E+00  5.04877E+01  3.0507E+01  3.7105E+03  9.9622E+00  3.7205E+03  0.000E+00  6.054E-01
2.080733E+00  5.08155E+01  3.0271E+01  3.6239E+03  9.9462E+00  3.6338E+03  0.000E+00  5.959E-01
2.087710E+00  5.01899E+01  3.0207E+01  3.6041E+03  9.9426E+00  3.6140E+03  0.000E+00  5.939E-01
2.100249E+00  5.15997E+01  3.1960E+01  3.7905E+03  9.9360E+00  3.8004E+03  0.000E+00  5.903E-01
2.131596E+00  5.35016E+01  3.1508E+01  3.6819E+03  9.9189E+00  3.6918E+03  0.000E+00  5.816E-01
2.224304E+00  5.66580E+01  2.9817E+01  3.3391E+03  9.8623E+00  3.3490E+03  0.000E+00  5.574E-01
2.260664E+00  5.74558E+01  2.9082E+01  3.2044E+03  9.8379E+00  3.2142E+03  0.000E+00  5.484E-01
2.295266E+00  5.77831E+01  2.8358E+01  3.0776E+03  9.8137E+00  3.0874E+03  0.000E+00  5.402E-01
2.304493E+00  5.73876E+01  2.8163E+01  3.0442E+03  9.8070E+00  3.0540E+03  0.000E+00  5.380E-01
2.318334E+00  5.82830E+01  2.9046E+01  3.1209E+03  9.7970E+00  3.1307E+03  0.000E+00  5.348E-01
2.352936E+00  5.94792E+01  2.8299E+01  2.9958E+03  9.7712E+00  3.0056E+03  0.000E+00  5.269E-01
2.377781E+00  6.00671E+01  2.7767E+01  2.9089E+03  9.7522E+00  2.9187E+03  0.000E+00  5.214E-01
2.541848E+00  6.24067E+01  2.4523E+01  2.4032E+03  9.6173E+00  2.4128E+03  0.000E+00  4.878E-01
2.717235E+00  6.35356E+01  2.1808E+01  1.9991E+03  9.4588E+00  2.0086E+03  0.000E+00  4.563E-01
2.904724E+00  6.41787E+01  1.9696E+01  1.6890E+03  9.2783E+00  1.6983E+03  0.000E+00  4.268E-01
3.105150E+00  6.51868E+01  1.7868E+01  1.4334E+03  9.0774E+00  1.4425E+03  0.000E+00  3.993E-01
3.319406E+00  6.55976E+01  1.6109E+01  1.2088E+03  8.8579E+00  1.2177E+03  0.000E+00  3.735E-01
3.548445E+00  6.58397E+01  1.4530E+01  1.0200E+03  8.6216E+00  1.0286E+03  0.000E+00  3.494E-01
3.793288E+00  6.60749E+01  1.3122E+01  8.6165E+02  8.3705E+00  8.7002E+02  0.000E+00  3.269E-01
4.055024E+00  6.61088E+01  1.1825E+01  7.2639E+02  8.1065E+00  7.3450E+02  0.000E+00  3.058E-01
4.334821E+00  6.61107E+01  1.0658E+01  6.1242E+02  7.8315E+00  6.2025E+02  0.000E+00  2.860E-01
4.633924E+00  6.60094E+01  9.6063E+00  5.1638E+02  7.5475E+00  5.2393E+02  0.000E+00  2.676E-01
4.953664E+00  6.58258E+01  8.6601E+00  4.3547E+02  7.2564E+00  4.4273E+02  0.000E+00  2.503E-01
5.295467E+00  6.55870E+01  7.8175E+00  3.6773E+02  6.9601E+00  3.7469E+02  0.000E+00  2.341E-01
5.660855E+00  6.52974E+01  7.0662E+00  3.1093E+02  6.6604E+00  3.1759E+02  0.000E+00  2.190E-01
6.051453E+00  6.49529E+01  6.3955E+00  2.6325E+02  6.3591E+00  2.6961E+02  0.000E+00  2.049E-01
6.469004E+00  6.45390E+01  5.7885E+00  2.2289E+02  6.0578E+00  2.2895E+02  0.000E+00  1.917E-01
6.915365E+00  6.40048E+01  5.2191E+00  1.8799E+02  5.7580E+00  1.9375E+02  0.000E+00  1.793E-01
7.392525E+00  6.32653E+01  4.7110E+00  1.5874E+02  5.4611E+00  1.6420E+02  0.000E+00  1.677E-01
7.902609E+00  6.21040E+01  4.2584E+00  1.3423E+02  5.1685E+00  1.3940E+02  0.000E+00  1.569E-01
8.447890E+00  5.92839E+01  3.8477E+00  1.1345E+02  4.8814E+00  1.1833E+02  0.000E+00  1.468E-01
8.475040E+00  5.89756E+01  3.8287E+00  1.1253E+02  4.8677E+00  1.1740E+02  0.000E+00  1.463E-01
8.604760E+00  5.60429E+01  3.7405E+00  1.0828E+02  4.8033E+00  1.1308E+02  0.000E+00  1.441E-01
8.639352E+00  5.25930E+01  3.7176E+00  1.0719E+02  4.7863E+00  1.1198E+02  0.000E+00  1.435E-01
8.691240E+00  5.60824E+01  1.0419E+01  2.9860E+02  4.7611E+00  3.0336E+02  0.000E+00  1.427E-01
8.820960E+00  5.90778E+01  9.9983E+00  2.8234E+02  4.6988E+00  2.8704E+02  0.000E+00  1.406E-01
9.030794E+00  6.03859E+01  9.5496E+00  2.6340E+02  4.6007E+00  2.6800E+02  0.000E+00  1.373E-01
9.424561E+00  6.07158E+01  9.0035E+00  2.3796E+02  4.4251E+00  2.4239E+02  0.000E+00  1.316E-01
9.568814E+00  5.95927E+01  8.8174E+00  2.2953E+02  4.3633E+00  2.3389E+02  0.000E+00  1.296E-01
9.607282E+00  5.79397E+01  8.7676E+00  2.2732E+02  4.3471E+00  2.3167E+02  0.000E+00  1.291E-01
9.653919E+00  5.94809E+01  1.2105E+01  3.1235E+02  4.3275E+00  3.1668E+02  0.000E+00  1.284E-01
9.664983E+00  5.97910E+01  1.2082E+01  3.1138E+02  4.3229E+00  3.1570E+02  0.000E+00  1.283E-01
9.809237E+00  6.15257E+01  1.1774E+01  2.9899E+02  4.2633E+00  3.0325E+02  0.000E+00  1.264E-01
9.913386E+00  6.20369E+01  1.1552E+01  2.9027E+02  4.2212E+00  2.9449E+02  0.000E+00  1.251E-01
1.006512E+01  6.20671E+01  1.1228E+01  2.7786E+02  4.1608E+00  2.8202E+02  0.000E+00  1.232E-01
1.010558E+01  6.13640E+01  1.1143E+01  2.7466E+02  4.1450E+00  2.7880E+02  0.000E+00  1.227E-01
1.016628E+01  6.24607E+01  1.2729E+01  3.1189E+02  4.1214E+00  3.1601E+02  0.000E+00  1.220E-01
1.032004E+01  6.37534E+01  1.2408E+01  2.9949E+02  4.0625E+00  3.0355E+02  0.000E+00  1.201E-01
1.103212E+01  6.61062E+01  1.0996E+01  2.4828E+02  3.8065E+00  2.5209E+02  0.000E+00  1.124E-01
1.179334E+01  6.72118E+01  9.8298E+00  2.0762E+02  3.5599E+00  2.1118E+02  0.000E+00  1.051E-01
1.260708E+01  6.79569E+01  8.8364E+00  1.7459E+02  3.3233E+00  1.7791E+02  0.000E+00  9.834E-02
1.347697E+01  6.84675E+01  7.9243E+00  1.4646E+02  3.0969E+00  1.4956E+02  0.000E+00  9.200E-02
1.440688E+01  6.88093E+01  7.1023E+00  1.2280E+02  2.8811E+00  1.2568E+02  0.000E+00  8.606E-02
1.540095E+01  6.90350E+01  6.3661E+00  1.0296E+02  2.6759E+00  1.0564E+02  0.000E+00  8.050E-02
1.646362E+01  6.91791E+01  5.7080E+00  8.6362E+01  2.4814E+00  8.8843E+01  0.000E+00  7.531E-02
1.759961E+01  6.93315E+01  5.1161E+00  7.2410E+01  2.2975E+00  7.4708E+01  0.000E+00  7.045E-02
1.881398E+01  6.93678E+01  4.5777E+00  6.0607E+01  2.1242E+00  6.2731E+01  0.000E+00  6.590E-02
2.011215E+01  6.94030E+01  4.0962E+00  5.0732E+01  1.9614E+00  5.2693E+01  0.000E+00  6.165E-02
2.149988E+01  6.94058E+01  3.6598E+00  4.2402E+01  1.8087E+00  4.4211E+01  0.000E+00  5.767E-02
2.298338E+01  6.93572E+01  3.2721E+00  3.5463E+01  1.6659E+00  3.7129E+01  0.000E+00  5.395E-02
2.456923E+01  6.92964E+01  2.9280E+00  2.9686E+01  1.5327E+00  3.1219E+01  0.000E+00  5.046E-02
2.626450E+01  6.92330E+01  2.6224E+00  2.4871E+01  1.4087E+00  2.6280E+01  0.000E+00  4.721E-02
2.807676E+01  6.91640E+01  2.3318E+00  2.0687E+01  1.2936E+00  2.1981E+01  0.000E+00  4.416E-02
3.001405E+01  6.90712E+01  2.0697E+00  1.7177E+01  1.1870E+00  1.8364E+01  0.000E+00  4.131E-02
3.208502E+01  6.89695E+01  1.8385E+00  1.4273E+01  1.0885E+00  1.5362E+01  0.000E+00  3.864E-02
3.429889E+01  6.88613E+01  1.6344E+00  1.1869E+01  9.9767E-01  1.2867E+01  0.000E+00  3.615E-02
3.666551E+01  6.87471E+01  1.4542E+00  9.8791E+00  9.1405E-01  1.0793E+01  0.000E+00  3.381E-02
3.919543E+01  6.86254E+01  1.2928E+00  8.2156E+00  8.3725E-01  9.0528E+00  0.000E+00  3.163E-02
4.189992E+01  6.84912E+01  1.1489E+00  6.8299E+00  7.6684E-01  7.5967E+00  0.000E+00  2.959E-02
4.479101E+01  6.83377E+01  1.0190E+00  5.6671E+00  7.0241E-01  6.3695E+00  0.000E+00  2.768E-02
4.788159E+01  6.81488E+01  9.0164E-01  4.6906E+00  6.4355E-01  5.3342E+00  0.000E+00  2.589E-02
5.118542E+01  6.78932E+01  7.9799E-01  3.8834E+00  5.8988E-01  4.4733E+00  0.000E+00  2.422E-02
5.471721E+01  6.74763E+01  7.0656E-01  3.2165E+00  5.4102E-01  3.7575E+00  0.000E+00  2.266E-02
5.820181E+01  6.64210E+01  6.3175E-01  2.7038E+00  4.9976E-01  3.2036E+00  0.000E+00  2.130E-02
5.849270E+01  6.61954E+01  6.2608E-01  2.6662E+00  4.9659E-01  3.1628E+00  0.000E+00  2.120E-02
5.909265E+01  6.52863E+01  6.1465E-01  2.5909E+00  4.9016E-01  3.0811E+00  0.000E+00  2.098E-02
5.933021E+01  6.39276E+01  6.1021E-01  2.5619E+00  4.8766E-01  3.0496E+00  0.000E+00  2.090E-02
5.968655E+01  6.53004E+01  3.2783E+00  1.3682E+01  4.8396E-01  1.4166E+01  1.116E+01  2.077E-02
6.057739E+01  6.65405E+01  3.2050E+00  1.3179E+01  4.7493E-01  1.3654E+01  1.076E+01  2.047E-02
6.252870E+01  6.74400E+01  3.0529E+00  1.2162E+01  4.5625E-01  1.2618E+01  9.950E+00  1.983E-02
6.684318E+01  6.82358E+01  2.7418E+00  1.0217E+01  4.1968E-01  1.0637E+01  8.381E+00  1.855E-02
7.145536E+01  6.86397E+01  2.4583E+00  8.5696E+00  3.8655E-01  8.9561E+00  7.044E+00  1.735E-02
7.638578E+01  6.88894E+01  2.2038E+00  7.1865E+00  3.5658E-01  7.5431E+00  5.919E+00  1.623E-02
8.165640E+01  6.90612E+01  1.9726E+00  6.0174E+00  3.2947E-01  6.3469E+00  4.965E+00  1.518E-02
8.729069E+01  6.91715E+01  1.7598E+00  5.0217E+00  3.0499E-01  5.3267E+00  4.154E+00  1.420E-02
9.331374E+01  6.92436E+01  1.5702E+00  4.1914E+00  2.8287E-01  4.4743E+00  3.475E+00  1.329E-02
9.975239E+01  6.92898E+01  1.4011E+00  3.4988E+00  2.6290E-01  3.7617E+00  2.907E+00  1.243E-02
1.066353E+02  6.93180E+01  1.2505E+00  2.9211E+00  2.4487E-01  3.1660E+00  2.432E+00  1.163E-02
1.139931E+02  6.93333E+01  1.1162E+00  2.4390E+00  2.2859E-01  2.6676E+00  2.034E+00  1.088E-02
1.218587E+02  6.93682E+01  9.9475E-01  2.0334E+00  2.1388E-01  2.2473E+00  1.698E+00  1.017E-02
1.302669E+02  6.93651E+01  8.8429E-01  1.6909E+00  2.0058E-01  1.8915E+00  1.413E+00  9.518E-03
1.392553E+02  6.93557E+01  7.8617E-01  1.4063E+00  1.8854E-01  1.5948E+00  1.176E+00  8.903E-03
1.488640E+02  6.93424E+01  6.9900E-01  1.1696E+00  1.7762E-01  1.3472E+00  9.789E-01  8.329E-03
1.591356E+02  6.93265E+01  6.2156E-01  9.7292E-01  1.6771E-01  1.1406E+00  8.146E-01  7.791E-03
1.701159E+02  6.93090E+01  5.5275E-01  8.0936E-01  1.5869E-01  9.6805E-01  6.780E-01  7.288E-03
1.818539E+02  6.92906E+01  4.9159E-01  6.7336E-01  1.5047E-01  8.2383E-01  5.642E-01  6.818E-03
1.944018E+02  6.92719E+01  4.3724E-01  5.6025E-01  1.4295E-01  7.0320E-01  4.696E-01  6.378E-03
2.078156E+02  6.92532E+01  3.8893E-01  4.6619E-01  1.3605E-01  6.0224E-01  3.908E-01  5.966E-03
2.221548E+02  6.92348E+01  3.4599E-01  3.8795E-01  1.2970E-01  5.1765E-01  3.252E-01  5.581E-03
2.374835E+02  6.92169E+01  3.0781E-01  3.2286E-01  1.2384E-01  4.4670E-01  2.707E-01  5.221E-03
2.538699E+02  6.91994E+01  2.7387E-01  2.6871E-01  1.1841E-01  3.8712E-01  2.253E-01  4.884E-03
2.713869E+02  6.91828E+01  2.4486E-01  2.2474E-01  1.1335E-01  3.3809E-01  1.885E-01  4.569E-03
2.901126E+02  6.91677E+01  2.1921E-01  1.8821E-01  1.0863E-01  2.9684E-01  1.580E-01  4.274E-03
3.101304E+02  6.91538E+01  1.9626E-01  1.5763E-01  1.0420E-01  2.6183E-01  1.325E-01  3.998E-03
3.315294E+02  6.91410E+01  1.7572E-01  1.3203E-01  1.0003E-01  2.3206E-01  1.110E-01  3.740E-03
3.544049E+02  6.91291E+01  1.5735E-01  1.1059E-01  9.6087E-02  2.0668E-01  9.309E-02  3.498E-03
3.788588E+02  6.91182E+01  1.4090E-01  9.2641E-02  9.2345E-02  1.8499E-01  7.803E-02  3.273E-03
4.050001E+02  6.91081E+01  1.2618E-01  7.7609E-02  8.8783E-02  1.6639E-01  6.541E-02  3.061E-03
4.329451E+02  6.90987E+01  1.1301E-01  6.5020E-02  8.5379E-02  1.5040E-01  5.483E-02  2.864E-03
