
   Ta:    Z = 73;   Atomic weight = 180.9479 g/mol ;    nominal density:   [INLINE] = 1.6624E+01 g/cm3
          µa(barns/atom) = µ(cm2/g)  ×  3.00471E+02
          E(eV) µ(cm2/g) = f2(e/atom)  ×  2.32555E+05
          20 edges. Edge energies (keV):
          

  K      6.74164E+01  L I    1.16815E+01  L II   1.11361E+01  L III  9.88110E+00
  M I    2.70800E+00  M II   2.46870E+00  M III  2.19400E+00  M IV   1.79320E+00
  M V    1.73510E+00  N I    5.65500E-01  N II   4.64800E-01  N III  4.04500E-01
  N IV   2.41300E-01  N V    2.29300E-01  N VI   2.50000E-02  N VII  2.50000E-02
  O I    7.11000E-02  O II   4.49000E-02  O III  3.64000E-02  O IV   5.70000E-03

          Relativistic correction estimate frel (H82,3/5CL) = -1.4008E+00, -8.3100E-01 e/atom
          Nuclear Thomson correction fNT = -1.6156E-02 e/atom
     _________________________________________________________________________________________________________
   
   Form Factors, Attenuation and Scattering Cross-sections
   Z=73, E = 0.001 - 1000 keV

                                                              Attenuation
     E         f1            f2          µ           [INLINE] (coh+inc) Coefficient    µK       wavelength
     keV       e/atom       e/atom      cm2/g       cm2/g      cm2/g          cm2/g        nm

5.586000E-03  7.28675E+00  0.0000E+00  0.0000E+00  1.1072E-05  1.1072E-05  0.000E+00  2.220E+02
5.671500E-03  6.76355E+00  0.0000E+00  0.0000E+00  1.2001E-05  1.2001E-05  0.000E+00  2.186E+02
5.694300E-03  6.16326E+00  0.0000E+00  0.0000E+00  1.2259E-05  1.2259E-05  0.000E+00  2.177E+02
5.728500E-03  6.76103E+00  1.1669E+00  4.7371E+04  1.2653E-05  4.7371E+04  0.000E+00  2.164E+02
5.814000E-03  7.26809E+00  1.1599E+00  4.6396E+04  1.3682E-05  4.6396E+04  0.000E+00  2.133E+02
1.069000E-02  7.69658E+00  2.5477E+00  5.5425E+04  2.7176E-04  5.5425E+04  0.000E+00  1.160E+02
1.142761E-02  7.80670E+00  2.8946E+00  5.8905E+04  3.6733E-04  5.8905E+04  0.000E+00  1.085E+02
1.221612E-02  7.98392E+00  3.2454E+00  6.1782E+04  4.9401E-04  6.1782E+04  0.000E+00  1.015E+02
1.305903E-02  8.23109E+00  3.5808E+00  6.3767E+04  6.6105E-04  6.3767E+04  0.000E+00  9.494E+01
1.396010E-02  8.54464E+00  3.8799E+00  6.4634E+04  8.8017E-04  6.4634E+04  0.000E+00  8.881E+01
1.492335E-02  8.91402E+00  4.1228E+00  6.4246E+04  1.1661E-03  6.4246E+04  0.000E+00  8.308E+01
1.595306E-02  9.32207E+00  4.2927E+00  6.2577E+04  1.5374E-03  6.2577E+04  0.000E+00  7.772E+01
1.705382E-02  9.74633E+00  4.3785E+00  5.9707E+04  2.0169E-03  5.9707E+04  0.000E+00  7.270E+01
1.823053E-02  1.01860E+01  4.3754E+00  5.5814E+04  2.6332E-03  5.5814E+04  0.000E+00  6.801E+01
1.948844E-02  1.05634E+01  4.2858E+00  5.1143E+04  3.4212E-03  5.1143E+04  0.000E+00  6.362E+01
2.083314E-02  1.08749E+01  4.1184E+00  4.5972E+04  4.4236E-03  4.5972E+04  0.000E+00  5.951E+01
2.227063E-02  1.10871E+01  3.8864E+00  4.0582E+04  5.6924E-03  4.0582E+04  0.000E+00  5.567E+01
2.380730E-02  1.11318E+01  3.6051E+00  3.5215E+04  7.2903E-03  3.5215E+04  0.000E+00  5.208E+01
2.450000E-02  1.10153E+01  3.4725E+00  3.2961E+04  8.0966E-03  3.2961E+04  0.000E+00  5.061E+01
2.487500E-02  1.07494E+01  3.4002E+00  3.1788E+04  8.5561E-03  3.1788E+04  0.000E+00  4.984E+01
2.497500E-02  1.04085E+01  3.3809E+00  3.1481E+04  8.6814E-03  3.1481E+04  0.000E+00  4.964E+01
2.512500E-02  1.07805E+01  4.0323E+00  3.7323E+04  8.8716E-03  3.7323E+04  0.000E+00  4.935E+01
2.545001E-02  1.10837E+01  3.9475E+00  3.6071E+04  9.2928E-03  3.6071E+04  0.000E+00  4.872E+01
2.550000E-02  1.11091E+01  3.9346E+00  3.5883E+04  9.3587E-03  3.5883E+04  0.000E+00  4.862E+01
2.720606E-02  1.13983E+01  3.5119E+00  3.0020E+04  1.1790E-02  3.0020E+04  0.000E+00  4.557E+01
2.908327E-02  1.12851E+01  3.1071E+00  2.4845E+04  1.4888E-02  2.4845E+04  0.000E+00  4.263E+01
3.109002E-02  1.08955E+01  2.7577E+00  2.0628E+04  1.8713E-02  2.0628E+04  0.000E+00  3.988E+01
3.323523E-02  1.01007E+01  2.4597E+00  1.7211E+04  2.3413E-02  1.7211E+04  0.000E+00  3.731E+01
3.552846E-02  7.89513E+00  2.2126E+00  1.4483E+04  2.9160E-02  1.4483E+04  0.000E+00  3.490E+01
3.567200E-02  7.57475E+00  2.1993E+00  1.4338E+04  2.9545E-02  1.4338E+04  0.000E+00  3.476E+01
3.621800E-02  5.03659E+00  2.1510E+00  1.3811E+04  3.1037E-02  1.3811E+04  0.000E+00  3.423E+01
3.636360E-02  1.99183E+00  2.1387E+00  1.3677E+04  3.1442E-02  1.3677E+04  0.000E+00  3.410E+01
3.658200E-02  5.19860E+00  8.1125E+00  5.1572E+04  3.2056E-02  5.1572E+04  0.000E+00  3.389E+01
3.712800E-02  7.98196E+00  7.8708E+00  4.9299E+04  3.3621E-02  4.9299E+04  0.000E+00  3.339E+01
3.797993E-02  9.52533E+00  7.5184E+00  4.6036E+04  3.6152E-02  4.6036E+04  0.000E+00  3.264E+01
4.060054E-02  1.11476E+01  6.5983E+00  3.7794E+04  4.4618E-02  3.7794E+04  0.000E+00  3.054E+01
4.340198E-02  1.11433E+01  5.7736E+00  3.0936E+04  5.4820E-02  3.0936E+04  0.000E+00  2.857E+01
4.400200E-02  1.08095E+01  5.6160E+00  2.9681E+04  5.7161E-02  2.9681E+04  0.000E+00  2.818E+01
4.467550E-02  9.67052E+00  5.4478E+00  2.8358E+04  5.9854E-02  2.8358E+04  0.000E+00  2.775E+01
4.485510E-02  8.21964E+00  5.4045E+00  2.8020E+04  6.0584E-02  2.8020E+04  0.000E+00  2.764E+01
4.512450E-02  9.77292E+00  8.2372E+00  4.2452E+04  6.1689E-02  4.2452E+04  0.000E+00  2.748E+01
4.579800E-02  1.11684E+01  8.0408E+00  4.0830E+04  6.4498E-02  4.0830E+04  0.000E+00  2.707E+01
4.639671E-02  1.17160E+01  7.8751E+00  3.9472E+04  6.7054E-02  3.9472E+04  0.000E+00  2.672E+01
4.959809E-02  1.29598E+01  7.1262E+00  3.3413E+04  8.1656E-02  3.3413E+04  0.000E+00  2.500E+01
5.302035E-02  1.34527E+01  6.4845E+00  2.8442E+04  9.9000E-02  2.8442E+04  0.000E+00  2.338E+01
5.667876E-02  1.35799E+01  5.9403E+00  2.4373E+04  1.1950E-01  2.4373E+04  0.000E+00  2.187E+01
6.058959E-02  1.34579E+01  5.5463E+00  2.1288E+04  1.4363E-01  2.1288E+04  0.000E+00  2.046E+01
6.477028E-02  1.31680E+01  5.3333E+00  1.9149E+04  1.7188E-01  1.9149E+04  0.000E+00  1.914E+01
6.923942E-02  1.27668E+01  5.3146E+00  1.7850E+04  2.0480E-01  1.7850E+04  0.000E+00  1.791E+01
6.967800E-02  1.27230E+01  5.3230E+00  1.7766E+04  2.0818E-01  1.7766E+04  0.000E+00  1.779E+01
7.074450E-02  1.26034E+01  5.3504E+00  1.7588E+04  2.1650E-01  1.7588E+04  0.000E+00  1.753E+01
7.102890E-02  1.25498E+01  5.3593E+00  1.7547E+04  2.1875E-01  1.7547E+04  0.000E+00  1.746E+01
7.145550E-02  1.25391E+01  5.4288E+00  1.7668E+04  2.2214E-01  1.7668E+04  0.000E+00  1.735E+01
7.252200E-02  1.24678E+01  5.4730E+00  1.7550E+04  2.3072E-01  1.7550E+04  0.000E+00  1.710E+01
7.401695E-02  1.23489E+01  5.5495E+00  1.7436E+04  2.4299E-01  1.7436E+04  0.000E+00  1.675E+01
7.912411E-02  1.21364E+01  5.9225E+00  1.7407E+04  2.8709E-01  1.7407E+04  0.000E+00  1.567E+01
8.458368E-02  1.17681E+01  6.4758E+00  1.7804E+04  3.3777E-01  1.7804E+04  0.000E+00  1.466E+01
9.041995E-02  1.14742E+01  7.1961E+00  1.8508E+04  3.9573E-01  1.8508E+04  0.000E+00  1.371E+01
9.665893E-02  1.12899E+01  8.0678E+00  1.9411E+04  4.6173E-01  1.9411E+04  0.000E+00  1.283E+01
1.033284E-01  1.12531E+01  9.0673E+00  2.0407E+04  5.3652E-01  2.0408E+04  0.000E+00  1.200E+01
1.104581E-01  1.13843E+01  1.0141E+01  2.1351E+04  6.2088E-01  2.1352E+04  0.000E+00  1.122E+01
1.180797E-01  1.16865E+01  1.1251E+01  2.2159E+04  7.1560E-01  2.2160E+04  0.000E+00  1.050E+01
1.262272E-01  1.21528E+01  1.2364E+01  2.2778E+04  8.2145E-01  2.2779E+04  0.000E+00  9.822E+00
1.349368E-01  1.27723E+01  1.3449E+01  2.3179E+04  9.3918E-01  2.3180E+04  0.000E+00  9.188E+00
1.442475E-01  1.35288E+01  1.4484E+01  2.3351E+04  1.0695E+00  2.3352E+04  0.000E+00  8.595E+00
1.542005E-01  1.44022E+01  1.5448E+01  2.3298E+04  1.2132E+00  2.3299E+04  0.000E+00  8.040E+00
1.648404E-01  1.53689E+01  1.6327E+01  2.3034E+04  1.3708E+00  2.3035E+04  0.000E+00  7.521E+00
1.762144E-01  1.64015E+01  1.7112E+01  2.2583E+04  1.5428E+00  2.2585E+04  0.000E+00  7.036E+00
1.883732E-01  1.74671E+01  1.7797E+01  2.1971E+04  1.7298E+00  2.1973E+04  0.000E+00  6.582E+00
2.013709E-01  1.85176E+01  1.8384E+01  2.1231E+04  1.9320E+00  2.1233E+04  0.000E+00  6.157E+00
2.152655E-01  1.94419E+01  1.8876E+01  2.0392E+04  2.1497E+00  2.0394E+04  0.000E+00  5.760E+00
2.247140E-01  1.97006E+01  1.9146E+01  1.9814E+04  2.2980E+00  1.9816E+04  0.000E+00  5.517E+00
2.281535E-01  1.93069E+01  1.9233E+01  1.9604E+04  2.3520E+00  1.9606E+04  0.000E+00  5.434E+00
2.290707E-01  1.85987E+01  1.9255E+01  1.9548E+04  2.3664E+00  1.9550E+04  0.000E+00  5.412E+00
2.301188E-01  1.93136E+01  2.0802E+01  2.1022E+04  2.3829E+00  2.1024E+04  0.000E+00  5.388E+00
2.304465E-01  1.95039E+01  2.0804E+01  2.0995E+04  2.3880E+00  2.0997E+04  0.000E+00  5.380E+00
2.338860E-01  2.04059E+01  2.0825E+01  2.0706E+04  2.4419E+00  2.0708E+04  0.000E+00  5.301E+00
2.364740E-01  2.07303E+01  2.0839E+01  2.0494E+04  2.4825E+00  2.0496E+04  0.000E+00  5.243E+00
2.400935E-01  2.07908E+01  2.0857E+01  2.0202E+04  2.5392E+00  2.0205E+04  0.000E+00  5.164E+00
2.410587E-01  2.03502E+01  2.0862E+01  2.0126E+04  2.5543E+00  2.0129E+04  0.000E+00  5.143E+00
2.425065E-01  2.11426E+01  2.1990E+01  2.1087E+04  2.5769E+00  2.1090E+04  0.000E+00  5.113E+00
2.459970E-01  2.20772E+01  2.1957E+01  2.0757E+04  2.6315E+00  2.0760E+04  0.000E+00  5.040E+00
2.461260E-01  2.21023E+01  2.1956E+01  2.0745E+04  2.6335E+00  2.0748E+04  0.000E+00  5.037E+00
2.629708E-01  2.43119E+01  2.1747E+01  1.9231E+04  2.8953E+00  1.9234E+04  0.000E+00  4.715E+00
2.811158E-01  2.58639E+01  2.1470E+01  1.7761E+04  3.1739E+00  1.7764E+04  0.000E+00  4.410E+00
3.005128E-01  2.71910E+01  2.1254E+01  1.6448E+04  3.4666E+00  1.6451E+04  0.000E+00  4.126E+00
3.212482E-01  2.83891E+01  2.1057E+01  1.5243E+04  3.7726E+00  1.5247E+04  0.000E+00  3.859E+00
3.434143E-01  2.94763E+01  2.0868E+01  1.4131E+04  4.0908E+00  1.4135E+04  0.000E+00  3.610E+00
3.671099E-01  3.04296E+01  2.0687E+01  1.3105E+04  4.4202E+00  1.3109E+04  0.000E+00  3.377E+00
3.924405E-01  3.10594E+01  2.0517E+01  1.2158E+04  4.7592E+00  1.2163E+04  0.000E+00  3.159E+00
3.964100E-01  3.10502E+01  2.0492E+01  1.2022E+04  4.8111E+00  1.2027E+04  0.000E+00  3.128E+00
4.024775E-01  3.06884E+01  2.0456E+01  1.1820E+04  4.8897E+00  1.1825E+04  0.000E+00  3.081E+00
4.040955E-01  3.00444E+01  2.0446E+01  1.1767E+04  4.9106E+00  1.1772E+04  0.000E+00  3.068E+00
4.065225E-01  3.08470E+01  2.1817E+01  1.2481E+04  4.9417E+00  1.2486E+04  0.000E+00  3.050E+00
4.125900E-01  3.16975E+01  2.1794E+01  1.2284E+04  5.0190E+00  1.2289E+04  0.000E+00  3.005E+00
4.195189E-01  3.22431E+01  2.1769E+01  1.2067E+04  5.1063E+00  1.2072E+04  0.000E+00  2.955E+00
4.484657E-01  3.38018E+01  2.1674E+01  1.1239E+04  5.4597E+00  1.1244E+04  0.000E+00  2.765E+00
4.555040E-01  3.40950E+01  2.1653E+01  1.1055E+04  5.5429E+00  1.1061E+04  0.000E+00  2.722E+00
4.624760E-01  3.42849E+01  2.1633E+01  1.0878E+04  5.6242E+00  1.0884E+04  0.000E+00  2.681E+00
4.643352E-01  3.41970E+01  2.1628E+01  1.0832E+04  5.6457E+00  1.0838E+04  0.000E+00  2.670E+00
4.671240E-01  3.45086E+01  2.1968E+01  1.0937E+04  5.6779E+00  1.0943E+04  0.000E+00  2.654E+00
4.740960E-01  3.49966E+01  2.1863E+01  1.0724E+04  5.7575E+00  1.0730E+04  0.000E+00  2.615E+00
4.794098E-01  3.52911E+01  2.1749E+01  1.0550E+04  5.8174E+00  1.0556E+04  0.000E+00  2.586E+00
5.124891E-01  3.67329E+01  2.1072E+01  9.5619E+03  6.1775E+00  9.5681E+03  0.000E+00  2.419E+00
5.478508E-01  3.78288E+01  2.0397E+01  8.6583E+03  6.5376E+00  8.6648E+03  0.000E+00  2.263E+00
5.541900E-01  3.79581E+01  2.0281E+01  8.5104E+03  6.5996E+00  8.5170E+03  0.000E+00  2.237E+00
5.626725E-01  3.79871E+01  2.0127E+01  8.3184E+03  6.6812E+00  8.3251E+03  0.000E+00  2.203E+00
5.649345E-01  3.77833E+01  2.0086E+01  8.2683E+03  6.7028E+00  8.2750E+03  0.000E+00  2.195E+00
5.683275E-01  3.81559E+01  2.0556E+01  8.4115E+03  6.7349E+00  8.4182E+03  0.000E+00  2.182E+00
5.768100E-01  3.86364E+01  2.0408E+01  8.2280E+03  6.8143E+00  8.2348E+03  0.000E+00  2.149E+00
5.856525E-01  3.89816E+01  2.0255E+01  8.0432E+03  6.8956E+00  8.0501E+03  0.000E+00  2.117E+00
6.260625E-01  4.01908E+01  1.9579E+01  7.2728E+03  7.2489E+00  7.2800E+03  0.000E+00  1.980E+00
6.692609E-01  4.12085E+01  1.8887E+01  6.5630E+03  7.5953E+00  6.5706E+03  0.000E+00  1.853E+00
7.154399E-01  4.20994E+01  1.8176E+01  5.9081E+03  7.9322E+00  5.9160E+03  0.000E+00  1.733E+00
7.648052E-01  4.28870E+01  1.7445E+01  5.3046E+03  8.2573E+00  5.3129E+03  0.000E+00  1.621E+00
8.175768E-01  4.35557E+01  1.6696E+01  4.7491E+03  8.5681E+00  4.7577E+03  0.000E+00  1.516E+00
8.739896E-01  4.41047E+01  1.5933E+01  4.2396E+03  8.8623E+00  4.2485E+03  0.000E+00  1.419E+00
9.342948E-01  4.45363E+01  1.5166E+01  3.7750E+03  9.1377E+00  3.7841E+03  0.000E+00  1.327E+00
9.987612E-01  4.48812E+01  1.4401E+01  3.3531E+03  9.3924E+00  3.3625E+03  0.000E+00  1.241E+00
1.067676E+00  4.48897E+01  1.3200E+01  2.8752E+03  9.6243E+00  2.8848E+03  0.000E+00  1.161E+00
1.141345E+00  4.44916E+01  1.2121E+01  2.4697E+03  9.8317E+00  2.4795E+03  0.000E+00  1.086E+00
1.220098E+00  4.36912E+01  1.1156E+01  2.1264E+03  1.0013E+01  2.1364E+03  0.000E+00  1.016E+00
1.304285E+00  4.23871E+01  1.0292E+01  1.8351E+03  1.0167E+01  1.8453E+03  0.000E+00  9.506E-01
1.394281E+00  4.03100E+01  9.5151E+00  1.5870E+03  1.0293E+01  1.5973E+03  0.000E+00  8.892E-01
1.490486E+00  3.67822E+01  8.8155E+00  1.3754E+03  1.0390E+01  1.3858E+03  0.000E+00  8.318E-01
1.593329E+00  2.95194E+01  8.1845E+00  1.1946E+03  1.0457E+01  1.2051E+03  0.000E+00  7.781E-01
1.700398E+00  1.37058E+00  7.6136E+00  1.0413E+03  1.0494E+01  1.0518E+03  0.000E+00  7.291E-01
1.703269E+00 -8.29974E-01  7.5994E+00  1.0376E+03  1.0494E+01  1.0481E+03  0.000E+00  7.279E-01
1.726425E+00 -4.04092E+01  7.4871E+00  1.0085E+03  1.0498E+01  1.0190E+03  0.000E+00  7.182E-01
1.733365E+00 -1.04851E+02  7.4542E+00  1.0001E+03  1.0499E+01  1.0106E+03  0.000E+00  7.153E-01
1.743776E+00 -2.91157E+00  1.3260E+02  1.7684E+04  1.0500E+01  1.7694E+04  0.000E+00  7.110E-01
1.757336E+00  3.90908E+01  9.4749E+01  1.2539E+04  1.0501E+01  1.2550E+04  0.000E+00  7.055E-01
1.769802E+00  4.51559E+01  7.0260E+01  9.2323E+03  1.0502E+01  9.2428E+03  0.000E+00  7.006E-01
1.784234E+00  2.93243E+01  5.0431E+01  6.5731E+03  1.0502E+01  6.5836E+03  0.000E+00  6.949E-01
1.791407E+00 -1.41137E+01  4.3063E+01  5.5903E+03  1.0502E+01  5.6008E+03  0.000E+00  6.921E-01
1.802166E+00  5.51641E+01  1.1945E+02  1.5414E+04  1.0502E+01  1.5424E+04  0.000E+00  6.880E-01
1.820795E+00  8.52606E+01  7.6459E+01  9.7654E+03  1.0501E+01  9.7759E+03  0.000E+00  6.809E-01
1.829064E+00  8.70266E+01  6.4816E+01  8.2409E+03  1.0501E+01  8.2514E+03  0.000E+00  6.779E-01
1.946430E+00  6.18642E+01  2.1959E+01  2.6236E+03  1.0479E+01  2.6341E+03  0.000E+00  6.370E-01
2.080733E+00  5.26004E+01  2.1587E+01  2.4127E+03  1.0427E+01  2.4231E+03  0.000E+00  5.959E-01
2.150120E+00  5.00704E+01  2.2827E+01  2.4689E+03  1.0391E+01  2.4793E+03  0.000E+00  5.766E-01
2.183030E+00  4.79497E+01  2.3530E+01  2.5066E+03  1.0372E+01  2.5170E+03  0.000E+00  5.679E-01
2.191806E+00  4.55689E+01  2.3723E+01  2.5170E+03  1.0367E+01  2.5274E+03  0.000E+00  5.657E-01
2.204970E+00  4.80567E+01  2.8724E+01  3.0295E+03  1.0359E+01  3.0399E+03  0.000E+00  5.623E-01
2.224304E+00  4.98194E+01  2.9062E+01  3.0385E+03  1.0347E+01  3.0488E+03  0.000E+00  5.574E-01
2.237880E+00  5.05826E+01  2.9298E+01  3.0445E+03  1.0338E+01  3.0548E+03  0.000E+00  5.540E-01
2.377781E+00  5.56444E+01  2.9665E+01  2.9014E+03  1.0240E+01  2.9116E+03  0.000E+00  5.214E-01
2.419326E+00  5.65966E+01  2.9294E+01  2.8158E+03  1.0207E+01  2.8260E+03  0.000E+00  5.125E-01
2.456356E+00  5.68380E+01  2.8868E+01  2.7331E+03  1.0178E+01  2.7433E+03  0.000E+00  5.047E-01
2.466231E+00  5.61419E+01  2.8741E+01  2.7102E+03  1.0170E+01  2.7204E+03  0.000E+00  5.027E-01
2.481043E+00  5.74961E+01  3.0421E+01  2.8514E+03  1.0157E+01  2.8616E+03  0.000E+00  4.997E-01
2.518074E+00  5.92314E+01  2.9807E+01  2.7528E+03  1.0126E+01  2.7629E+03  0.000E+00  4.924E-01
2.541848E+00  5.99713E+01  2.9389E+01  2.6889E+03  1.0106E+01  2.6990E+03  0.000E+00  4.878E-01
2.653840E+00  6.21300E+01  2.7375E+01  2.3989E+03  1.0006E+01  2.4089E+03  0.000E+00  4.672E-01
2.694460E+00  6.23004E+01  2.6665E+01  2.3014E+03  9.9683E+00  2.3114E+03  0.000E+00  4.601E-01
2.705292E+00  6.18776E+01  2.6478E+01  2.2762E+03  9.9582E+00  2.2862E+03  0.000E+00  4.583E-01
2.717235E+00  6.24913E+01  2.7418E+01  2.3466E+03  9.9470E+00  2.3565E+03  0.000E+00  4.563E-01
2.721540E+00  6.26917E+01  2.7344E+01  2.3366E+03  9.9429E+00  2.3465E+03  0.000E+00  4.556E-01
2.762160E+00  6.37226E+01  2.6657E+01  2.2444E+03  9.9043E+00  2.2543E+03  0.000E+00  4.489E-01
2.904724E+00  6.55359E+01  2.4485E+01  1.9603E+03  9.7649E+00  1.9701E+03  0.000E+00  4.268E-01
3.105150E+00  6.68792E+01  2.2128E+01  1.6573E+03  9.5610E+00  1.6669E+03  0.000E+00  3.993E-01
3.319406E+00  6.78724E+01  2.0086E+01  1.4072E+03  9.3372E+00  1.4165E+03  0.000E+00  3.735E-01
3.548445E+00  6.88402E+01  1.8210E+01  1.1934E+03  9.0954E+00  1.2025E+03  0.000E+00  3.494E-01
3.793288E+00  6.94954E+01  1.6415E+01  1.0063E+03  8.8376E+00  1.0151E+03  0.000E+00  3.269E-01
4.055024E+00  6.97903E+01  1.4818E+01  8.4979E+02  8.5657E+00  8.5836E+02  0.000E+00  3.058E-01
4.334821E+00  6.99592E+01  1.3402E+01  7.1901E+02  8.2818E+00  7.2729E+02  0.000E+00  2.860E-01
4.633924E+00  7.01464E+01  1.2084E+01  6.0646E+02  7.9879E+00  6.1445E+02  0.000E+00  2.676E-01
4.953664E+00  7.01733E+01  1.0900E+01  5.1170E+02  7.6860E+00  5.1939E+02  0.000E+00  2.503E-01
5.295467E+00  7.00792E+01  9.8206E+00  4.3128E+02  7.3781E+00  4.3866E+02  0.000E+00  2.341E-01
5.660855E+00  6.99372E+01  8.8550E+00  3.6378E+02  7.0660E+00  3.7085E+02  0.000E+00  2.190E-01
6.051453E+00  6.97167E+01  7.9928E+00  3.0716E+02  6.7517E+00  3.1391E+02  0.000E+00  2.049E-01
6.469004E+00  6.94432E+01  7.2248E+00  2.5973E+02  6.4369E+00  2.6617E+02  0.000E+00  1.917E-01
6.915365E+00  6.91140E+01  6.5400E+00  2.1993E+02  6.1231E+00  2.2605E+02  0.000E+00  1.793E-01
7.392525E+00  6.87163E+01  5.9283E+00  1.8649E+02  5.8119E+00  1.9230E+02  0.000E+00  1.677E-01
7.902609E+00  6.82155E+01  5.3635E+00  1.5783E+02  5.5047E+00  1.6333E+02  0.000E+00  1.569E-01
8.447890E+00  6.75254E+01  4.8481E+00  1.3346E+02  5.2028E+00  1.3866E+02  0.000E+00  1.468E-01
9.030794E+00  6.64617E+01  4.3729E+00  1.1261E+02  4.9073E+00  1.1752E+02  0.000E+00  1.373E-01
9.653919E+00  6.37140E+01  3.8954E+00  9.3837E+01  4.6192E+00  9.8456E+01  0.000E+00  1.284E-01
9.683478E+00  6.34252E+01  3.8744E+00  9.3045E+01  4.6062E+00  9.7651E+01  0.000E+00  1.280E-01
9.831694E+00  6.05401E+01  3.7718E+00  8.9217E+01  4.5419E+00  9.3759E+01  0.000E+00  1.261E-01
9.871219E+00  5.71434E+01  3.7453E+00  8.8234E+01  4.5250E+00  9.2759E+01  0.000E+00  1.256E-01
9.930505E+00  6.05654E+01  1.0348E+01  2.4233E+02  4.4997E+00  2.4683E+02  0.000E+00  1.249E-01
1.007872E+01  6.35612E+01  1.0006E+01  2.3087E+02  4.4377E+00  2.3531E+02  0.000E+00  1.230E-01
1.032004E+01  6.50977E+01  9.4836E+00  2.1371E+02  4.3395E+00  2.1805E+02  0.000E+00  1.201E-01
1.091338E+01  6.54822E+01  8.5087E+00  1.8131E+02  4.1121E+00  1.8542E+02  0.000E+00  1.136E-01
1.103212E+01  6.48825E+01  8.3416E+00  1.7584E+02  4.0688E+00  1.7991E+02  0.000E+00  1.124E-01
1.108042E+01  6.43050E+01  8.2758E+00  1.7369E+02  4.0514E+00  1.7774E+02  0.000E+00  1.119E-01
1.112496E+01  6.27014E+01  8.2160E+00  1.7175E+02  4.0355E+00  1.7579E+02  0.000E+00  1.114E-01
1.119178E+01  6.44029E+01  1.1357E+01  2.3599E+02  4.0118E+00  2.4000E+02  0.000E+00  1.108E-01
1.135882E+01  6.59310E+01  1.1070E+01  2.2664E+02  3.9534E+00  2.3059E+02  0.000E+00  1.092E-01
1.144787E+01  6.62523E+01  1.0923E+01  2.2189E+02  3.9229E+00  2.2581E+02  0.000E+00  1.083E-01
1.162309E+01  6.62303E+01  1.0644E+01  2.1297E+02  3.8638E+00  2.1683E+02  0.000E+00  1.067E-01
1.166982E+01  6.55306E+01  1.0572E+01  2.1069E+02  3.8483E+00  2.1454E+02  0.000E+00  1.062E-01
1.173991E+01  6.65825E+01  1.2137E+01  2.4041E+02  3.8252E+00  2.4424E+02  0.000E+00  1.056E-01
1.179334E+01  6.70814E+01  1.2053E+01  2.3768E+02  3.8078E+00  2.4149E+02  0.000E+00  1.051E-01
1.191513E+01  6.77871E+01  1.1867E+01  2.3162E+02  3.7685E+00  2.3539E+02  0.000E+00  1.041E-01
1.260708E+01  6.97701E+01  1.0898E+01  2.0103E+02  3.5570E+00  2.0459E+02  0.000E+00  9.834E-02
1.347697E+01  7.10512E+01  9.8172E+00  1.6940E+02  3.3168E+00  1.7272E+02  0.000E+00  9.200E-02
1.440688E+01  7.18606E+01  8.8261E+00  1.4247E+02  3.0874E+00  1.4556E+02  0.000E+00  8.606E-02
1.540095E+01  7.24049E+01  7.9175E+00  1.1955E+02  2.8691E+00  1.2242E+02  0.000E+00  8.050E-02
1.646362E+01  7.27659E+01  7.0951E+00  1.0022E+02  2.6619E+00  1.0288E+02  0.000E+00  7.531E-02
1.759961E+01  7.30023E+01  6.3589E+00  8.4024E+01  2.4659E+00  8.6490E+01  0.000E+00  7.045E-02
1.881398E+01  7.31523E+01  5.7019E+00  7.0480E+01  2.2809E+00  7.2761E+01  0.000E+00  6.590E-02
2.011215E+01  7.33039E+01  5.1142E+00  5.9135E+01  2.1068E+00  6.1242E+01  0.000E+00  6.165E-02
2.149988E+01  7.33452E+01  4.5840E+00  4.9583E+01  1.9434E+00  5.1526E+01  0.000E+00  5.767E-02
2.298338E+01  7.33888E+01  4.1096E+00  4.1583E+01  1.7905E+00  4.3374E+01  0.000E+00  5.395E-02
2.456923E+01  7.34025E+01  3.6801E+00  3.4833E+01  1.6476E+00  3.6481E+01  0.000E+00  5.046E-02
2.626450E+01  7.33713E+01  3.2969E+00  2.9192E+01  1.5146E+00  3.0707E+01  0.000E+00  4.721E-02
2.807676E+01  7.33311E+01  2.9320E+00  2.4285E+01  1.3909E+00  2.5676E+01  0.000E+00  4.416E-02
3.001405E+01  7.32561E+01  2.6027E+00  2.0166E+01  1.2762E+00  2.1442E+01  0.000E+00  4.131E-02
3.208502E+01  7.31674E+01  2.3123E+00  1.6759E+01  1.1702E+00  1.7929E+01  0.000E+00  3.864E-02
3.429889E+01  7.30703E+01  2.0559E+00  1.3940E+01  1.0722E+00  1.5012E+01  0.000E+00  3.615E-02
3.666551E+01  7.29671E+01  1.8295E+00  1.1604E+01  9.8201E-01  1.2586E+01  0.000E+00  3.381E-02
3.919543E+01  7.28589E+01  1.6292E+00  9.6663E+00  8.9907E-01  1.0565E+01  0.000E+00  3.163E-02
4.189992E+01  7.27455E+01  1.4520E+00  8.0587E+00  8.2296E-01  8.8817E+00  0.000E+00  2.959E-02
4.479101E+01  7.26247E+01  1.2929E+00  6.7128E+00  7.5326E-01  7.4661E+00  0.000E+00  2.768E-02
4.788159E+01  7.24914E+01  1.1512E+00  5.5913E+00  6.8954E-01  6.2808E+00  0.000E+00  2.589E-02
5.118542E+01  7.23388E+01  1.0236E+00  4.6506E+00  6.3138E-01  5.2820E+00  0.000E+00  2.422E-02
5.471721E+01  7.21497E+01  9.0721E-01  3.8557E+00  5.7839E-01  4.4341E+00  0.000E+00  2.266E-02
5.849270E+01  7.18904E+01  8.0445E-01  3.1983E+00  5.3018E-01  3.7285E+00  0.000E+00  2.120E-02
6.252870E+01  7.14546E+01  7.1341E-01  2.6533E+00  4.8638E-01  3.1397E+00  0.000E+00  1.983E-02
6.606807E+01  7.04835E+01  6.4647E-01  2.2755E+00  4.5332E-01  2.7288E+00  0.000E+00  1.877E-02
6.684318E+01  6.98055E+01  6.3316E-01  2.2028E+00  4.4665E-01  2.6494E+00  0.000E+00  1.855E-02
6.707932E+01  6.93757E+01  6.2919E-01  2.1813E+00  4.4466E-01  2.6260E+00  0.000E+00  1.848E-02
6.734898E+01  6.80495E+01  6.2470E-01  2.1571E+00  4.4240E-01  2.5995E+00  0.000E+00  1.841E-02
6.775348E+01  6.93893E+01  3.2286E+00  1.1082E+01  4.3906E-01  1.1521E+01  8.960E+00  1.830E-02
6.876473E+01  7.05993E+01  3.1573E+00  1.0678E+01  4.3092E-01  1.1109E+01  8.642E+00  1.803E-02
7.145536E+01  7.15926E+01  2.9775E+00  9.6904E+00  4.1064E-01  1.0101E+01  7.860E+00  1.735E-02
7.638578E+01  7.23062E+01  2.6741E+00  8.1411E+00  3.7805E-01  8.5192E+00  6.619E+00  1.623E-02
8.165640E+01  7.26821E+01  2.3979E+00  6.8291E+00  3.4857E-01  7.1777E+00  5.566E+00  1.518E-02
8.729069E+01  7.29153E+01  2.1482E+00  5.7232E+00  3.2193E-01  6.0451E+00  4.681E+00  1.420E-02
9.331374E+01  7.30695E+01  1.9189E+00  4.7823E+00  2.9787E-01  5.0802E+00  3.921E+00  1.329E-02
9.975239E+01  7.31707E+01  1.7140E+00  3.9959E+00  2.7615E-01  4.2720E+00  3.284E+00  1.243E-02
1.066353E+02  7.32373E+01  1.5312E+00  3.3392E+00  2.5655E-01  3.5958E+00  2.751E+00  1.163E-02
1.139931E+02  7.32801E+01  1.3680E+00  2.7909E+00  2.3885E-01  3.0298E+00  2.304E+00  1.088E-02
1.218587E+02  7.33060E+01  1.2224E+00  2.3328E+00  2.2287E-01  2.5557E+00  1.929E+00  1.017E-02
1.302669E+02  7.33200E+01  1.0924E+00  1.9502E+00  2.0843E-01  2.1586E+00  1.616E+00  9.518E-03
1.392553E+02  7.33528E+01  9.7465E-01  1.6277E+00  1.9538E-01  1.8231E+00  1.350E+00  8.903E-03
1.488640E+02  7.33493E+01  8.6801E-01  1.3560E+00  1.8356E-01  1.5396E+00  1.126E+00  8.329E-03
1.591356E+02  7.33401E+01  7.7311E-01  1.1298E+00  1.7284E-01  1.3026E+00  9.389E-01  7.791E-03
1.701159E+02  7.33273E+01  6.8866E-01  9.4142E-01  1.6311E-01  1.1045E+00  7.829E-01  7.288E-03
1.818539E+02  7.33121E+01  6.1349E-01  7.8453E-01  1.5425E-01  9.3878E-01  6.527E-01  6.818E-03
1.944018E+02  7.32954E+01  5.4657E-01  6.5384E-01  1.4617E-01  8.0001E-01  5.443E-01  6.378E-03
2.078156E+02  7.32778E+01  4.8699E-01  5.4497E-01  1.3878E-01  6.8375E-01  4.538E-01  5.966E-03
2.221548E+02  7.32599E+01  4.3395E-01  4.5427E-01  1.3200E-01  5.8627E-01  3.784E-01  5.581E-03
2.374835E+02  7.32420E+01  3.8672E-01  3.7869E-01  1.2575E-01  5.0444E-01  3.155E-01  5.221E-03
2.538699E+02  7.32244E+01  3.4465E-01  3.1572E-01  1.1998E-01  4.3570E-01  2.631E-01  4.884E-03
2.713869E+02  7.32072E+01  3.0719E-01  2.6323E-01  1.1463E-01  3.7786E-01  2.194E-01  4.569E-03
2.901126E+02  7.31903E+01  2.7382E-01  2.1949E-01  1.0964E-01  3.2913E-01  1.829E-01  4.274E-03
3.101304E+02  7.31743E+01  2.4570E-01  1.8424E-01  1.0499E-01  2.8923E-01  1.537E-01  3.998E-03
3.315294E+02  7.31599E+01  2.2066E-01  1.5479E-01  1.0062E-01  2.5541E-01  1.293E-01  3.740E-03
3.544049E+02  7.31467E+01  1.9819E-01  1.3005E-01  9.6499E-02  2.2655E-01  1.088E-01  3.498E-03
3.788588E+02  7.31345E+01  1.7802E-01  1.0928E-01  9.2607E-02  2.0189E-01  9.150E-02  3.273E-03
4.050001E+02  7.31233E+01  1.5992E-01  9.1825E-02  8.8913E-02  1.8074E-01  7.697E-02  3.061E-03
4.329451E+02  7.31130E+01  1.4366E-01  7.7167E-02  8.5395E-02  1.6256E-01  6.475E-02  2.864E-03
