
   Re:    Z = 75;   Atomic weight = 186.2070 g/mol ;    nominal density:   [INLINE] = 2.0980E+01 g/cm3
          µa(barns/atom) = µ(cm2/g)  ×  3.09204E+02
          E(eV) µ(cm2/g) = f2(e/atom)  ×  2.25987E+05
          21 edges. Edge energies (keV):
          

  K      7.16764E+01  L I    1.25267E+01  L II   1.19587E+01  L III  1.05353E+01
  M I    2.93170E+00  M II   2.68160E+00  M III  2.36730E+00  M IV   1.94890E+00
  M V    1.88290E+00  N I    6.25000E-01  N II   5.17900E-01  N III  4.44400E-01
  N IV   2.73700E-01  N V    2.60200E-01  N VI   4.06000E-02  N VII  4.06000E-02
  O I    8.28000E-02  O II   4.56000E-02  O III  3.46000E-02  O IV   6.06267E-03
  O V    5.20913E-03

          Relativistic correction estimate frel (H82,3/5CL) = -1.5033E+00, -8.8920E-01 e/atom
          Nuclear Thomson correction fNT = -1.6572E-02 e/atom
     _________________________________________________________________________________________________________
   
   Form Factors, Attenuation and Scattering Cross-sections
   Z=75, E = 0.001 - 1000 keV

                                                              Attenuation
     E         f1            f2          µ           [INLINE] (coh+inc) Coefficient    µK       wavelength
     keV       e/atom       e/atom      cm2/g       cm2/g      cm2/g          cm2/g        nm

5.104943E-03  6.39581E+00  0.0000E+00  0.0000E+00  7.3520E-06  7.3520E-06  0.000E+00  2.429E+02
5.183079E-03  6.22399E+00  0.0000E+00  0.0000E+00  7.9793E-06  7.9793E-06  0.000E+00  2.392E+02
5.203916E-03  6.06267E+00  0.0000E+00  0.0000E+00  8.1534E-06  8.1534E-06  0.000E+00  2.383E+02
5.235171E-03  6.19350E+00  2.9128E-01  1.2574E+04  8.4199E-06  1.2574E+04  0.000E+00  2.368E+02
5.313308E-03  6.27314E+00  2.9108E-01  1.2380E+04  9.1158E-06  1.2380E+04  0.000E+00  2.333E+02
5.941418E-03  5.68875E+00  2.9183E-01  1.1100E+04  1.6452E-05  1.1100E+04  0.000E+00  2.087E+02
6.032358E-03  5.20729E+00  2.9392E-01  1.1011E+04  1.7806E-05  1.1011E+04  0.000E+00  2.055E+02
6.056608E-03  4.66114E+00  2.9460E-01  1.0992E+04  1.8181E-05  1.0992E+04  0.000E+00  2.047E+02
6.092984E-03  5.19845E+00  1.3530E+00  5.0183E+04  1.8755E-05  5.0183E+04  0.000E+00  2.035E+02
6.183924E-03  5.64768E+00  1.3515E+00  4.9391E+04  2.0251E-05  4.9391E+04  0.000E+00  2.005E+02
1.069000E-02  5.27266E+00  3.4278E+00  7.2464E+04  2.8802E-04  7.2464E+04  0.000E+00  1.160E+02
1.142761E-02  5.29226E+00  4.0421E+00  7.9935E+04  3.8882E-04  7.9935E+04  0.000E+00  1.085E+02
1.221612E-02  5.41943E+00  4.7143E+00  8.7210E+04  5.2227E-04  8.7210E+04  0.000E+00  1.015E+02
1.305903E-02  5.67608E+00  5.4183E+00  9.3764E+04  6.9803E-04  9.3764E+04  0.000E+00  9.494E+01
1.396010E-02  6.07660E+00  6.1198E+00  9.9067E+04  9.2833E-04  9.9067E+04  0.000E+00  8.881E+01
1.492335E-02  6.62422E+00  6.7783E+00  1.0264E+05  1.2285E-03  1.0264E+05  0.000E+00  8.308E+01
1.595306E-02  7.32014E+00  7.3518E+00  1.0414E+05  1.6179E-03  1.0414E+05  0.000E+00  7.772E+01
1.705382E-02  8.11734E+00  7.8016E+00  1.0338E+05  2.1202E-03  1.0338E+05  0.000E+00  7.270E+01
1.823053E-02  9.03318E+00  8.0975E+00  1.0038E+05  2.7651E-03  1.0038E+05  0.000E+00  6.801E+01
1.948844E-02  9.93792E+00  8.2213E+00  9.5333E+04  3.5889E-03  9.5333E+04  0.000E+00  6.362E+01
2.083314E-02  1.08250E+01  8.1690E+00  8.8613E+04  4.6357E-03  8.8613E+04  0.000E+00  5.951E+01
2.227063E-02  1.16460E+01  7.9498E+00  8.0669E+04  5.9596E-03  8.0669E+04  0.000E+00  5.567E+01
2.380730E-02  1.23560E+01  7.5848E+00  7.1997E+04  7.6253E-03  7.1997E+04  0.000E+00  5.208E+01
2.545001E-02  1.29157E+01  7.1023E+00  6.3066E+04  9.7108E-03  6.3066E+04  0.000E+00  4.872E+01
2.720606E-02  1.32835E+01  6.5331E+00  5.4267E+04  1.2309E-02  5.4267E+04  0.000E+00  4.557E+01
2.908327E-02  1.34089E+01  5.9161E+00  4.5970E+04  1.5530E-02  4.5970E+04  0.000E+00  4.263E+01
3.109002E-02  1.31912E+01  5.2858E+00  3.8422E+04  1.9504E-02  3.8422E+04  0.000E+00  3.988E+01
3.323523E-02  1.21962E+01  4.6699E+00  3.1754E+04  2.4383E-02  3.1754E+04  0.000E+00  3.731E+01
3.390800E-02  1.13408E+01  4.4909E+00  2.9930E+04  2.6050E-02  2.9930E+04  0.000E+00  3.656E+01
3.442700E-02  9.48514E+00  4.3575E+00  2.8604E+04  2.7383E-02  2.8604E+04  0.000E+00  3.601E+01
3.456540E-02  7.26152E+00  4.3227E+00  2.8261E+04  2.7745E-02  2.8261E+04  0.000E+00  3.587E+01
3.477300E-02  9.56931E+00  8.6457E+00  5.6187E+04  2.8293E-02  5.6187E+04  0.000E+00  3.566E+01
3.529200E-02  1.15804E+01  8.4385E+00  5.4035E+04  2.9692E-02  5.4035E+04  0.000E+00  3.513E+01
3.552846E-02  1.20120E+01  8.3464E+00  5.3089E+04  3.0343E-02  5.3089E+04  0.000E+00  3.490E+01
3.797993E-02  1.37977E+01  7.4692E+00  4.4443E+04  3.7590E-02  4.4443E+04  0.000E+00  3.264E+01
3.978800E-02  1.40851E+01  6.8764E+00  3.9056E+04  4.3525E-02  3.9056E+04  0.000E+00  3.116E+01
4.039700E-02  1.38521E+01  6.6792E+00  3.7365E+04  4.5638E-02  3.7365E+04  0.000E+00  3.069E+01
4.055940E-02  1.34579E+01  6.6271E+00  3.6924E+04  4.6212E-02  3.6924E+04  0.000E+00  3.057E+01
4.060054E-02  1.23158E+01  7.4507E+00  4.1471E+04  4.6358E-02  4.1471E+04  0.000E+00  3.054E+01
4.080300E-02  1.39357E+01  7.3752E+00  4.0847E+04  4.7080E-02  4.0847E+04  0.000E+00  3.039E+01
4.141200E-02  1.43817E+01  7.1514E+00  3.9026E+04  4.9289E-02  3.9026E+04  0.000E+00  2.994E+01
4.340198E-02  1.46487E+01  6.4590E+00  3.3631E+04  5.6916E-02  3.3631E+04  0.000E+00  2.857E+01
4.468800E-02  1.42887E+01  6.0458E+00  3.0574E+04  6.2176E-02  3.0574E+04  0.000E+00  2.774E+01
4.537200E-02  1.34221E+01  5.8392E+00  2.9084E+04  6.5081E-02  2.9084E+04  0.000E+00  2.733E+01
4.555440E-02  1.23252E+01  5.7861E+00  2.8704E+04  6.5868E-02  2.8704E+04  0.000E+00  2.722E+01
4.582800E-02  1.34803E+01  7.8921E+00  3.8917E+04  6.7058E-02  3.8917E+04  0.000E+00  2.705E+01
4.639671E-02  1.44092E+01  7.7273E+00  3.7638E+04  6.9570E-02  3.7638E+04  0.000E+00  2.672E+01
4.651200E-02  1.45135E+01  7.6948E+00  3.7387E+04  7.0085E-02  3.7387E+04  0.000E+00  2.666E+01
4.959809E-02  1.56927E+01  6.9252E+00  3.1553E+04  8.4662E-02  3.1553E+04  0.000E+00  2.500E+01
5.302035E-02  1.61494E+01  6.2240E+00  2.6528E+04  1.0258E-01  2.6528E+04  0.000E+00  2.338E+01
5.667876E-02  1.63094E+01  5.5605E+00  2.2170E+04  1.2374E-01  2.2170E+04  0.000E+00  2.187E+01
6.058959E-02  1.62441E+01  4.9727E+00  1.8547E+04  1.4863E-01  1.8547E+04  0.000E+00  2.046E+01
6.477028E-02  1.59999E+01  4.4941E+00  1.5680E+04  1.7776E-01  1.5680E+04  0.000E+00  1.914E+01
6.923942E-02  1.56151E+01  4.1483E+00  1.3540E+04  2.1169E-01  1.3540E+04  0.000E+00  1.791E+01
7.401695E-02  1.51211E+01  3.9512E+00  1.2064E+04  2.5104E-01  1.2064E+04  0.000E+00  1.675E+01
7.912411E-02  1.45397E+01  3.9137E+00  1.1178E+04  2.9644E-01  1.1178E+04  0.000E+00  1.567E+01
8.114400E-02  1.42945E+01  3.9429E+00  1.0981E+04  3.1531E-01  1.0981E+04  0.000E+00  1.528E+01
8.238600E-02  1.41235E+01  3.9724E+00  1.0896E+04  3.2716E-01  1.0896E+04  0.000E+00  1.505E+01
8.271720E-02  1.40506E+01  3.9817E+00  1.0878E+04  3.3036E-01  1.0878E+04  0.000E+00  1.499E+01
8.321400E-02  1.40293E+01  4.0659E+00  1.1042E+04  3.3517E-01  1.1042E+04  0.000E+00  1.490E+01
8.445600E-02  1.39194E+01  4.1106E+00  1.0999E+04  3.4733E-01  1.0999E+04  0.000E+00  1.468E+01
8.458368E-02  1.39067E+01  4.1157E+00  1.0996E+04  3.4859E-01  1.0996E+04  0.000E+00  1.466E+01
9.041995E-02  1.32976E+01  4.4316E+00  1.1076E+04  4.0822E-01  1.1076E+04  0.000E+00  1.371E+01
9.665893E-02  1.26720E+01  4.9343E+00  1.1536E+04  4.7608E-01  1.1536E+04  0.000E+00  1.283E+01
1.033284E-01  1.20734E+01  5.6326E+00  1.2319E+04  5.5296E-01  1.2320E+04  0.000E+00  1.200E+01
1.104581E-01  1.15404E+01  6.5277E+00  1.3355E+04  6.3963E-01  1.3356E+04  0.000E+00  1.122E+01
1.180797E-01  1.11085E+01  7.6212E+00  1.4586E+04  7.3692E-01  1.4587E+04  0.000E+00  1.050E+01
1.262272E-01  1.07184E+01  8.9002E+00  1.5934E+04  8.4560E-01  1.5935E+04  0.000E+00  9.822E+00
1.349368E-01  1.06211E+01  1.0339E+01  1.7315E+04  9.6645E-01  1.7316E+04  0.000E+00  9.188E+00
1.442475E-01  1.07502E+01  1.1905E+01  1.8651E+04  1.1002E+00  1.8652E+04  0.000E+00  8.595E+00
1.542005E-01  1.11382E+01  1.3559E+01  1.9871E+04  1.2476E+00  1.9872E+04  0.000E+00  8.040E+00
1.648404E-01  1.18180E+01  1.5249E+01  2.0906E+04  1.4092E+00  2.0907E+04  0.000E+00  7.521E+00
1.762144E-01  1.27984E+01  1.6875E+01  2.1641E+04  1.5856E+00  2.1643E+04  0.000E+00  7.036E+00
1.883732E-01  1.40334E+01  1.8361E+01  2.2028E+04  1.7773E+00  2.2030E+04  0.000E+00  6.582E+00
2.013709E-01  1.54684E+01  1.9667E+01  2.2071E+04  1.9846E+00  2.2073E+04  0.000E+00  6.157E+00
2.152655E-01  1.70427E+01  2.0765E+01  2.1799E+04  2.2077E+00  2.1801E+04  0.000E+00  5.760E+00
2.301188E-01  1.86854E+01  2.1642E+01  2.1253E+04  2.4466E+00  2.1255E+04  0.000E+00  5.388E+00
2.459970E-01  2.02842E+01  2.2298E+01  2.0484E+04  2.7014E+00  2.0487E+04  0.000E+00  5.040E+00
2.549960E-01  2.09838E+01  2.2546E+01  1.9981E+04  2.8450E+00  1.9984E+04  0.000E+00  4.862E+00
2.588990E-01  2.10168E+01  2.2617E+01  1.9742E+04  2.9071E+00  1.9745E+04  0.000E+00  4.789E+00
2.599398E-01  2.07081E+01  2.2633E+01  1.9677E+04  2.9236E+00  1.9680E+04  0.000E+00  4.770E+00
2.615010E-01  2.12542E+01  2.3451E+01  2.0266E+04  2.9484E+00  2.0269E+04  0.000E+00  4.741E+00
2.629708E-01  2.15754E+01  2.3476E+01  2.0174E+04  2.9717E+00  2.0177E+04  0.000E+00  4.715E+00
2.654040E-01  2.19410E+01  2.3512E+01  2.0020E+04  3.0102E+00  2.0023E+04  0.000E+00  4.672E+00
2.682260E-01  2.22642E+01  2.3548E+01  1.9840E+04  3.0547E+00  1.9843E+04  0.000E+00  4.622E+00
2.723315E-01  2.25202E+01  2.3590E+01  1.9575E+04  3.1194E+00  1.9578E+04  0.000E+00  4.553E+00
2.734263E-01  2.23395E+01  2.3599E+01  1.9504E+04  3.1366E+00  1.9507E+04  0.000E+00  4.534E+00
2.750685E-01  2.28457E+01  2.4223E+01  1.9900E+04  3.1624E+00  1.9903E+04  0.000E+00  4.507E+00
2.791740E-01  2.35829E+01  2.4248E+01  1.9629E+04  3.2267E+00  1.9632E+04  0.000E+00  4.441E+00
2.811158E-01  2.38558E+01  2.4256E+01  1.9500E+04  3.2570E+00  1.9503E+04  0.000E+00  4.410E+00
3.005128E-01  2.60380E+01  2.4224E+01  1.8216E+04  3.5569E+00  1.8220E+04  0.000E+00  4.126E+00
3.212482E-01  2.78948E+01  2.4038E+01  1.6910E+04  3.8703E+00  1.6914E+04  0.000E+00  3.859E+00
3.434143E-01  2.95561E+01  2.3740E+01  1.5622E+04  4.1963E+00  1.5626E+04  0.000E+00  3.610E+00
3.671099E-01  3.10382E+01  2.3355E+01  1.4377E+04  4.5337E+00  1.4382E+04  0.000E+00  3.377E+00
3.924405E-01  3.23241E+01  2.2909E+01  1.3192E+04  4.8810E+00  1.3197E+04  0.000E+00  3.159E+00
4.195189E-01  3.33221E+01  2.2423E+01  1.2079E+04  5.2366E+00  1.2084E+04  0.000E+00  2.955E+00
4.355120E-01  3.35331E+01  2.2138E+01  1.1487E+04  5.4389E+00  1.1492E+04  0.000E+00  2.847E+00
4.421780E-01  3.31448E+01  2.2021E+01  1.1254E+04  5.5216E+00  1.1260E+04  0.000E+00  2.804E+00
4.439556E-01  3.24487E+01  2.1990E+01  1.1193E+04  5.5435E+00  1.1199E+04  0.000E+00  2.793E+00
4.466220E-01  3.33164E+01  2.3440E+01  1.1860E+04  5.5761E+00  1.1866E+04  0.000E+00  2.776E+00
4.484657E-01  3.36747E+01  2.3411E+01  1.1797E+04  5.5987E+00  1.1803E+04  0.000E+00  2.765E+00
4.532880E-01  3.42307E+01  2.3334E+01  1.1633E+04  5.6572E+00  1.1639E+04  0.000E+00  2.735E+00
4.794098E-01  3.58103E+01  2.2929E+01  1.0808E+04  5.9652E+00  1.0814E+04  0.000E+00  2.586E+00
5.075420E-01  3.68998E+01  2.2508E+01  1.0022E+04  6.2805E+00  1.0028E+04  0.000E+00  2.443E+00
5.124891E-01  3.70191E+01  2.2435E+01  9.8931E+03  6.3342E+00  9.8994E+03  0.000E+00  2.419E+00
5.153105E-01  3.70422E+01  2.2394E+01  9.8209E+03  6.3646E+00  9.8273E+03  0.000E+00  2.406E+00
5.173821E-01  3.69353E+01  2.2364E+01  9.7684E+03  6.3869E+00  9.7748E+03  0.000E+00  2.396E+00
5.204895E-01  3.72339E+01  2.2680E+01  9.8474E+03  6.4200E+00  9.8538E+03  0.000E+00  2.382E+00
5.282580E-01  3.76736E+01  2.2573E+01  9.6568E+03  6.5020E+00  9.6633E+03  0.000E+00  2.347E+00
5.478508E-01  3.84625E+01  2.2307E+01  9.2016E+03  6.7034E+00  9.2083E+03  0.000E+00  2.263E+00
5.856525E-01  3.96784E+01  2.1804E+01  8.4137E+03  7.0704E+00  8.4208E+03  0.000E+00  2.117E+00
6.125000E-01  4.03188E+01  2.1454E+01  7.9156E+03  7.3145E+00  7.9229E+03  0.000E+00  2.024E+00
6.218750E-01  4.03583E+01  2.1332E+01  7.7521E+03  7.3966E+00  7.7595E+03  0.000E+00  1.994E+00
6.243750E-01  4.01569E+01  2.1300E+01  7.7093E+03  7.4182E+00  7.7167E+03  0.000E+00  1.986E+00
6.260625E-01  4.02949E+01  2.1811E+01  7.8731E+03  7.4327E+00  7.8805E+03  0.000E+00  1.980E+00
6.281250E-01  4.05363E+01  2.1785E+01  7.8379E+03  7.4504E+00  7.8454E+03  0.000E+00  1.974E+00
6.375000E-01  4.10343E+01  2.1667E+01  7.6808E+03  7.5300E+00  7.6883E+03  0.000E+00  1.945E+00
6.692609E-01  4.20971E+01  2.1269E+01  7.1819E+03  7.7880E+00  7.1897E+03  0.000E+00  1.853E+00
7.154399E-01  4.33490E+01  2.0696E+01  6.5373E+03  8.1338E+00  6.5454E+03  0.000E+00  1.733E+00
7.648052E-01  4.45271E+01  2.0071E+01  5.9308E+03  8.4674E+00  5.9393E+03  0.000E+00  1.621E+00
8.175768E-01  4.55966E+01  1.9120E+01  5.2850E+03  8.7866E+00  5.2938E+03  0.000E+00  1.516E+00
8.739896E-01  4.64886E+01  1.8171E+01  4.6986E+03  9.0890E+00  4.7077E+03  0.000E+00  1.419E+00
9.342948E-01  4.72513E+01  1.7232E+01  4.1680E+03  9.3722E+00  4.1774E+03  0.000E+00  1.327E+00
9.987612E-01  4.80138E+01  1.6316E+01  3.6919E+03  9.6342E+00  3.7015E+03  0.000E+00  1.241E+00
1.067676E+00  4.82750E+01  1.5112E+01  3.1986E+03  9.8731E+00  3.2085E+03  0.000E+00  1.161E+00
1.141345E+00  4.82099E+01  1.3879E+01  2.7481E+03  1.0087E+01  2.7582E+03  0.000E+00  1.086E+00
1.220098E+00  4.78114E+01  1.2748E+01  2.3613E+03  1.0274E+01  2.3716E+03  0.000E+00  1.016E+00
1.304285E+00  4.70685E+01  1.1739E+01  2.0340E+03  1.0434E+01  2.0444E+03  0.000E+00  9.506E-01
1.394281E+00  4.58964E+01  1.0836E+01  1.7563E+03  1.0564E+01  1.7669E+03  0.000E+00  8.892E-01
1.490486E+00  4.40791E+01  1.0026E+01  1.5202E+03  1.0665E+01  1.5309E+03  0.000E+00  8.318E-01
1.593329E+00  4.11061E+01  9.2981E+00  1.3188E+03  1.0736E+01  1.3295E+03  0.000E+00  7.781E-01
1.703269E+00  3.53981E+01  8.6417E+00  1.1466E+03  1.0776E+01  1.1574E+03  0.000E+00  7.279E-01
1.820795E+00  1.77060E+01  8.0397E+00  9.9784E+02  1.0785E+01  1.0086E+03  0.000E+00  6.809E-01
1.845242E+00  6.73106E+00  7.9231E+00  9.7035E+02  1.0783E+01  9.8113E+02  0.000E+00  6.719E-01
1.873485E+00 -3.26516E+01  7.7932E+00  9.4004E+02  1.0780E+01  9.5082E+02  0.000E+00  6.618E-01
1.881017E+00 -9.34676E+01  7.7593E+00  9.3221E+02  1.0778E+01  9.4299E+02  0.000E+00  6.591E-01
1.892314E+00  2.69285E+00  1.2614E+02  1.5064E+04  1.0776E+01  1.5075E+04  0.000E+00  6.552E-01
1.909922E+00  4.59077E+01  8.5168E+01  1.0077E+04  1.0773E+01  1.0088E+04  0.000E+00  6.492E-01
1.920558E+00  4.98528E+01  6.7732E+01  7.9698E+03  1.0771E+01  7.9806E+03  0.000E+00  6.456E-01
1.939155E+00  3.41083E+01  4.6216E+01  5.3859E+03  1.0766E+01  5.3967E+03  0.000E+00  6.394E-01
1.946430E+00  1.07064E+00  4.0094E+01  4.6551E+03  1.0764E+01  4.6659E+03  0.000E+00  6.370E-01
1.946951E+00 -5.32392E+00  3.9695E+01  4.6075E+03  1.0764E+01  4.6183E+03  0.000E+00  6.368E-01
1.958644E+00  5.61319E+01  1.0885E+02  1.2559E+04  1.0760E+01  1.2570E+04  0.000E+00  6.330E-01
1.987878E+00  8.50380E+01  6.1205E+01  6.9580E+03  1.0751E+01  6.9688E+03  0.000E+00  6.237E-01
2.080733E+00  6.74787E+01  2.4051E+01  2.6122E+03  1.0713E+01  2.6229E+03  0.000E+00  5.959E-01
2.224304E+00  5.61277E+01  2.1619E+01  2.1964E+03  1.0633E+01  2.2070E+03  0.000E+00  5.574E-01
2.319954E+00  5.28707E+01  2.2873E+01  2.2280E+03  1.0567E+01  2.2386E+03  0.000E+00  5.344E-01
2.355464E+00  5.07791E+01  2.3481E+01  2.2528E+03  1.0541E+01  2.2633E+03  0.000E+00  5.264E-01
2.364933E+00  4.84147E+01  2.3646E+01  2.2596E+03  1.0534E+01  2.2701E+03  0.000E+00  5.243E-01
2.377781E+00  5.06859E+01  2.8560E+01  2.7144E+03  1.0524E+01  2.7249E+03  0.000E+00  5.214E-01
2.379137E+00  5.08809E+01  2.8579E+01  2.7146E+03  1.0523E+01  2.7251E+03  0.000E+00  5.211E-01
2.414646E+00  5.33703E+01  2.9063E+01  2.7200E+03  1.0495E+01  2.7305E+03  0.000E+00  5.135E-01
2.541848E+00  5.78219E+01  2.9488E+01  2.6217E+03  1.0389E+01  2.6321E+03  0.000E+00  4.878E-01
2.627968E+00  5.97791E+01  2.8585E+01  2.4581E+03  1.0312E+01  2.4684E+03  0.000E+00  4.718E-01
2.668192E+00  5.99427E+01  2.8039E+01  2.3748E+03  1.0274E+01  2.3851E+03  0.000E+00  4.647E-01
2.678918E+00  5.92412E+01  2.7883E+01  2.3522E+03  1.0264E+01  2.3625E+03  0.000E+00  4.628E-01
2.695008E+00  6.05194E+01  2.9476E+01  2.4717E+03  1.0249E+01  2.4819E+03  0.000E+00  4.601E-01
2.717235E+00  6.15391E+01  2.9102E+01  2.4203E+03  1.0228E+01  2.4305E+03  0.000E+00  4.563E-01
2.735232E+00  6.21052E+01  2.8793E+01  2.3789E+03  1.0211E+01  2.3891E+03  0.000E+00  4.533E-01
2.873066E+00  6.44041E+01  2.6457E+01  2.0810E+03  1.0075E+01  2.0911E+03  0.000E+00  4.315E-01
2.904724E+00  6.45409E+01  2.5964E+01  2.0200E+03  1.0043E+01  2.0300E+03  0.000E+00  4.268E-01
2.917041E+00  6.44709E+01  2.5777E+01  1.9970E+03  1.0030E+01  2.0070E+03  0.000E+00  4.250E-01
2.928768E+00  6.40293E+01  2.5601E+01  1.9754E+03  1.0018E+01  1.9854E+03  0.000E+00  4.233E-01
2.946358E+00  6.47934E+01  2.6466E+01  2.0299E+03  1.0000E+01  2.0399E+03  0.000E+00  4.208E-01
2.990334E+00  6.57137E+01  2.5828E+01  1.9519E+03  9.9551E+00  1.9619E+03  0.000E+00  4.146E-01
3.105150E+00  6.70014E+01  2.4454E+01  1.7797E+03  9.8354E+00  1.7895E+03  0.000E+00  3.993E-01
3.319406E+00  6.85761E+01  2.2207E+01  1.5119E+03  9.6074E+00  1.5215E+03  0.000E+00  3.735E-01
3.548445E+00  6.96864E+01  2.0168E+01  1.2844E+03  9.3608E+00  1.2938E+03  0.000E+00  3.494E-01
3.793288E+00  7.07040E+01  1.8309E+01  1.0908E+03  9.0976E+00  1.0999E+03  0.000E+00  3.269E-01
4.055024E+00  7.14083E+01  1.6514E+01  9.2033E+02  8.8198E+00  9.2915E+02  0.000E+00  3.058E-01
4.334821E+00  7.17402E+01  1.4900E+01  7.7679E+02  8.5296E+00  7.8532E+02  0.000E+00  2.860E-01
4.633924E+00  7.19282E+01  1.3473E+01  6.5703E+02  8.2289E+00  6.6526E+02  0.000E+00  2.676E-01
4.953664E+00  7.21291E+01  1.2166E+01  5.5499E+02  7.9199E+00  5.6291E+02  0.000E+00  2.503E-01
5.295467E+00  7.21244E+01  1.0976E+01  4.6841E+02  7.6046E+00  4.7601E+02  0.000E+00  2.341E-01
5.660855E+00  7.20909E+01  9.8947E+00  3.9500E+02  7.2848E+00  4.0228E+02  0.000E+00  2.190E-01
6.051453E+00  7.19599E+01  8.9250E+00  3.3330E+02  6.9626E+00  3.4026E+02  0.000E+00  2.049E-01
6.469004E+00  7.17499E+01  8.0579E+00  2.8149E+02  6.6396E+00  2.8813E+02  0.000E+00  1.917E-01
6.915365E+00  7.14855E+01  7.2860E+00  2.3810E+02  6.3175E+00  2.4442E+02  0.000E+00  1.793E-01
7.392525E+00  7.11651E+01  6.5978E+00  2.0169E+02  5.9980E+00  2.0769E+02  0.000E+00  1.677E-01
7.902609E+00  7.07766E+01  5.9834E+00  1.7110E+02  5.6824E+00  1.7678E+02  0.000E+00  1.569E-01
8.447890E+00  7.02902E+01  5.4254E+00  1.4513E+02  5.3721E+00  1.5050E+02  0.000E+00  1.468E-01
9.030794E+00  6.96381E+01  4.8913E+00  1.2240E+02  5.0682E+00  1.2747E+02  0.000E+00  1.373E-01
9.653919E+00  6.85353E+01  4.3617E+00  1.0210E+02  4.7719E+00  1.0687E+02  0.000E+00  1.284E-01
1.032004E+01  6.56674E+01  3.8942E+00  8.5275E+01  4.4839E+00  8.9759E+01  0.000E+00  1.201E-01
1.032459E+01  6.56244E+01  3.8912E+00  8.5171E+01  4.4821E+00  8.9653E+01  0.000E+00  1.201E-01
1.048262E+01  6.28399E+01  3.7895E+00  8.1694E+01  4.4178E+00  8.6112E+01  0.000E+00  1.183E-01
1.052476E+01  5.95870E+01  3.7631E+00  8.0801E+01  4.4009E+00  8.5202E+01  0.000E+00  1.178E-01
1.058798E+01  6.28140E+01  1.0075E+01  2.1503E+02  4.3757E+00  2.1941E+02  0.000E+00  1.171E-01
1.074601E+01  6.56471E+01  9.8178E+00  2.0647E+02  4.3138E+00  2.1078E+02  0.000E+00  1.154E-01
1.103212E+01  6.72448E+01  9.3788E+00  1.9212E+02  4.2052E+00  1.9633E+02  0.000E+00  1.124E-01
1.171953E+01  6.76542E+01  8.4363E+00  1.6268E+02  3.9612E+00  1.6664E+02  0.000E+00  1.058E-01
1.179334E+01  6.73841E+01  8.3432E+00  1.5987E+02  3.9363E+00  1.6381E+02  0.000E+00  1.051E-01
1.189891E+01  6.64793E+01  8.2128E+00  1.5598E+02  3.9012E+00  1.5988E+02  0.000E+00  1.042E-01
1.194674E+01  6.48867E+01  8.1547E+00  1.5426E+02  3.8854E+00  1.5815E+02  0.000E+00  1.038E-01
1.201849E+01  6.65730E+01  1.1272E+01  2.1196E+02  3.8620E+00  2.1582E+02  0.000E+00  1.032E-01
1.219787E+01  6.80807E+01  1.0988E+01  2.0357E+02  3.8043E+00  2.0737E+02  0.000E+00  1.016E-01
1.227617E+01  6.83474E+01  1.0867E+01  2.0005E+02  3.7796E+00  2.0383E+02  0.000E+00  1.010E-01
1.246407E+01  6.83508E+01  1.0586E+01  1.9194E+02  3.7213E+00  1.9566E+02  0.000E+00  9.947E-02
1.251417E+01  6.76623E+01  1.0513E+01  1.8986E+02  3.7060E+00  1.9357E+02  0.000E+00  9.908E-02
1.258933E+01  6.87093E+01  1.2059E+01  2.1647E+02  3.6832E+00  2.2015E+02  0.000E+00  9.848E-02
1.260708E+01  6.88899E+01  1.2033E+01  2.1570E+02  3.6779E+00  2.1938E+02  0.000E+00  9.834E-02
1.277723E+01  6.99110E+01  1.1785E+01  2.0844E+02  3.6272E+00  2.1207E+02  0.000E+00  9.704E-02
1.347697E+01  7.18024E+01  1.0844E+01  1.8184E+02  3.4302E+00  1.8527E+02  0.000E+00  9.200E-02
1.440688E+01  7.30764E+01  9.7497E+00  1.5293E+02  3.1936E+00  1.5612E+02  0.000E+00  8.606E-02
1.540095E+01  7.38716E+01  8.7608E+00  1.2855E+02  2.9683E+00  1.3152E+02  0.000E+00  8.050E-02
1.646362E+01  7.44047E+01  7.8621E+00  1.0792E+02  2.7545E+00  1.1067E+02  0.000E+00  7.531E-02
1.759961E+01  7.47592E+01  7.0514E+00  9.0543E+01  2.5520E+00  9.3095E+01  0.000E+00  7.045E-02
1.881398E+01  7.49938E+01  6.3267E+00  7.5994E+01  2.3608E+00  7.8355E+01  0.000E+00  6.590E-02
2.011215E+01  7.51456E+01  5.6795E+00  6.3816E+01  2.1809E+00  6.5997E+01  0.000E+00  6.165E-02
2.149988E+01  7.53012E+01  5.0980E+00  5.3585E+01  2.0120E+00  5.5597E+01  0.000E+00  5.767E-02
2.298338E+01  7.53469E+01  4.5723E+00  4.4958E+01  1.8537E+00  4.6812E+01  0.000E+00  5.395E-02
2.456923E+01  7.53954E+01  4.1022E+00  3.7732E+01  1.7059E+00  3.9438E+01  0.000E+00  5.046E-02
2.626450E+01  7.54193E+01  3.6772E+00  3.1639E+01  1.5681E+00  3.3207E+01  0.000E+00  4.721E-02
2.807676E+01  7.53939E+01  3.2705E+00  2.6324E+01  1.4401E+00  2.7764E+01  0.000E+00  4.416E-02
3.001405E+01  7.53316E+01  2.9034E+00  2.1860E+01  1.3213E+00  2.3181E+01  0.000E+00  4.131E-02
3.208502E+01  7.52520E+01  2.5796E+00  1.8169E+01  1.2113E+00  1.9380E+01  0.000E+00  3.864E-02
3.429889E+01  7.51615E+01  2.2939E+00  1.5114E+01  1.1098E+00  1.6224E+01  0.000E+00  3.615E-02
3.666551E+01  7.50638E+01  2.0415E+00  1.2583E+01  1.0162E+00  1.3599E+01  0.000E+00  3.381E-02
3.919543E+01  7.49608E+01  1.8183E+00  1.0484E+01  9.3016E-01  1.1414E+01  0.000E+00  3.163E-02
4.189992E+01  7.48531E+01  1.6208E+00  8.7415E+00  8.5117E-01  9.5927E+00  0.000E+00  2.959E-02
4.479101E+01  7.47403E+01  1.4457E+00  7.2943E+00  7.7881E-01  8.0731E+00  0.000E+00  2.768E-02
4.788159E+01  7.46201E+01  1.2884E+00  6.0809E+00  7.1264E-01  6.7935E+00  0.000E+00  2.589E-02
5.118542E+01  7.44871E+01  1.1483E+00  5.0699E+00  6.5223E-01  5.7221E+00  0.000E+00  2.422E-02
5.471721E+01  7.43343E+01  1.0222E+00  4.2218E+00  5.9717E-01  4.8190E+00  0.000E+00  2.266E-02
5.849270E+01  7.41439E+01  9.0681E-01  3.5035E+00  5.4707E-01  4.0506E+00  0.000E+00  2.120E-02
6.252870E+01  7.38796E+01  8.0487E-01  2.9089E+00  5.0155E-01  3.4104E+00  0.000E+00  1.983E-02
6.684318E+01  7.34235E+01  7.1433E-01  2.4151E+00  4.6025E-01  2.8754E+00  0.000E+00  1.855E-02
7.024287E+01  7.25172E+01  6.5400E-01  2.1041E+00  4.3206E-01  2.5362E+00  0.000E+00  1.765E-02
7.131802E+01  7.14235E+01  6.3662E-01  2.0173E+00  4.2384E-01  2.4411E+00  0.000E+00  1.738E-02
7.145536E+01  7.10332E+01  6.3445E-01  2.0065E+00  4.2281E-01  2.4293E+00  0.000E+00  1.735E-02
7.160472E+01  7.01142E+01  6.3211E-01  1.9949E+00  4.2170E-01  2.4166E+00  0.000E+00  1.732E-02
7.203478E+01  7.14371E+01  3.2029E+00  1.0048E+01  4.1853E-01  1.0467E+01  8.086E+00  1.721E-02
7.310993E+01  7.26320E+01  3.1325E+00  9.6829E+00  4.1080E-01  1.0094E+01  7.800E+00  1.696E-02
7.638578E+01  7.36992E+01  2.9282E+00  8.6629E+00  3.8892E-01  9.0518E+00  6.995E+00  1.623E-02
8.165640E+01  7.43552E+01  2.6232E+00  7.2598E+00  3.5827E-01  7.6181E+00  5.875E+00  1.518E-02
8.729069E+01  7.47028E+01  2.3520E+00  6.0890E+00  3.3057E-01  6.4196E+00  4.946E+00  1.420E-02
9.331374E+01  7.49250E+01  2.1121E+00  5.1151E+00  3.0556E-01  5.4207E+00  4.171E+00  1.329E-02
9.975239E+01  7.50733E+01  1.8873E+00  4.2756E+00  2.8298E-01  4.5586E+00  3.495E+00  1.243E-02
1.066353E+02  7.51704E+01  1.6866E+00  3.5744E+00  2.6260E-01  3.8370E+00  2.928E+00  1.163E-02
1.139931E+02  7.52342E+01  1.5075E+00  2.9885E+00  2.4421E-01  3.2327E+00  2.454E+00  1.088E-02
1.218587E+02  7.52751E+01  1.3476E+00  2.4991E+00  2.2761E-01  2.7267E+00  2.056E+00  1.017E-02
1.302669E+02  7.52997E+01  1.2048E+00  2.0901E+00  2.1262E-01  2.3027E+00  1.723E+00  9.518E-03
1.392553E+02  7.53128E+01  1.0772E+00  1.7482E+00  1.9907E-01  1.9473E+00  1.444E+00  8.903E-03
1.488640E+02  7.53443E+01  9.6158E-01  1.4597E+00  1.8681E-01  1.6465E+00  1.207E+00  8.329E-03
1.591356E+02  7.53404E+01  8.5722E-01  1.2173E+00  1.7571E-01  1.3930E+00  1.008E+00  7.791E-03
1.701159E+02  7.53313E+01  7.6426E-01  1.0153E+00  1.6563E-01  1.1809E+00  8.410E-01  7.288E-03
1.818539E+02  7.53187E+01  6.8146E-01  8.4684E-01  1.5647E-01  1.0033E+00  7.020E-01  6.818E-03
1.944018E+02  7.53038E+01  6.0768E-01  7.0641E-01  1.4812E-01  8.5453E-01  5.859E-01  6.378E-03
2.078156E+02  7.52875E+01  5.4194E-01  5.8933E-01  1.4049E-01  7.2982E-01  4.891E-01  5.966E-03
2.221548E+02  7.52704E+01  4.8335E-01  4.9169E-01  1.3350E-01  6.2519E-01  4.082E-01  5.581E-03
2.374835E+02  7.52530E+01  4.3114E-01  4.1027E-01  1.2706E-01  5.3733E-01  3.407E-01  5.221E-03
2.538699E+02  7.52356E+01  3.8460E-01  3.4236E-01  1.2113E-01  4.6349E-01  2.844E-01  4.884E-03
2.713869E+02  7.52184E+01  3.4311E-01  2.8571E-01  1.1564E-01  4.0135E-01  2.374E-01  4.569E-03
2.901126E+02  7.52015E+01  3.0612E-01  2.3846E-01  1.1053E-01  3.4899E-01  1.981E-01  4.274E-03
3.101304E+02  7.51849E+01  2.7314E-01  1.9903E-01  1.0576E-01  3.0479E-01  1.654E-01  3.998E-03
3.315294E+02  7.51693E+01  2.4564E-01  1.6744E-01  1.0129E-01  2.6873E-01  1.393E-01  3.740E-03
3.544049E+02  7.51553E+01  2.2097E-01  1.4090E-01  9.7090E-02  2.3799E-01  1.174E-01  3.498E-03
3.788588E+02  7.51425E+01  1.9879E-01  1.1858E-01  9.3122E-02  2.1170E-01  9.897E-02  3.273E-03
4.050001E+02  7.51308E+01  1.7886E-01  9.9800E-02  8.9361E-02  1.8916E-01  8.341E-02  3.061E-03
4.329451E+02  7.51199E+01  1.6093E-01  8.4002E-02  8.5784E-02  1.6979E-01  7.029E-02  2.864E-03
