
   Hg:    Z = 80;   Atomic weight = 200.5900 g/mol ;    nominal density:   [INLINE] = 1.3522E+01 g/cm3
          µa(barns/atom) = µ(cm2/g)  ×  3.33088E+02
          E(eV) µ(cm2/g) = f2(e/atom)  ×  2.09783E+05
          22 edges. Edge energies (keV):
          

  K      8.31023E+01  L I    1.48393E+01  L II   1.42087E+01  L III  1.22839E+01
  M I    3.56160E+00  M II   3.27850E+00  M III  2.84710E+00  M IV   2.38490E+00
  M V    2.29490E+00  N I    8.00300E-01  N II   6.76900E-01  N III  5.71000E-01
  N IV   3.78300E-01  N V    3.59800E-01  N VI   1.02200E-01  N VII  9.85000E-02
  O I    1.20300E-01  O II   8.05000E-02  O III  5.76000E-02  O IV   6.40000E-03
  O V    6.40000E-03  P I    7.71361E-03

          Relativistic correction estimate frel (H82,3/5CL) = -1.7805E+00, -1.0458E+00 e/atom
          Nuclear Thomson correction fNT = -1.7503E-02 e/atom
     _________________________________________________________________________________________________________
   
   Form Factors, Attenuation and Scattering Cross-sections
   Z=80, E = 0.001 - 1000 keV

                                                              Attenuation
     E         f1            f2          µ           [INLINE] (coh+inc) Coefficient    µK       wavelength
     keV       e/atom       e/atom      cm2/g       cm2/g      cm2/g          cm2/g        nm

6.272000E-03  2.49501E+00  0.0000E+00  0.0000E+00  1.8668E-05  1.8668E-05  0.000E+00  1.977E+02
6.368000E-03  1.42832E+00  0.0000E+00  0.0000E+00  2.0206E-05  2.0206E-05  0.000E+00  1.947E+02
6.393600E-03  2.00589E-01  0.0000E+00  0.0000E+00  2.0632E-05  2.0632E-05  0.000E+00  1.939E+02
6.432000E-03  1.44193E+00  2.3873E+00  7.7863E+04  2.1285E-05  7.7863E+04  0.000E+00  1.928E+02
6.528000E-03  2.48802E+00  2.3365E+00  7.5086E+04  2.2984E-05  7.5086E+04  0.000E+00  1.899E+02
7.559334E-03  3.10590E+00  1.9852E+00  5.5092E+04  4.8476E-05  5.5092E+04  0.000E+00  1.640E+02
7.675038E-03  2.74244E+00  1.9863E+00  5.4292E+04  5.2294E-05  5.4292E+04  0.000E+00  1.615E+02
7.705893E-03  2.33399E+00  1.9879E+00  5.4117E+04  5.3350E-05  5.4117E+04  0.000E+00  1.609E+02
7.752174E-03  2.73258E+00  2.7770E+00  7.5150E+04  5.4963E-05  7.5150E+04  0.000E+00  1.599E+02
7.867878E-03  3.05471E+00  2.7791E+00  7.4100E+04  5.9156E-05  7.4100E+04  0.000E+00  1.576E+02
1.069000E-02  2.45759E+00  4.1468E+00  8.1377E+04  2.5564E-04  8.1377E+04  0.000E+00  1.160E+02
1.142761E-02  2.16853E+00  4.8442E+00  8.8928E+04  3.4654E-04  8.8928E+04  0.000E+00  1.085E+02
1.221612E-02  1.93957E+00  5.7226E+00  9.8272E+04  4.6739E-04  9.8272E+04  0.000E+00  1.015E+02
1.305903E-02  1.82849E+00  6.7781E+00  1.0889E+05  6.2720E-04  1.0889E+05  0.000E+00  9.494E+01
1.396010E-02  1.89424E+00  7.9896E+00  1.2006E+05  8.3744E-04  1.2006E+05  0.000E+00  8.881E+01
1.492335E-02  2.19117E+00  9.3163E+00  1.3096E+05  1.1126E-03  1.3096E+05  0.000E+00  8.308E+01
1.595306E-02  2.76201E+00  1.0699E+01  1.4069E+05  1.4708E-03  1.4069E+05  0.000E+00  7.772E+01
1.705382E-02  3.63080E+00  1.2063E+01  1.4839E+05  1.9349E-03  1.4839E+05  0.000E+00  7.270E+01
1.823053E-02  4.79730E+00  1.3327E+01  1.5335E+05  2.5329E-03  1.5335E+05  0.000E+00  6.801E+01
1.948844E-02  6.38775E+00  1.4409E+01  1.5510E+05  3.2996E-03  1.5510E+05  0.000E+00  6.362E+01
2.083314E-02  8.04416E+00  1.5239E+01  1.5345E+05  4.2776E-03  1.5345E+05  0.000E+00  5.951E+01
2.227063E-02  9.84804E+00  1.5767E+01  1.4852E+05  5.5189E-03  1.4852E+05  0.000E+00  5.567E+01
2.380730E-02  1.17169E+01  1.5967E+01  1.4070E+05  7.0864E-03  1.4070E+05  0.000E+00  5.208E+01
2.545001E-02  1.35693E+01  1.5841E+01  1.3057E+05  9.0560E-03  1.3057E+05  0.000E+00  4.872E+01
2.720606E-02  1.53289E+01  1.5400E+01  1.1875E+05  1.1518E-02  1.1875E+05  0.000E+00  4.557E+01
2.908327E-02  1.69150E+01  1.4680E+01  1.0589E+05  1.4582E-02  1.0589E+05  0.000E+00  4.263E+01
3.109002E-02  1.82727E+01  1.3750E+01  9.2780E+04  1.8374E-02  9.2780E+04  0.000E+00  3.988E+01
3.323523E-02  1.93757E+01  1.2683E+01  8.0058E+04  2.3045E-02  8.0058E+04  0.000E+00  3.731E+01
3.552846E-02  2.02196E+01  1.1547E+01  6.8179E+04  2.8771E-02  6.8179E+04  0.000E+00  3.490E+01
3.797993E-02  2.08155E+01  1.0396E+01  5.7425E+04  3.5756E-02  5.7425E+04  0.000E+00  3.264E+01
4.060054E-02  2.11830E+01  9.2771E+00  4.7935E+04  4.4234E-02  4.7935E+04  0.000E+00  3.054E+01
4.340198E-02  2.13436E+01  8.2200E+00  3.9731E+04  5.4476E-02  3.9731E+04  0.000E+00  2.857E+01
4.639671E-02  2.13123E+01  7.2453E+00  3.2760E+04  6.6789E-02  3.2760E+04  0.000E+00  2.672E+01
4.959809E-02  2.10827E+01  6.3634E+00  2.6915E+04  8.1520E-02  2.6915E+04  0.000E+00  2.500E+01
5.302035E-02  2.05739E+01  5.5774E+00  2.2068E+04  9.9060E-02  2.2068E+04  0.000E+00  2.338E+01
5.644800E-02  1.92513E+01  4.9250E+00  1.8303E+04  1.1847E-01  1.8303E+04  0.000E+00  2.196E+01
5.667876E-02  1.90360E+01  4.8852E+00  1.8082E+04  1.1984E-01  1.8082E+04  0.000E+00  2.187E+01
5.731200E-02  1.79046E+01  4.7787E+00  1.7492E+04  1.2365E-01  1.7492E+04  0.000E+00  2.163E+01
5.754240E-02  1.63099E+01  4.7409E+00  1.7284E+04  1.2506E-01  1.7284E+04  0.000E+00  2.155E+01
5.788800E-02  1.79732E+01  7.8113E+00  2.8308E+04  1.2717E-01  2.8308E+04  0.000E+00  2.142E+01
5.875200E-02  1.94028E+01  7.5739E+00  2.7044E+04  1.3255E-01  2.7044E+04  0.000E+00  2.110E+01
6.058959E-02  2.03418E+01  7.1042E+00  2.4597E+04  1.4436E-01  2.4597E+04  0.000E+00  2.046E+01
6.477028E-02  2.09820E+01  6.1885E+00  2.0044E+04  1.7313E-01  2.0044E+04  0.000E+00  1.914E+01
6.923942E-02  2.10514E+01  5.3921E+00  1.6337E+04  2.0674E-01  1.6337E+04  0.000E+00  1.791E+01
7.401695E-02  2.07897E+01  4.7069E+00  1.3341E+04  2.4583E-01  1.3341E+04  0.000E+00  1.675E+01
7.889000E-02  2.00015E+01  4.1481E+00  1.1030E+04  2.8891E-01  1.1030E+04  0.000E+00  1.572E+01
7.912411E-02  1.99183E+01  4.1242E+00  1.0935E+04  2.9106E-01  1.0935E+04  0.000E+00  1.567E+01
8.009750E-02  1.92918E+01  4.0276E+00  1.0549E+04  3.0007E-01  1.0549E+04  0.000E+00  1.548E+01
8.041950E-02  1.84995E+01  3.9966E+00  1.0426E+04  3.0307E-01  1.0426E+04  0.000E+00  1.542E+01
8.090250E-02  1.92719E+01  5.4765E+00  1.4201E+04  3.0761E-01  1.4201E+04  0.000E+00  1.533E+01
8.211000E-02  1.99056E+01  5.3527E+00  1.3676E+04  3.1908E-01  1.3676E+04  0.000E+00  1.510E+01
8.458368E-02  2.02531E+01  5.1173E+00  1.2692E+04  3.4315E-01  1.2692E+04  0.000E+00  1.466E+01
9.041995E-02  2.03692E+01  4.6406E+00  1.0767E+04  4.0288E-01  1.0767E+04  0.000E+00  1.371E+01
9.653000E-02  2.00752E+01  4.1848E+00  9.0945E+03  4.6958E-01  9.0950E+03  0.000E+00  1.284E+01
9.665893E-02  2.00607E+01  4.1755E+00  9.0623E+03  4.7103E-01  9.0628E+03  0.000E+00  1.283E+01
9.800750E-02  1.98095E+01  4.0799E+00  8.7329E+03  4.8632E-01  8.7334E+03  0.000E+00  1.265E+01
9.840150E-02  1.95494E+01  4.0524E+00  8.6393E+03  4.9082E-01  8.6398E+03  0.000E+00  1.260E+01
9.899250E-02  1.97596E+01  4.4825E+00  9.4993E+03  4.9760E-01  9.4998E+03  0.000E+00  1.252E+01
1.001560E-01  1.98640E+01  4.4029E+00  9.2222E+03  5.1106E-01  9.2227E+03  0.000E+00  1.238E+01
1.004700E-01  1.98637E+01  4.3818E+00  9.1492E+03  5.1471E-01  9.1497E+03  0.000E+00  1.234E+01
1.016890E-01  1.97713E+01  4.3008E+00  8.8724E+03  5.2900E-01  8.8729E+03  0.000E+00  1.219E+01
1.020978E-01  1.96098E+01  4.2740E+00  8.7820E+03  5.3382E-01  8.7825E+03  0.000E+00  1.214E+01
1.027110E-01  1.97752E+01  4.5570E+00  9.3074E+03  5.4109E-01  9.3079E+03  0.000E+00  1.207E+01
1.033284E-01  1.98528E+01  4.5185E+00  9.1736E+03  5.4844E-01  9.1741E+03  0.000E+00  1.200E+01
1.042440E-01  1.99021E+01  4.4623E+00  8.9801E+03  5.5941E-01  8.9807E+03  0.000E+00  1.189E+01
1.104581E-01  1.98318E+01  4.1148E+00  7.8148E+03  6.3595E-01  7.8154E+03  0.000E+00  1.122E+01
1.178940E-01  1.94244E+01  3.8128E+00  6.7846E+03  7.3196E-01  6.7853E+03  0.000E+00  1.052E+01
1.180797E-01  1.94106E+01  3.8071E+00  6.7638E+03  7.3441E-01  6.7645E+03  0.000E+00  1.050E+01
1.196985E-01  1.92669E+01  3.7608E+00  6.5912E+03  7.5593E-01  6.5920E+03  0.000E+00  1.036E+01
1.201797E-01  1.91823E+01  3.7483E+00  6.5430E+03  7.6236E-01  6.5438E+03  0.000E+00  1.032E+01
1.209015E-01  1.91886E+01  3.8387E+00  6.6608E+03  7.7205E-01  6.6616E+03  0.000E+00  1.025E+01
1.227060E-01  1.91141E+01  3.8085E+00  6.5111E+03  7.9643E-01  6.5119E+03  0.000E+00  1.010E+01
1.262272E-01  1.88983E+01  3.7697E+00  6.2651E+03  8.4469E-01  6.2659E+03  0.000E+00  9.822E+00
1.349368E-01  1.82729E+01  3.7829E+00  5.8812E+03  9.6762E-01  5.8822E+03  0.000E+00  9.188E+00
1.442475E-01  1.75385E+01  3.9599E+00  5.7590E+03  1.1040E+00  5.7601E+03  0.000E+00  8.595E+00
1.542005E-01  1.67188E+01  4.3288E+00  5.8891E+03  1.2547E+00  5.8904E+03  0.000E+00  8.040E+00
1.648404E-01  1.58389E+01  4.9248E+00  6.2675E+03  1.4203E+00  6.2689E+03  0.000E+00  7.521E+00
1.762144E-01  1.49425E+01  5.7859E+00  6.8881E+03  1.6015E+00  6.8897E+03  0.000E+00  7.036E+00
1.883732E-01  1.40719E+01  6.9460E+00  7.7355E+03  1.7988E+00  7.7373E+03  0.000E+00  6.582E+00
2.013709E-01  1.33063E+01  8.4265E+00  8.7785E+03  2.0127E+00  8.7805E+03  0.000E+00  6.157E+00
2.152655E-01  1.27330E+01  1.0226E+01  9.9659E+03  2.2434E+00  9.9681E+03  0.000E+00  5.760E+00
2.301188E-01  1.24451E+01  1.2315E+01  1.1226E+04  2.4911E+00  1.1228E+04  0.000E+00  5.388E+00
2.459970E-01  1.25328E+01  1.4627E+01  1.2473E+04  2.7557E+00  1.2476E+04  0.000E+00  5.040E+00
2.629708E-01  1.30524E+01  1.7066E+01  1.3614E+04  3.0371E+00  1.3617E+04  0.000E+00  4.715E+00
2.811158E-01  1.40382E+01  1.9513E+01  1.4562E+04  3.3349E+00  1.4565E+04  0.000E+00  4.410E+00
3.005128E-01  1.54764E+01  2.1838E+01  1.5245E+04  3.6485E+00  1.5249E+04  0.000E+00  4.126E+00
3.212482E-01  1.72942E+01  2.3915E+01  1.5617E+04  3.9770E+00  1.5621E+04  0.000E+00  3.859E+00
3.434143E-01  1.93207E+01  2.5639E+01  1.5662E+04  4.3194E+00  1.5666E+04  0.000E+00  3.610E+00
3.526040E-01  2.00658E+01  2.6205E+01  1.5591E+04  4.4585E+00  1.5595E+04  0.000E+00  3.516E+00
3.580010E-01  2.03115E+01  2.6499E+01  1.5528E+04  4.5394E+00  1.5533E+04  0.000E+00  3.463E+00
3.594402E-01  2.01357E+01  2.6573E+01  1.5509E+04  4.5609E+00  1.5514E+04  0.000E+00  3.449E+00
3.615990E-01  2.06264E+01  2.7286E+01  1.5830E+04  4.5930E+00  1.5835E+04  0.000E+00  3.429E+00
3.671099E-01  2.13794E+01  2.7585E+01  1.5763E+04  4.6745E+00  1.5768E+04  0.000E+00  3.377E+00
3.707340E-01  2.17622E+01  2.7768E+01  1.5713E+04  4.7278E+00  1.5718E+04  0.000E+00  3.344E+00
3.764085E-01  2.22111E+01  2.8033E+01  1.5623E+04  4.8106E+00  1.5628E+04  0.000E+00  3.294E+00
3.779217E-01  2.21524E+01  2.8099E+01  1.5598E+04  4.8326E+00  1.5603E+04  0.000E+00  3.281E+00
3.801915E-01  2.26131E+01  2.8637E+01  1.5801E+04  4.8655E+00  1.5806E+04  0.000E+00  3.261E+00
3.858660E-01  2.34096E+01  2.8891E+01  1.5707E+04  4.9471E+00  1.5712E+04  0.000E+00  3.213E+00
3.924405E-01  2.41932E+01  2.9159E+01  1.5587E+04  5.0409E+00  1.5592E+04  0.000E+00  3.159E+00
4.195189E-01  2.71474E+01  2.9963E+01  1.4983E+04  5.4168E+00  1.4988E+04  0.000E+00  2.955E+00
4.484657E-01  3.00221E+01  3.0316E+01  1.4181E+04  5.8004E+00  1.4187E+04  0.000E+00  2.765E+00
4.794098E-01  3.27346E+01  3.0258E+01  1.3241E+04  6.1897E+00  1.3247E+04  0.000E+00  2.586E+00
5.124891E-01  3.51754E+01  2.9858E+01  1.2222E+04  6.5825E+00  1.2229E+04  0.000E+00  2.419E+00
5.478508E-01  3.71185E+01  2.9185E+01  1.1176E+04  6.9763E+00  1.1183E+04  0.000E+00  2.263E+00
5.595800E-01  3.74501E+01  2.8926E+01  1.0844E+04  7.1011E+00  1.0851E+04  0.000E+00  2.216E+00
5.681450E-01  3.71756E+01  2.8729E+01  1.0608E+04  7.1905E+00  1.0615E+04  0.000E+00  2.182E+00
5.704290E-01  3.64011E+01  2.8675E+01  1.0546E+04  7.2141E+00  1.0553E+04  0.000E+00  2.174E+00
5.738550E-01  3.74982E+01  3.0361E+01  1.1099E+04  7.2493E+00  1.1106E+04  0.000E+00  2.161E+00
5.824200E-01  3.87480E+01  3.0161E+01  1.0864E+04  7.3363E+00  1.0871E+04  0.000E+00  2.129E+00
5.856525E-01  3.90611E+01  3.0085E+01  1.0776E+04  7.3687E+00  1.0783E+04  0.000E+00  2.117E+00
6.260625E-01  4.17474E+01  2.9090E+01  9.7477E+03  7.7571E+00  9.7555E+03  0.000E+00  1.980E+00
6.633620E-01  4.34334E+01  2.8147E+01  8.9012E+03  8.0888E+00  8.9093E+03  0.000E+00  1.869E+00
6.692609E-01  4.36199E+01  2.7997E+01  8.7759E+03  8.1390E+00  8.7840E+03  0.000E+00  1.853E+00
6.735155E-01  4.36995E+01  2.7890E+01  8.6870E+03  8.1748E+00  8.6952E+03  0.000E+00  1.841E+00
6.762231E-01  4.36130E+01  2.7821E+01  8.6310E+03  8.1974E+00  8.6392E+03  0.000E+00  1.833E+00
6.802845E-01  4.39759E+01  2.8108E+01  8.6678E+03  8.2311E+00  8.6760E+03  0.000E+00  1.823E+00
6.904380E-01  4.45465E+01  2.7858E+01  8.4645E+03  8.3142E+00  8.4728E+03  0.000E+00  1.796E+00
7.154399E-01  4.55796E+01  2.7250E+01  7.9903E+03  8.5115E+00  7.9988E+03  0.000E+00  1.733E+00
7.648052E-01  4.71400E+01  2.6089E+01  7.1560E+03  8.8721E+00  7.1649E+03  0.000E+00  1.621E+00
7.842940E-01  4.75813E+01  2.5647E+01  6.8601E+03  9.0044E+00  6.8691E+03  0.000E+00  1.581E+00
7.962985E-01  4.76760E+01  2.5380E+01  6.6864E+03  9.0833E+00  6.6955E+03  0.000E+00  1.557E+00
7.994997E-01  4.74839E+01  2.5310E+01  6.6411E+03  9.1039E+00  6.6502E+03  0.000E+00  1.551E+00
8.043015E-01  4.78898E+01  2.5749E+01  6.7159E+03  9.1347E+00  6.7250E+03  0.000E+00  1.542E+00
8.163060E-01  4.84397E+01  2.5491E+01  6.5508E+03  9.2102E+00  6.5600E+03  0.000E+00  1.519E+00
8.175768E-01  4.84850E+01  2.5464E+01  6.5337E+03  9.2181E+00  6.5429E+03  0.000E+00  1.516E+00
8.739896E-01  5.00290E+01  2.4308E+01  5.8347E+03  9.5469E+00  5.8442E+03  0.000E+00  1.419E+00
9.342948E-01  5.12853E+01  2.3171E+01  5.2027E+03  9.8561E+00  5.2126E+03  0.000E+00  1.327E+00
9.987612E-01  5.24080E+01  2.2055E+01  4.6325E+03  1.0143E+01  4.6426E+03  0.000E+00  1.241E+00
1.067676E+00  5.33098E+01  2.0588E+01  4.0452E+03  1.0407E+01  4.0556E+03  0.000E+00  1.161E+00
1.141345E+00  5.39457E+01  1.9215E+01  3.5318E+03  1.0644E+01  3.5424E+03  0.000E+00  1.086E+00
1.220098E+00  5.43299E+01  1.7929E+01  3.0827E+03  1.0853E+01  3.0936E+03  0.000E+00  1.016E+00
1.304285E+00  5.45090E+01  1.6739E+01  2.6923E+03  1.1033E+01  2.7033E+03  0.000E+00  9.506E-01
1.394281E+00  5.44987E+01  1.5637E+01  2.3527E+03  1.1182E+01  2.3639E+03  0.000E+00  8.892E-01
1.490486E+00  5.42797E+01  1.4563E+01  2.0498E+03  1.1299E+01  2.0611E+03  0.000E+00  8.318E-01
1.593329E+00  5.37446E+01  1.3482E+01  1.7751E+03  1.1385E+01  1.7865E+03  0.000E+00  7.781E-01
1.703269E+00  5.27840E+01  1.2486E+01  1.5378E+03  1.1437E+01  1.5492E+03  0.000E+00  7.279E-01
1.820795E+00  5.12332E+01  1.1581E+01  1.3343E+03  1.1457E+01  1.3458E+03  0.000E+00  6.809E-01
1.946430E+00  4.86179E+01  1.0710E+01  1.1543E+03  1.1445E+01  1.1657E+03  0.000E+00  6.370E-01
2.080733E+00  4.35370E+01  9.8874E+00  9.9686E+02  1.1400E+01  1.0083E+03  0.000E+00  5.959E-01
2.224304E+00  2.77165E+01  9.1517E+00  8.6313E+02  1.1323E+01  8.7445E+02  0.000E+00  5.574E-01
2.249002E+00  1.99052E+01  9.0375E+00  8.4300E+02  1.1308E+01  8.5431E+02  0.000E+00  5.513E-01
2.283425E+00 -1.16318E+01  8.8836E+00  8.1615E+02  1.1285E+01  8.2744E+02  0.000E+00  5.430E-01
2.292605E+00 -5.92850E+01  8.8421E+00  8.0909E+02  1.1278E+01  8.2037E+02  0.000E+00  5.408E-01
2.306374E+00  1.39125E+01  1.0209E+02  9.2854E+03  1.1269E+01  9.2967E+03  0.000E+00  5.376E-01
2.337202E+00  5.29137E+01  6.2712E+01  5.6289E+03  1.1247E+01  5.6401E+03  0.000E+00  5.305E-01
2.340798E+00  5.35253E+01  5.9387E+01  5.3222E+03  1.1244E+01  5.3334E+03  0.000E+00  5.297E-01
2.372976E+00  3.81090E+01  3.7457E+01  3.3114E+03  1.1220E+01  3.3226E+03  0.000E+00  5.225E-01
2.377781E+00  2.83192E+01  3.5127E+01  3.0991E+03  1.1216E+01  3.1103E+03  0.000E+00  5.214E-01
2.382515E+00  4.85257E+00  3.3016E+01  2.9071E+03  1.1213E+01  2.9183E+03  0.000E+00  5.204E-01
2.396825E+00  5.52892E+01  9.2397E+01  8.0870E+03  1.1201E+01  8.0982E+03  0.000E+00  5.173E-01
2.432598E+00  8.11860E+01  5.6480E+01  4.8707E+03  1.1173E+01  4.8819E+03  0.000E+00  5.097E-01
2.541848E+00  6.96203E+01  2.5714E+01  2.1222E+03  1.1080E+01  2.1333E+03  0.000E+00  4.878E-01
2.717235E+00  6.09630E+01  2.4096E+01  1.8603E+03  1.0916E+01  1.8712E+03  0.000E+00  4.563E-01
2.790158E+00  5.94034E+01  2.4711E+01  1.8580E+03  1.0843E+01  1.8688E+03  0.000E+00  4.444E-01
2.832865E+00  5.76423E+01  2.5198E+01  1.8660E+03  1.0800E+01  1.8768E+03  0.000E+00  4.377E-01
2.844253E+00  5.54458E+01  2.5312E+01  1.8669E+03  1.0788E+01  1.8777E+03  0.000E+00  4.359E-01
2.861336E+00  5.79072E+01  2.9973E+01  2.1975E+03  1.0771E+01  2.2083E+03  0.000E+00  4.333E-01
2.904724E+00  6.05959E+01  3.0192E+01  2.1805E+03  1.0726E+01  2.1912E+03  0.000E+00  4.268E-01
3.105150E+00  6.63560E+01  2.8327E+01  1.9138E+03  1.0511E+01  1.9243E+03  0.000E+00  3.993E-01
3.212930E+00  6.74386E+01  2.6827E+01  1.7516E+03  1.0392E+01  1.7620E+03  0.000E+00  3.859E-01
3.262108E+00  6.72353E+01  2.6187E+01  1.6840E+03  1.0338E+01  1.6943E+03  0.000E+00  3.801E-01
3.275222E+00  6.64680E+01  2.6020E+01  1.6666E+03  1.0323E+01  1.6769E+03  0.000E+00  3.786E-01
3.294893E+00  6.75720E+01  2.7543E+01  1.7536E+03  1.0301E+01  1.7639E+03  0.000E+00  3.763E-01
3.319406E+00  6.83277E+01  2.7214E+01  1.7199E+03  1.0274E+01  1.7302E+03  0.000E+00  3.735E-01
3.344070E+00  6.88083E+01  2.6890E+01  1.6869E+03  1.0246E+01  1.6971E+03  0.000E+00  3.708E-01
3.490368E+00  7.02522E+01  2.5120E+01  1.5098E+03  1.0081E+01  1.5199E+03  0.000E+00  3.552E-01
3.543792E+00  7.02425E+01  2.4545E+01  1.4530E+03  1.0021E+01  1.4630E+03  0.000E+00  3.499E-01
3.548445E+00  7.01763E+01  2.4496E+01  1.4482E+03  1.0016E+01  1.4582E+03  0.000E+00  3.494E-01
3.558038E+00  6.98032E+01  2.4396E+01  1.4384E+03  1.0005E+01  1.4484E+03  0.000E+00  3.485E-01
3.579408E+00  7.05190E+01  2.5257E+01  1.4803E+03  9.9808E+00  1.4903E+03  0.000E+00  3.464E-01
3.632832E+00  7.13818E+01  2.4719E+01  1.4274E+03  9.9205E+00  1.4373E+03  0.000E+00  3.413E-01
3.793288E+00  7.27328E+01  2.3218E+01  1.2840E+03  9.7396E+00  1.2937E+03  0.000E+00  3.269E-01
4.055024E+00  7.40664E+01  2.1115E+01  1.0924E+03  9.4473E+00  1.1018E+03  0.000E+00  3.058E-01
4.334821E+00  7.50256E+01  1.9237E+01  9.3099E+02  9.1410E+00  9.4013E+02  0.000E+00  2.860E-01
4.633924E+00  7.59463E+01  1.7504E+01  7.9243E+02  8.8230E+00  8.0125E+02  0.000E+00  2.676E-01
4.953664E+00  7.65841E+01  1.5812E+01  6.6962E+02  8.4956E+00  6.7812E+02  0.000E+00  2.503E-01
5.295467E+00  7.68720E+01  1.4279E+01  5.6566E+02  8.1608E+00  5.7382E+02  0.000E+00  2.341E-01
5.660855E+00  7.70240E+01  1.2915E+01  4.7863E+02  7.8207E+00  4.8645E+02  0.000E+00  2.190E-01
6.051453E+00  7.71770E+01  1.1662E+01  4.0427E+02  7.4775E+00  4.1175E+02  0.000E+00  2.049E-01
6.469004E+00  7.71401E+01  1.0545E+01  3.4195E+02  7.1331E+00  3.4908E+02  0.000E+00  1.917E-01
6.915365E+00  7.70805E+01  9.5353E+00  2.8926E+02  6.7892E+00  2.9605E+02  0.000E+00  1.793E-01
7.392525E+00  7.69386E+01  8.6207E+00  2.4464E+02  6.4477E+00  2.5109E+02  0.000E+00  1.677E-01
7.902609E+00  7.67251E+01  7.8015E+00  2.0710E+02  6.1100E+00  2.1321E+02  0.000E+00  1.569E-01
8.447890E+00  7.64642E+01  7.0715E+00  1.7560E+02  5.7777E+00  1.8138E+02  0.000E+00  1.468E-01
9.030794E+00  7.61838E+01  6.3981E+00  1.4863E+02  5.4520E+00  1.5408E+02  0.000E+00  1.373E-01
9.653919E+00  7.57597E+01  5.7278E+00  1.2447E+02  5.1340E+00  1.2960E+02  0.000E+00  1.284E-01
1.032004E+01  7.51472E+01  5.1273E+00  1.0423E+02  4.8249E+00  1.0905E+02  0.000E+00  1.201E-01
1.103212E+01  7.42114E+01  4.5818E+00  8.7126E+01  4.5255E+00  9.1652E+01  0.000E+00  1.124E-01
1.179334E+01  7.23323E+01  4.1008E+00  7.2945E+01  4.2364E+00  7.7181E+01  0.000E+00  1.051E-01
1.203822E+01  7.09760E+01  3.9647E+00  6.9090E+01  4.1496E+00  7.3240E+01  0.000E+00  1.030E-01
1.222248E+01  6.82600E+01  3.8675E+00  6.6380E+01  4.0861E+00  7.0466E+01  0.000E+00  1.014E-01
1.227162E+01  6.50762E+01  3.8422E+00  6.5683E+01  4.0694E+00  6.9752E+01  0.000E+00  1.010E-01
1.234532E+01  6.82479E+01  1.0028E+01  1.7041E+02  4.0446E+00  1.7445E+02  0.000E+00  1.004E-01
1.252958E+01  7.10452E+01  9.7696E+00  1.6357E+02  3.9836E+00  1.6755E+02  0.000E+00  9.895E-02
1.260708E+01  7.15833E+01  9.6640E+00  1.6081E+02  3.9584E+00  1.6477E+02  0.000E+00  9.834E-02
1.347697E+01  7.35382E+01  8.5946E+00  1.3378E+02  3.6918E+00  1.3747E+02  0.000E+00  9.200E-02
1.392453E+01  7.31608E+01  8.1174E+00  1.2230E+02  3.5656E+00  1.2587E+02  0.000E+00  8.904E-02
1.413766E+01  7.19530E+01  7.9052E+00  1.1730E+02  3.5079E+00  1.2081E+02  0.000E+00  8.770E-02
1.419449E+01  7.03784E+01  7.8501E+00  1.1602E+02  3.4927E+00  1.1951E+02  0.000E+00  8.735E-02
1.427974E+01  7.20100E+01  1.0908E+01  1.6024E+02  3.4702E+00  1.6371E+02  0.000E+00  8.683E-02
1.440688E+01  7.30797E+01  1.0743E+01  1.5644E+02  3.4371E+00  1.5988E+02  0.000E+00  8.606E-02
1.449287E+01  7.34317E+01  1.0634E+01  1.5393E+02  3.4149E+00  1.5734E+02  0.000E+00  8.555E-02
1.454251E+01  7.35707E+01  1.0572E+01  1.5251E+02  3.4023E+00  1.5591E+02  0.000E+00  8.526E-02
1.476510E+01  7.36042E+01  1.0301E+01  1.4636E+02  3.3463E+00  1.4971E+02  0.000E+00  8.397E-02
1.482446E+01  7.29374E+01  1.0231E+01  1.4477E+02  3.3317E+00  1.4810E+02  0.000E+00  8.363E-02
1.491350E+01  7.39597E+01  1.1735E+01  1.6507E+02  3.3099E+00  1.6838E+02  0.000E+00  8.314E-02
1.513609E+01  7.51292E+01  1.1469E+01  1.5896E+02  3.2563E+00  1.6222E+02  0.000E+00  8.191E-02
1.540095E+01  7.58937E+01  1.1166E+01  1.5210E+02  3.1944E+00  1.5529E+02  0.000E+00  8.050E-02
1.646362E+01  7.75917E+01  1.0054E+01  1.2811E+02  2.9639E+00  1.3107E+02  0.000E+00  7.531E-02
1.759961E+01  7.85498E+01  9.0411E+00  1.0777E+02  2.7456E+00  1.1052E+02  0.000E+00  7.045E-02
1.881398E+01  7.91746E+01  8.1288E+00  9.0639E+01  2.5394E+00  9.3178E+01  0.000E+00  6.590E-02
2.011215E+01  7.95942E+01  7.3007E+00  7.6151E+01  2.3453E+00  7.8496E+01  0.000E+00  6.165E-02
2.149988E+01  7.98742E+01  6.5577E+00  6.3986E+01  2.1629E+00  6.6149E+01  0.000E+00  5.767E-02
2.298338E+01  8.00602E+01  5.8932E+00  5.3791E+01  1.9921E+00  5.5783E+01  0.000E+00  5.395E-02
2.456923E+01  8.02412E+01  5.2991E+00  4.5246E+01  1.8325E+00  4.7078E+01  0.000E+00  5.046E-02
2.626450E+01  8.03201E+01  4.7609E+00  3.8026E+01  1.6837E+00  3.9710E+01  0.000E+00  4.721E-02
2.807676E+01  8.03721E+01  4.2505E+00  3.1759E+01  1.5453E+00  3.3304E+01  0.000E+00  4.416E-02
3.001405E+01  8.04278E+01  3.7827E+00  2.6439E+01  1.4170E+00  2.7856E+01  0.000E+00  4.131E-02
3.208502E+01  8.03867E+01  3.3608E+00  2.1974E+01  1.2981E+00  2.3272E+01  0.000E+00  3.864E-02
3.429889E+01  8.03222E+01  2.9883E+00  1.8277E+01  1.1884E+00  1.9465E+01  0.000E+00  3.615E-02
3.666551E+01  8.02429E+01  2.6592E+00  1.5215E+01  1.0873E+00  1.6302E+01  0.000E+00  3.381E-02
3.919543E+01  8.01540E+01  2.3682E+00  1.2675E+01  9.9422E-01  1.3669E+01  0.000E+00  3.163E-02
4.189992E+01  8.00584E+01  2.1106E+00  1.0567E+01  9.0884E-01  1.1476E+01  0.000E+00  2.959E-02
4.479101E+01  7.99578E+01  1.8826E+00  8.8175E+00  8.3061E-01  9.6481E+00  0.000E+00  2.768E-02
4.788159E+01  7.98530E+01  1.6806E+00  7.3631E+00  7.5907E-01  8.1222E+00  0.000E+00  2.589E-02
5.118542E+01  7.97436E+01  1.5013E+00  6.1530E+00  6.9376E-01  6.8468E+00  0.000E+00  2.422E-02
5.471721E+01  7.96279E+01  1.3407E+00  5.1401E+00  6.3425E-01  5.7744E+00  0.000E+00  2.266E-02
5.849270E+01  7.95009E+01  1.1966E+00  4.2916E+00  5.8011E-01  4.8717E+00  0.000E+00  2.120E-02
6.252870E+01  7.93567E+01  1.0684E+00  3.5844E+00  5.3091E-01  4.1153E+00  0.000E+00  1.983E-02
6.684318E+01  7.91821E+01  9.5129E-01  2.9855E+00  4.8629E-01  3.4718E+00  0.000E+00  1.855E-02
7.145536E+01  7.89465E+01  8.4623E-01  2.4844E+00  4.4585E-01  2.9302E+00  0.000E+00  1.735E-02
7.638578E+01  7.85660E+01  7.5312E-01  2.0683E+00  4.0926E-01  2.4776E+00  0.000E+00  1.623E-02
8.144026E+01  7.75656E+01  6.7195E-01  1.7309E+00  3.7743E-01  2.1083E+00  0.000E+00  1.522E-02
8.165640E+01  7.74618E+01  6.6864E-01  1.7178E+00  3.7618E-01  2.0940E+00  0.000E+00  1.518E-02
8.268679E+01  7.65087E+01  6.5321E-01  1.6572E+00  3.7033E-01  2.0275E+00  0.000E+00  1.499E-02
8.301920E+01  7.52427E+01  6.4835E-01  1.6383E+00  3.6848E-01  2.0068E+00  0.000E+00  1.493E-02
8.351781E+01  7.65634E+01  3.1333E+00  7.8704E+00  3.6574E-01  8.2361E+00  6.260E+00  1.485E-02
8.476435E+01  7.77188E+01  3.0616E+00  7.5771E+00  3.5908E-01  7.9362E+00  6.033E+00  1.463E-02
8.729069E+01  7.85120E+01  2.9234E+00  7.0257E+00  3.4630E-01  7.3720E+00  5.606E+00  1.420E-02
9.331374E+01  7.92696E+01  2.6296E+00  5.9118E+00  3.1933E-01  6.2311E+00  4.738E+00  1.329E-02
9.975239E+01  7.96510E+01  2.3616E+00  4.9665E+00  2.9500E-01  5.2615E+00  3.995E+00  1.243E-02
1.066353E+02  7.98848E+01  2.1189E+00  4.1685E+00  2.7306E-01  4.4416E+00  3.364E+00  1.163E-02
1.139931E+02  8.00388E+01  1.9006E+00  3.4978E+00  2.5328E-01  3.7511E+00  2.831E+00  1.088E-02
1.218587E+02  8.01439E+01  1.7028E+00  2.9314E+00  2.3544E-01  3.1668E+00  2.378E+00  1.017E-02
1.302669E+02  8.02131E+01  1.5238E+00  2.4540E+00  2.1936E-01  2.6734E+00  1.995E+00  9.518E-03
1.392553E+02  8.02578E+01  1.3635E+00  2.0541E+00  2.0484E-01  2.2589E+00  1.673E+00  8.903E-03
1.488640E+02  8.02851E+01  1.2201E+00  1.7194E+00  1.9172E-01  1.9111E+00  1.403E+00  8.329E-03
1.591356E+02  8.02998E+01  1.0918E+00  1.4393E+00  1.7987E-01  1.6192E+00  1.176E+00  7.791E-03
1.701159E+02  8.03056E+01  9.7710E-01  1.2049E+00  1.6912E-01  1.3740E+00  9.861E-01  7.288E-03
1.818539E+02  8.03049E+01  8.7381E-01  1.0080E+00  1.5938E-01  1.1674E+00  8.258E-01  6.818E-03
1.944018E+02  8.02990E+01  7.8130E-01  8.4311E-01  1.5052E-01  9.9363E-01  6.914E-01  6.378E-03
2.078156E+02  8.02894E+01  6.9866E-01  7.0527E-01  1.4244E-01  8.4771E-01  5.789E-01  5.966E-03
2.221548E+02  8.02774E+01  6.2482E-01  5.9002E-01  1.3506E-01  7.2508E-01  4.846E-01  5.581E-03
2.374835E+02  8.02639E+01  5.5884E-01  4.9366E-01  1.2830E-01  6.2196E-01  4.057E-01  5.221E-03
2.538699E+02  8.02494E+01  4.9988E-01  4.1307E-01  1.2208E-01  5.3515E-01  3.397E-01  4.884E-03
2.713869E+02  8.02345E+01  4.4718E-01  3.4567E-01  1.1634E-01  4.6201E-01  2.844E-01  4.569E-03
2.901126E+02  8.02195E+01  4.0007E-01  2.8929E-01  1.1102E-01  4.0031E-01  2.381E-01  4.274E-03
3.101304E+02  8.02046E+01  3.5796E-01  2.4213E-01  1.0607E-01  3.4820E-01  1.993E-01  3.998E-03
3.315294E+02  8.01901E+01  3.2030E-01  2.0268E-01  1.0146E-01  3.0414E-01  1.669E-01  3.740E-03
3.544049E+02  8.01761E+01  2.8663E-01  1.6966E-01  9.7129E-02  2.6679E-01  1.397E-01  3.498E-03
3.788588E+02  8.01627E+01  2.5652E-01  1.4204E-01  9.3060E-02  2.3510E-01  1.170E-01  3.273E-03
4.050001E+02  8.01500E+01  2.2959E-01  1.1892E-01  8.9217E-02  2.0814E-01  9.793E-02  3.061E-03
4.329451E+02  8.01380E+01  2.0550E-01  9.9576E-02  8.5576E-02  1.8515E-01  8.199E-02  2.864E-03
