
   Tl:    Z = 81;   Atomic weight = 204.3830 g/mol ;    nominal density:   [INLINE] = 1.1830E+01 g/cm3
          µa(barns/atom) = µ(cm2/g)  ×  3.39386E+02
          E(eV) µ(cm2/g) = f2(e/atom)  ×  2.05890E+05
          22 edges. Edge energies (keV):
          

  K      8.55304E+01  L I    1.53467E+01  L II   1.46979E+01  L III  1.26575E+01
  M I    3.70410E+00  M II   3.41570E+00  M III  2.95660E+00  M IV   2.48510E+00
  M V    2.38930E+00  N I    8.45500E-01  N II   7.21300E-01  N III  6.09000E-01
  N IV   4.06600E-01  N V    3.86200E-01  N VI   1.22800E-01  N VII  1.18500E-01
  O I    1.36300E-01  O II   9.96000E-02  O III  7.54000E-02  O IV   1.53000E-02
  O V    1.31000E-02  P I    9.66483E-03

          Relativistic correction estimate frel (H82,3/5CL) = -1.8396E+00, -1.0794E+00 e/atom
          Nuclear Thomson correction fNT = -1.7610E-02 e/atom
     _________________________________________________________________________________________________________
   
   Form Factors, Attenuation and Scattering Cross-sections
   Z=81, E = 0.001 - 1000 keV

                                                              Attenuation
     E         f1            f2          µ           [INLINE] (coh+inc) Coefficient    µK       wavelength
     keV       e/atom       e/atom      cm2/g       cm2/g      cm2/g          cm2/g        nm

9.471535E-03  2.89482E+00  0.0000E+00  0.0000E+00  1.4636E-04  1.4636E-04  0.000E+00  1.309E+02
9.616508E-03  2.43653E+00  0.0000E+00  0.0000E+00  1.5724E-04  1.5724E-04  0.000E+00  1.289E+02
9.655167E-03  1.93601E+00  0.0000E+00  0.0000E+00  1.6024E-04  1.6024E-04  0.000E+00  1.284E+02
9.713156E-03  2.41962E+00  9.5738E-01  2.0294E+04  1.6482E-04  2.0294E+04  0.000E+00  1.276E+02
9.858128E-03  2.80732E+00  9.4093E-01  1.9652E+04  1.7668E-04  1.9652E+04  0.000E+00  1.258E+02
1.069000E-02  3.01632E+00  8.5572E-01  1.6481E+04  2.5723E-04  1.6481E+04  0.000E+00  1.160E+02
1.142761E-02  2.81513E+00  7.6359E-01  1.3758E+04  3.4852E-04  1.3758E+04  0.000E+00  1.085E+02
1.221612E-02  2.31826E+00  6.4656E-01  1.0897E+04  4.6983E-04  1.0897E+04  0.000E+00  1.015E+02
1.283800E-02  1.41314E+00  5.5653E-01  8.9254E+03  5.8486E-04  8.9254E+03  0.000E+00  9.658E+01
1.303450E-02  4.79375E-01  5.2967E-01  8.3666E+03  6.2504E-04  8.3666E+03  0.000E+00  9.512E+01
1.305903E-02  1.70913E-01  5.2639E-01  8.2991E+03  6.3019E-04  8.2991E+03  0.000E+00  9.494E+01
1.308690E-02 -5.76446E-01  5.2267E-01  8.2229E+03  6.3608E-04  8.2229E+03  0.000E+00  9.474E+01
1.316550E-02  4.89650E-01  2.5504E+00  3.9884E+04  6.5289E-04  3.9884E+04  0.000E+00  9.417E+01
1.336200E-02  1.35585E+00  2.4444E+00  3.7665E+04  6.9631E-04  3.7665E+04  0.000E+00  9.279E+01
1.396010E-02  1.81934E+00  2.1538E+00  3.1765E+04  8.4106E-04  3.1765E+04  0.000E+00  8.881E+01
1.492335E-02  1.26447E+00  1.8083E+00  2.4948E+04  1.1169E-03  2.4948E+04  0.000E+00  8.308E+01
1.499400E-02  1.16047E+00  1.7938E+00  2.4632E+04  1.1394E-03  2.4632E+04  0.000E+00  8.269E+01
1.522350E-02  5.44732E-01  1.7565E+00  2.3756E+04  1.2144E-03  2.3756E+04  0.000E+00  8.144E+01
1.528470E-02 -9.42078E-02  1.7489E+00  2.3558E+04  1.2350E-03  2.3558E+04  0.000E+00  8.112E+01
1.537650E-02  4.91862E-01  2.9353E+00  3.9304E+04  1.2664E-03  3.9304E+04  0.000E+00  8.063E+01
1.560600E-02  9.17787E-01  2.8917E+00  3.8150E+04  1.3471E-03  3.8150E+04  0.000E+00  7.945E+01
1.595306E-02  1.01599E+00  2.8481E+00  3.6757E+04  1.4760E-03  3.6757E+04  0.000E+00  7.772E+01
1.705382E-02  6.15267E-01  2.8623E+00  3.4556E+04  1.9408E-03  3.4556E+04  0.000E+00  7.270E+01
1.823053E-02 -2.11345E-01  3.1946E+00  3.6079E+04  2.5397E-03  3.6079E+04  0.000E+00  6.801E+01
1.948844E-02 -1.22195E+00  3.8982E+00  4.1184E+04  3.3073E-03  4.1184E+04  0.000E+00  6.362E+01
2.083314E-02 -2.31842E+00  5.0236E+00  4.9647E+04  4.2860E-03  4.9647E+04  0.000E+00  5.951E+01
2.227063E-02 -3.38921E+00  6.6455E+00  6.1437E+04  5.5279E-03  6.1437E+04  0.000E+00  5.567E+01
2.380730E-02 -4.27166E+00  8.8266E+00  7.6334E+04  7.0956E-03  7.6334E+04  0.000E+00  5.208E+01
2.545001E-02 -4.74810E+00  1.1575E+01  9.3643E+04  9.0649E-03  9.3643E+04  0.000E+00  4.872E+01
2.720606E-02 -4.56925E+00  1.4806E+01  1.1205E+05  1.1526E-02  1.1205E+05  0.000E+00  4.557E+01
2.908327E-02 -3.50478E+00  1.8312E+01  1.2963E+05  1.4588E-02  1.2963E+05  0.000E+00  4.263E+01
3.109002E-02 -1.40836E+00  2.1773E+01  1.4419E+05  1.8376E-02  1.4419E+05  0.000E+00  3.988E+01
3.323523E-02  1.72000E+00  2.4800E+01  1.5363E+05  2.3042E-02  1.5363E+05  0.000E+00  3.731E+01
3.552846E-02  5.70679E+00  2.7017E+01  1.5656E+05  2.8760E-02  1.5656E+05  0.000E+00  3.490E+01
3.797993E-02  1.02244E+01  2.8143E+01  1.5256E+05  3.5733E-02  1.5256E+05  0.000E+00  3.264E+01
4.060054E-02  1.48506E+01  2.8061E+01  1.4230E+05  4.4196E-02  1.4230E+05  0.000E+00  3.054E+01
4.340198E-02  1.91780E+01  2.6836E+01  1.2730E+05  5.4418E-02  1.2730E+05  0.000E+00  2.857E+01
4.639671E-02  2.28632E+01  2.4683E+01  1.0953E+05  6.6704E-02  1.0953E+05  0.000E+00  2.672E+01
4.959809E-02  2.56983E+01  2.1909E+01  9.0947E+04  8.1401E-02  9.0947E+04  0.000E+00  2.500E+01
5.302035E-02  2.76143E+01  1.8838E+01  7.3154E+04  9.8897E-02  7.3154E+04  0.000E+00  2.338E+01
5.667876E-02  2.86585E+01  1.5762E+01  5.7258E+04  1.1963E-01  5.7258E+04  0.000E+00  2.187E+01
6.058959E-02  2.89544E+01  1.2896E+01  4.3821E+04  1.4408E-01  4.3821E+04  0.000E+00  2.046E+01
6.477028E-02  2.86433E+01  1.0368E+01  3.2956E+04  1.7277E-01  3.2956E+04  0.000E+00  1.914E+01
6.923942E-02  2.78132E+01  8.2343E+00  2.4485E+04  2.0628E-01  2.4485E+04  0.000E+00  1.791E+01
7.389200E-02  2.61391E+01  6.5313E+00  1.8198E+04  2.4419E-01  1.8198E+04  0.000E+00  1.678E+01
7.401695E-02  2.60553E+01  6.4917E+00  1.8058E+04  2.4525E-01  1.8058E+04  0.000E+00  1.675E+01
7.502300E-02  2.48949E+01  6.1837E+00  1.6970E+04  2.5386E-01  1.6970E+04  0.000E+00  1.653E+01
7.532460E-02  2.35501E+01  6.0949E+00  1.6660E+04  2.5646E-01  1.6660E+04  0.000E+00  1.646E+01
7.577700E-02  2.48694E+01  8.5263E+00  2.3166E+04  2.6040E-01  2.3166E+04  0.000E+00  1.636E+01
7.690800E-02  2.59023E+01  8.1044E+00  2.1696E+04  2.7035E-01  2.1696E+04  0.000E+00  1.612E+01
7.912411E-02  2.63345E+01  7.3530E+00  1.9133E+04  2.9034E-01  1.9133E+04  0.000E+00  1.567E+01
8.458368E-02  2.61109E+01  5.8588E+00  1.4261E+04  3.4228E-01  1.4261E+04  0.000E+00  1.466E+01
9.041995E-02  2.53542E+01  4.7070E+00  1.0718E+04  4.0181E-01  1.0718E+04  0.000E+00  1.371E+01
9.665893E-02  2.41818E+01  3.8281E+00  8.1541E+03  4.6975E-01  8.1546E+03  0.000E+00  1.283E+01
9.760800E-02  2.39080E+01  3.7182E+00  7.8431E+03  4.8045E-01  7.8436E+03  0.000E+00  1.270E+01
9.910200E-02  2.31352E+01  3.5558E+00  7.3874E+03  4.9749E-01  7.3879E+03  0.000E+00  1.251E+01
9.950040E-02  2.23738E+01  3.5146E+00  7.2725E+03  5.0207E-01  7.2730E+03  0.000E+00  1.246E+01
1.000980E-01  2.30489E+01  4.8603E+00  9.9971E+03  5.0898E-01  9.9976E+03  0.000E+00  1.239E+01
1.015920E-01  2.35242E+01  4.6850E+00  9.4947E+03  5.2639E-01  9.4952E+03  0.000E+00  1.220E+01
1.033284E-01  2.36206E+01  4.4954E+00  8.9574E+03  5.4691E-01  8.9579E+03  0.000E+00  1.200E+01
1.104581E-01  2.32784E+01  3.8498E+00  7.1758E+03  6.3414E-01  7.1764E+03  0.000E+00  1.122E+01
1.161300E-01  2.26952E+01  3.4384E+00  6.0960E+03  7.0673E-01  6.0967E+03  0.000E+00  1.068E+01
1.179075E-01  2.23619E+01  3.3227E+00  5.8021E+03  7.3002E-01  5.8028E+03  0.000E+00  1.052E+01
1.180797E-01  2.23037E+01  3.3118E+00  5.7747E+03  7.3229E-01  5.7754E+03  0.000E+00  1.050E+01
1.183815E-01  2.21224E+01  3.2929E+00  5.7270E+03  7.3627E-01  5.7277E+03  0.000E+00  1.047E+01
1.190925E-01  2.22329E+01  3.6236E+00  6.2646E+03  7.4568E-01  6.2653E+03  0.000E+00  1.041E+01
1.203440E-01  2.22225E+01  3.5593E+00  6.0895E+03  7.6234E-01  6.0903E+03  0.000E+00  1.030E+01
1.208700E-01  2.21855E+01  3.5332E+00  6.0184E+03  7.6938E-01  6.0192E+03  0.000E+00  1.026E+01
1.221860E-01  2.20234E+01  3.4700E+00  5.8472E+03  7.8708E-01  5.8480E+03  0.000E+00  1.015E+01
1.226772E-01  2.18574E+01  3.4473E+00  5.7856E+03  7.9372E-01  5.7864E+03  0.000E+00  1.011E+01
1.234140E-01  2.19417E+01  3.6815E+00  6.1417E+03  8.0371E-01  6.1425E+03  0.000E+00  1.005E+01
1.252560E-01  2.19267E+01  3.6150E+00  5.9421E+03  8.2886E-01  5.9429E+03  0.000E+00  9.898E+00
1.262272E-01  2.18818E+01  3.5824E+00  5.8432E+03  8.4221E-01  5.8440E+03  0.000E+00  9.822E+00
1.335740E-01  2.13523E+01  3.3886E+00  5.2231E+03  9.4527E-01  5.2240E+03  0.000E+00  9.282E+00
1.349368E-01  2.12226E+01  3.3636E+00  5.1322E+03  9.6476E-01  5.1332E+03  0.000E+00  9.188E+00
1.356185E-01  2.11444E+01  3.3524E+00  5.0894E+03  9.7455E-01  5.0904E+03  0.000E+00  9.142E+00
1.361637E-01  2.10446E+01  3.3441E+00  5.0566E+03  9.8240E-01  5.0576E+03  0.000E+00  9.106E+00
1.369815E-01  2.10336E+01  3.4424E+00  5.1742E+03  9.9421E-01  5.1752E+03  0.000E+00  9.051E+00
1.390260E-01  2.09125E+01  3.4222E+00  5.0681E+03  1.0239E+00  5.0691E+03  0.000E+00  8.918E+00
1.442475E-01  2.05035E+01  3.4079E+00  4.8642E+03  1.1007E+00  4.8653E+03  0.000E+00  8.595E+00
1.542005E-01  1.96476E+01  3.5226E+00  4.7034E+03  1.2509E+00  4.7047E+03  0.000E+00  8.040E+00
1.648404E-01  1.87015E+01  3.8405E+00  4.7969E+03  1.4160E+00  4.7983E+03  0.000E+00  7.521E+00
1.762144E-01  1.76979E+01  4.3944E+00  5.1344E+03  1.5967E+00  5.1360E+03  0.000E+00  7.036E+00
1.883732E-01  1.66756E+01  5.2206E+00  5.7061E+03  1.7935E+00  5.7079E+03  0.000E+00  6.582E+00
2.013709E-01  1.56886E+01  6.3526E+00  6.4952E+03  2.0068E+00  6.4972E+03  0.000E+00  6.157E+00
2.152655E-01  1.48088E+01  7.8117E+00  7.4715E+03  2.2369E+00  7.4737E+03  0.000E+00  5.760E+00
2.301188E-01  1.41292E+01  9.5974E+00  8.5868E+03  2.4839E+00  8.5893E+03  0.000E+00  5.388E+00
2.459970E-01  1.37290E+01  1.1679E+01  9.7746E+03  2.7480E+00  9.7773E+03  0.000E+00  5.040E+00
2.629708E-01  1.37031E+01  1.4004E+01  1.0964E+04  3.0288E+00  1.0967E+04  0.000E+00  4.715E+00
2.811158E-01  1.41194E+01  1.6464E+01  1.2058E+04  3.3260E+00  1.2061E+04  0.000E+00  4.410E+00
3.005128E-01  1.50075E+01  1.8944E+01  1.2979E+04  3.6389E+00  1.2983E+04  0.000E+00  4.126E+00
3.212482E-01  1.63534E+01  2.1308E+01  1.3656E+04  3.9669E+00  1.3660E+04  0.000E+00  3.859E+00
3.434143E-01  1.80811E+01  2.3426E+01  1.4045E+04  4.3089E+00  1.4049E+04  0.000E+00  3.610E+00
3.671099E-01  2.00316E+01  2.5189E+01  1.4127E+04  4.6636E+00  1.4132E+04  0.000E+00  3.377E+00
3.784760E-01  2.08453E+01  2.5854E+01  1.4065E+04  4.8295E+00  1.4070E+04  0.000E+00  3.276E+00
3.842690E-01  2.10185E+01  2.6150E+01  1.4011E+04  4.9130E+00  1.4016E+04  0.000E+00  3.226E+00
3.858138E-01  2.07765E+01  2.6224E+01  1.3994E+04  4.9352E+00  1.3999E+04  0.000E+00  3.214E+00
3.881310E-01  2.13155E+01  2.7056E+01  1.4352E+04  4.9683E+00  1.4357E+04  0.000E+00  3.194E+00
3.924405E-01  2.19191E+01  2.7282E+01  1.4313E+04  5.0296E+00  1.4318E+04  0.000E+00  3.159E+00
3.939240E-01  2.20824E+01  2.7357E+01  1.4299E+04  5.0506E+00  1.4304E+04  0.000E+00  3.147E+00
3.984680E-01  2.25239E+01  2.7576E+01  1.4249E+04  5.1146E+00  1.4254E+04  0.000E+00  3.112E+00
4.045670E-01  2.29375E+01  2.7848E+01  1.4172E+04  5.1999E+00  1.4177E+04  0.000E+00  3.065E+00
4.061934E-01  2.28421E+01  2.7916E+01  1.4150E+04  5.2224E+00  1.4155E+04  0.000E+00  3.052E+00
4.086330E-01  2.33320E+01  2.8524E+01  1.4372E+04  5.2562E+00  1.4377E+04  0.000E+00  3.034E+00
4.147320E-01  2.41478E+01  2.8789E+01  1.4292E+04  5.3401E+00  1.4297E+04  0.000E+00  2.990E+00
4.195189E-01  2.46859E+01  2.8983E+01  1.4224E+04  5.4053E+00  1.4229E+04  0.000E+00  2.955E+00
4.484657E-01  2.76204E+01  2.9895E+01  1.3725E+04  5.7888E+00  1.3731E+04  0.000E+00  2.765E+00
4.794098E-01  3.04932E+01  3.0414E+01  1.3062E+04  6.1781E+00  1.3068E+04  0.000E+00  2.586E+00
5.124891E-01  3.32709E+01  3.0514E+01  1.2259E+04  6.5709E+00  1.2266E+04  0.000E+00  2.419E+00
5.478508E-01  3.58110E+01  3.0214E+01  1.1355E+04  6.9650E+00  1.1362E+04  0.000E+00  2.263E+00
5.856525E-01  3.78396E+01  2.9591E+01  1.0403E+04  7.3578E+00  1.0410E+04  0.000E+00  2.117E+00
5.968200E-01  3.81496E+01  2.9367E+01  1.0131E+04  7.4684E+00  1.0138E+04  0.000E+00  2.077E+00
6.059550E-01  3.78878E+01  2.9174E+01  9.9125E+03  7.5571E+00  9.9201E+03  0.000E+00  2.046E+00
6.083910E-01  3.71047E+01  2.9121E+01  9.8550E+03  7.5805E+00  9.8626E+03  0.000E+00  2.038E+00
6.120450E-01  3.82261E+01  3.0838E+01  1.0374E+04  7.6154E+00  1.0382E+04  0.000E+00  2.026E+00
6.211800E-01  3.95123E+01  3.0641E+01  1.0156E+04  7.7015E+00  1.0164E+04  0.000E+00  1.996E+00
6.260625E-01  3.99614E+01  3.0533E+01  1.0041E+04  7.7468E+00  1.0049E+04  0.000E+00  1.980E+00
6.692609E-01  4.27108E+01  2.9527E+01  9.0836E+03  8.1294E+00  9.0917E+03  0.000E+00  1.853E+00
7.068740E-01  4.43644E+01  2.8612E+01  8.3337E+03  8.4363E+00  8.3421E+03  0.000E+00  1.754E+00
7.154399E-01  4.46142E+01  2.8402E+01  8.1734E+03  8.5029E+00  8.1819E+03  0.000E+00  1.733E+00
7.176935E-01  4.46460E+01  2.8346E+01  8.1319E+03  8.5202E+00  8.1404E+03  0.000E+00  1.728E+00
7.205787E-01  4.45616E+01  2.8276E+01  8.0791E+03  8.5423E+00  8.0876E+03  0.000E+00  1.721E+00
7.249065E-01  4.49330E+01  2.8563E+01  8.1125E+03  8.5752E+00  8.1211E+03  0.000E+00  1.710E+00
7.357260E-01  4.55201E+01  2.8304E+01  7.9207E+03  8.6560E+00  7.9294E+03  0.000E+00  1.685E+00
7.648052E-01  4.66697E+01  2.7614E+01  7.4338E+03  8.8646E+00  7.4427E+03  0.000E+00  1.621E+00
8.175768E-01  4.82245E+01  2.6402E+01  6.6487E+03  9.2119E+00  6.6579E+03  0.000E+00  1.516E+00
8.285900E-01  4.84526E+01  2.6157E+01  6.4995E+03  9.2795E+00  6.5088E+03  0.000E+00  1.496E+00
8.412725E-01  4.85576E+01  2.5878E+01  6.3334E+03  9.3555E+00  6.3428E+03  0.000E+00  1.474E+00
8.446545E-01  4.83669E+01  2.5805E+01  6.2901E+03  9.3754E+00  6.2995E+03  0.000E+00  1.468E+00
8.497275E-01  4.87784E+01  2.6242E+01  6.3585E+03  9.4050E+00  6.3679E+03  0.000E+00  1.459E+00
8.624100E-01  4.93388E+01  2.5973E+01  6.2007E+03  9.4776E+00  6.2102E+03  0.000E+00  1.438E+00
8.739896E-01  4.97089E+01  2.5731E+01  6.0616E+03  9.5422E+00  6.0711E+03  0.000E+00  1.419E+00
9.342948E-01  5.11998E+01  2.4531E+01  5.4059E+03  9.8530E+00  5.4158E+03  0.000E+00  1.327E+00
9.987612E-01  5.25055E+01  2.3358E+01  4.8151E+03  1.0142E+01  4.8252E+03  0.000E+00  1.241E+00
1.067676E+00  5.39662E+01  2.1752E+01  4.1946E+03  1.0407E+01  4.2050E+03  0.000E+00  1.161E+00
1.141345E+00  5.47614E+01  2.0251E+01  3.6532E+03  1.0646E+01  3.6638E+03  0.000E+00  1.086E+00
1.220098E+00  5.52508E+01  1.8868E+01  3.1840E+03  1.0858E+01  3.1949E+03  0.000E+00  1.016E+00
1.304285E+00  5.55131E+01  1.7580E+01  2.7751E+03  1.1040E+01  2.7861E+03  0.000E+00  9.506E-01
1.394281E+00  5.55710E+01  1.6394E+01  2.4209E+03  1.1192E+01  2.4321E+03  0.000E+00  8.892E-01
1.490486E+00  5.54309E+01  1.5296E+01  2.1129E+03  1.1312E+01  2.1242E+03  0.000E+00  8.318E-01
1.593329E+00  5.50631E+01  1.4238E+01  1.8398E+03  1.1400E+01  1.8512E+03  0.000E+00  7.781E-01
1.703269E+00  5.43500E+01  1.3180E+01  1.5932E+03  1.1455E+01  1.6047E+03  0.000E+00  7.279E-01
1.820795E+00  5.31445E+01  1.2203E+01  1.3799E+03  1.1477E+01  1.3914E+03  0.000E+00  6.809E-01
1.946430E+00  5.11911E+01  1.1315E+01  1.1969E+03  1.1467E+01  1.2084E+03  0.000E+00  6.370E-01
2.080733E+00  4.77987E+01  1.0507E+01  1.0397E+03  1.1425E+01  1.0511E+03  0.000E+00  5.959E-01
2.224304E+00  4.04555E+01  9.7718E+00  9.0451E+02  1.1351E+01  9.1586E+02  0.000E+00  5.574E-01
2.341514E+00  2.00337E+01  9.2162E+00  8.1038E+02  1.1273E+01  8.2165E+02  0.000E+00  5.295E-01
2.377781E+00 -1.36229E+01  9.0539E+00  7.8397E+02  1.1246E+01  7.9522E+02  0.000E+00  5.214E-01
2.386911E+00 -6.24114E+01  9.0141E+00  7.7754E+02  1.1239E+01  7.8878E+02  0.000E+00  5.194E-01
2.401247E+00  1.48703E+01  1.0642E+02  9.1247E+03  1.1228E+01  9.1359E+03  0.000E+00  5.163E-01
2.435398E+00  5.62027E+01  6.2470E+01  5.2812E+03  1.1201E+01  5.2924E+03  0.000E+00  5.091E-01
2.437086E+00  5.64494E+01  6.0914E+01  5.1461E+03  1.1200E+01  5.1573E+03  0.000E+00  5.087E-01
2.472675E+00  4.01681E+01  3.6893E+01  3.0719E+03  1.1171E+01  3.0831E+03  0.000E+00  5.014E-01
2.482615E+00  6.94009E+00  3.2448E+01  2.6910E+03  1.1163E+01  2.7022E+03  0.000E+00  4.994E-01
2.497526E+00  5.65153E+01  9.1278E+01  7.5248E+03  1.1150E+01  7.5360E+03  0.000E+00  4.964E-01
2.534802E+00  8.17379E+01  5.6166E+01  4.5621E+03  1.1118E+01  4.5732E+03  0.000E+00  4.891E-01
2.541848E+00  8.23065E+01  5.1874E+01  4.2018E+03  1.1112E+01  4.2129E+03  0.000E+00  4.878E-01
2.717235E+00  6.51780E+01  2.5265E+01  1.9144E+03  1.0950E+01  1.9254E+03  0.000E+00  4.563E-01
2.897468E+00  6.11562E+01  2.6441E+01  1.8789E+03  1.0769E+01  1.8897E+03  0.000E+00  4.279E-01
2.904724E+00  6.10278E+01  2.6499E+01  1.8783E+03  1.0762E+01  1.8891E+03  0.000E+00  4.268E-01
2.941817E+00  5.96662E+01  2.6816E+01  1.8768E+03  1.0723E+01  1.8875E+03  0.000E+00  4.215E-01
2.953643E+00  5.74518E+01  2.6892E+01  1.8745E+03  1.0711E+01  1.8852E+03  0.000E+00  4.198E-01
2.971383E+00  6.02481E+01  3.1718E+01  2.1977E+03  1.0692E+01  2.2084E+03  0.000E+00  4.173E-01
3.015732E+00  6.36669E+01  3.1457E+01  2.1476E+03  1.0645E+01  2.1582E+03  0.000E+00  4.111E-01
3.105150E+00  6.66810E+01  3.0044E+01  1.9921E+03  1.0549E+01  2.0026E+03  0.000E+00  3.993E-01
3.319406E+00  6.93427E+01  2.6856E+01  1.6657E+03  1.0313E+01  1.6760E+03  0.000E+00  3.735E-01
3.347386E+00  6.94312E+01  2.6500E+01  1.6299E+03  1.0282E+01  1.6402E+03  0.000E+00  3.704E-01
3.398621E+00  6.91174E+01  2.5869E+01  1.5671E+03  1.0225E+01  1.5773E+03  0.000E+00  3.648E-01
3.412284E+00  6.83151E+01  2.5705E+01  1.5510E+03  1.0210E+01  1.5612E+03  0.000E+00  3.633E-01
3.432778E+00  6.94038E+01  2.7254E+01  1.6346E+03  1.0187E+01  1.6448E+03  0.000E+00  3.612E-01
3.484014E+00  7.05821E+01  2.6597E+01  1.5718E+03  1.0129E+01  1.5819E+03  0.000E+00  3.559E-01
3.548445E+00  7.13213E+01  2.5809E+01  1.4975E+03  1.0057E+01  1.5076E+03  0.000E+00  3.494E-01
3.630018E+00  7.18289E+01  2.4893E+01  1.4119E+03  9.9654E+00  1.4219E+03  0.000E+00  3.416E-01
3.685579E+00  7.17837E+01  2.4319E+01  1.3585E+03  9.9030E+00  1.3684E+03  0.000E+00  3.364E-01
3.700396E+00  7.13393E+01  2.4171E+01  1.3448E+03  9.8864E+00  1.3547E+03  0.000E+00  3.351E-01
3.722620E+00  7.20356E+01  2.5024E+01  1.3840E+03  9.8614E+00  1.3939E+03  0.000E+00  3.331E-01
3.778182E+00  7.28614E+01  2.4489E+01  1.3345E+03  9.7991E+00  1.3443E+03  0.000E+00  3.282E-01
3.793288E+00  7.30141E+01  2.4347E+01  1.3215E+03  9.7822E+00  1.3313E+03  0.000E+00  3.269E-01
4.055024E+00  7.47009E+01  2.2107E+01  1.1224E+03  9.4910E+00  1.1319E+03  0.000E+00  3.058E-01
4.334821E+00  7.57633E+01  2.0129E+01  9.5606E+02  9.1856E+00  9.6525E+02  0.000E+00  2.860E-01
4.633924E+00  7.65627E+01  1.8336E+01  8.1469E+02  8.8683E+00  8.2356E+02  0.000E+00  2.676E-01
4.953664E+00  7.73507E+01  1.6646E+01  6.9187E+02  8.5413E+00  7.0041E+02  0.000E+00  2.503E-01
5.295467E+00  7.78560E+01  1.5026E+01  5.8422E+02  8.2068E+00  5.9243E+02  0.000E+00  2.341E-01
5.660855E+00  7.80563E+01  1.3581E+01  4.9396E+02  7.8668E+00  5.0183E+02  0.000E+00  2.190E-01
6.051453E+00  7.82469E+01  1.2280E+01  4.1780E+02  7.5235E+00  4.2532E+02  0.000E+00  2.049E-01
6.469004E+00  7.82433E+01  1.1095E+01  3.5311E+02  7.1787E+00  3.6029E+02  0.000E+00  1.917E-01
6.915365E+00  7.82066E+01  1.0039E+01  2.9890E+02  6.8344E+00  3.0573E+02  0.000E+00  1.793E-01
7.392525E+00  7.80743E+01  9.0857E+00  2.5305E+02  6.4922E+00  2.5954E+02  0.000E+00  1.677E-01
7.902609E+00  7.79069E+01  8.2210E+00  2.1418E+02  6.1537E+00  2.2033E+02  0.000E+00  1.569E-01
8.447890E+00  7.76747E+01  7.4479E+00  1.8152E+02  5.8204E+00  1.8734E+02  0.000E+00  1.468E-01
9.030794E+00  7.74289E+01  6.7354E+00  1.5356E+02  5.4937E+00  1.5905E+02  0.000E+00  1.373E-01
9.653919E+00  7.70484E+01  6.0270E+00  1.2854E+02  5.1745E+00  1.3371E+02  0.000E+00  1.284E-01
1.032004E+01  7.65139E+01  5.4021E+00  1.0777E+02  4.8641E+00  1.1263E+02  0.000E+00  1.201E-01
1.103212E+01  7.57526E+01  4.8327E+00  9.0191E+01  4.5633E+00  9.4754E+01  0.000E+00  1.124E-01
1.179334E+01  7.44692E+01  4.3245E+00  7.5498E+01  4.2729E+00  7.9771E+01  0.000E+00  1.051E-01
1.240435E+01  7.20647E+01  3.9797E+00  6.6055E+01  4.0602E+00  7.0115E+01  0.000E+00  9.995E-02
1.259421E+01  6.93694E+01  3.8824E+00  6.3468E+01  3.9975E+00  6.7466E+01  0.000E+00  9.845E-02
1.260708E+01  6.89254E+01  3.8759E+00  6.3299E+01  3.9933E+00  6.7292E+01  0.000E+00  9.834E-02
1.264484E+01  6.62102E+01  3.8571E+00  6.2803E+01  3.9811E+00  6.6784E+01  0.000E+00  9.805E-02
1.272079E+01  6.93552E+01  9.9955E+00  1.6178E+02  3.9566E+00  1.6574E+02  0.000E+00  9.747E-02
1.291065E+01  7.21315E+01  9.7442E+00  1.5539E+02  3.8964E+00  1.5929E+02  0.000E+00  9.603E-02
1.347697E+01  7.42423E+01  9.0459E+00  1.3820E+02  3.7253E+00  1.4193E+02  0.000E+00  9.200E-02
1.440688E+01  7.42598E+01  8.0525E+00  1.1508E+02  3.4690E+00  1.1855E+02  0.000E+00  8.606E-02
1.462441E+01  7.30572E+01  7.8450E+00  1.1045E+02  3.4130E+00  1.1386E+02  0.000E+00  8.478E-02
1.468320E+01  7.14892E+01  7.7903E+00  1.0924E+02  3.3982E+00  1.1264E+02  0.000E+00  8.444E-02
1.477139E+01  7.31078E+01  1.0832E+01  1.5098E+02  3.3761E+00  1.5436E+02  0.000E+00  8.394E-02
1.499186E+01  7.45137E+01  1.0563E+01  1.4507E+02  3.3218E+00  1.4839E+02  0.000E+00  8.270E-02
1.503977E+01  7.46421E+01  1.0506E+01  1.4382E+02  3.3102E+00  1.4713E+02  0.000E+00  8.244E-02
1.526997E+01  7.46766E+01  1.0239E+01  1.3805E+02  3.2553E+00  1.4131E+02  0.000E+00  8.119E-02
1.533135E+01  7.40146E+01  1.0169E+01  1.3657E+02  3.2409E+00  1.3981E+02  0.000E+00  8.087E-02
1.540095E+01  7.48024E+01  1.1689E+01  1.5627E+02  3.2247E+00  1.5949E+02  0.000E+00  8.050E-02
1.542343E+01  7.50298E+01  1.1663E+01  1.5569E+02  3.2195E+00  1.5891E+02  0.000E+00  8.039E-02
1.565363E+01  7.61906E+01  1.1400E+01  1.4994E+02  3.1670E+00  1.5311E+02  0.000E+00  7.920E-02
1.646362E+01  7.79302E+01  1.0543E+01  1.3185E+02  2.9926E+00  1.3484E+02  0.000E+00  7.531E-02
1.759961E+01  7.91574E+01  9.4813E+00  1.1092E+02  2.7727E+00  1.1369E+02  0.000E+00  7.045E-02
1.881398E+01  7.99149E+01  8.5258E+00  9.3302E+01  2.5650E+00  9.5867E+01  0.000E+00  6.590E-02
2.011215E+01  8.04206E+01  7.6618E+00  7.8435E+01  2.3693E+00  8.0804E+01  0.000E+00  6.165E-02
2.149988E+01  8.07590E+01  6.8829E+00  6.5913E+01  2.1854E+00  6.8098E+01  0.000E+00  5.767E-02
2.298338E+01  8.09858E+01  6.1862E+00  5.5417E+01  2.0131E+00  5.7430E+01  0.000E+00  5.395E-02
2.456923E+01  8.11377E+01  5.5631E+00  4.6619E+01  1.8521E+00  4.8471E+01  0.000E+00  5.046E-02
2.626450E+01  8.13026E+01  5.0021E+00  3.9212E+01  1.7019E+00  4.0914E+01  0.000E+00  4.721E-02
2.807676E+01  8.13663E+01  4.4664E+00  3.2753E+01  1.5622E+00  3.4315E+01  0.000E+00  4.416E-02
3.001405E+01  8.14085E+01  3.9805E+00  2.7305E+01  1.4325E+00  2.8738E+01  0.000E+00  4.131E-02
3.208502E+01  8.14083E+01  3.5398E+00  2.2715E+01  1.3125E+00  2.4028E+01  0.000E+00  3.864E-02
3.429889E+01  8.13527E+01  3.1474E+00  1.8893E+01  1.2016E+00  2.0095E+01  0.000E+00  3.615E-02
3.666551E+01  8.12794E+01  2.8006E+00  1.5726E+01  1.0993E+00  1.6825E+01  0.000E+00  3.381E-02
3.919543E+01  8.11946E+01  2.4940E+00  1.3101E+01  1.0053E+00  1.4106E+01  0.000E+00  3.163E-02
4.189992E+01  8.11020E+01  2.2227E+00  1.0922E+01  9.1889E-01  1.1841E+01  0.000E+00  2.959E-02
4.479101E+01  8.10040E+01  1.9825E+00  9.1128E+00  8.3973E-01  9.9525E+00  0.000E+00  2.768E-02
4.788159E+01  8.09015E+01  1.7695E+00  7.6090E+00  7.6733E-01  8.3763E+00  0.000E+00  2.589E-02
5.118542E+01  8.07947E+01  1.5807E+00  6.3582E+00  7.0122E-01  7.0594E+00  0.000E+00  2.422E-02
5.471721E+01  8.06827E+01  1.4129E+00  5.3166E+00  6.4095E-01  5.9576E+00  0.000E+00  2.266E-02
5.849270E+01  8.05618E+01  1.2610E+00  4.4386E+00  5.8611E-01  5.0247E+00  0.000E+00  2.120E-02
6.252870E+01  8.04267E+01  1.1264E+00  3.7088E+00  5.3627E-01  4.2451E+00  0.000E+00  1.983E-02
6.684318E+01  8.02686E+01  1.0051E+00  3.0960E+00  4.9105E-01  3.5870E+00  0.000E+00  1.855E-02
7.145536E+01  8.00661E+01  8.9427E-01  2.5767E+00  4.5007E-01  3.0268E+00  0.000E+00  1.735E-02
7.638578E+01  7.97690E+01  7.9602E-01  2.1456E+00  4.1298E-01  2.5586E+00  0.000E+00  1.623E-02
8.165640E+01  7.91784E+01  7.0702E-01  1.7827E+00  3.7944E-01  2.1621E+00  0.000E+00  1.518E-02
8.381980E+01  7.85868E+01  6.7349E-01  1.6543E+00  3.6719E-01  2.0215E+00  0.000E+00  1.479E-02
8.510275E+01  7.75370E+01  6.5478E-01  1.5841E+00  3.6030E-01  1.9444E+00  0.000E+00  1.457E-02
8.544487E+01  7.62807E+01  6.4993E-01  1.5661E+00  3.5851E-01  1.9246E+00  0.000E+00  1.451E-02
8.595806E+01  7.75904E+01  3.1153E+00  7.4619E+00  3.5585E-01  7.8178E+00  5.922E+00  1.442E-02
8.729069E+01  7.87601E+01  3.0417E+00  7.1742E+00  3.4914E-01  7.5233E+00  5.701E+00  1.420E-02
9.331374E+01  8.00246E+01  2.7389E+00  6.0431E+00  3.2179E-01  6.3649E+00  4.824E+00  1.329E-02
9.975239E+01  8.05126E+01  2.4627E+00  5.0830E+00  2.9712E-01  5.3801E+00  4.074E+00  1.243E-02
1.066353E+02  8.07956E+01  2.2109E+00  4.2687E+00  2.7487E-01  4.5436E+00  3.433E+00  1.163E-02
1.139931E+02  8.09776E+01  1.9839E+00  3.5833E+00  2.5481E-01  3.8381E+00  2.891E+00  1.088E-02
1.218587E+02  8.11005E+01  1.7796E+00  3.0067E+00  2.3672E-01  3.2434E+00  2.432E+00  1.017E-02
1.302669E+02  8.11831E+01  1.5932E+00  2.5181E+00  2.2041E-01  2.7385E+00  2.041E+00  9.518E-03
1.392553E+02  8.12370E+01  1.4262E+00  2.1086E+00  2.0569E-01  2.3143E+00  1.713E+00  8.903E-03
1.488640E+02  8.12709E+01  1.2766E+00  1.7656E+00  1.9240E-01  1.9580E+00  1.437E+00  8.329E-03
1.591356E+02  8.12905E+01  1.1428E+00  1.4785E+00  1.8038E-01  1.6589E+00  1.205E+00  7.791E-03
1.701159E+02  8.12998E+01  1.0231E+00  1.2382E+00  1.6951E-01  1.4077E+00  1.011E+00  7.288E-03
1.818539E+02  8.13018E+01  9.1573E-01  1.0368E+00  1.5964E-01  1.1964E+00  8.473E-01  6.818E-03
1.944018E+02  8.12980E+01  8.1924E-01  8.6765E-01  1.5067E-01  1.0183E+00  7.098E-01  6.378E-03
2.078156E+02  8.12900E+01  7.3300E-01  7.2621E-01  1.4251E-01  8.6872E-01  5.947E-01  5.966E-03
2.221548E+02  8.12792E+01  6.5591E-01  6.0788E-01  1.3505E-01  7.4293E-01  4.982E-01  5.581E-03
2.374835E+02  8.12665E+01  5.8698E-01  5.0889E-01  1.2822E-01  6.3711E-01  4.174E-01  5.221E-03
2.538699E+02  8.12527E+01  5.2535E-01  4.2606E-01  1.2194E-01  5.4800E-01  3.496E-01  4.884E-03
2.713869E+02  8.12382E+01  4.7023E-01  3.5674E-01  1.1615E-01  4.7289E-01  2.929E-01  4.569E-03
2.901126E+02  8.12234E+01  4.2093E-01  2.9873E-01  1.1079E-01  4.0952E-01  2.454E-01  4.274E-03
3.101304E+02  8.12087E+01  3.7684E-01  2.5018E-01  1.0581E-01  3.5599E-01  2.056E-01  3.998E-03
3.315294E+02  8.11943E+01  3.3739E-01  2.0953E-01  1.0117E-01  3.1070E-01  1.722E-01  3.740E-03
3.544049E+02  8.11803E+01  3.0210E-01  1.7550E-01  9.6827E-02  2.7233E-01  1.443E-01  3.498E-03
3.788588E+02  8.11668E+01  2.7052E-01  1.4701E-01  9.2742E-02  2.3975E-01  1.209E-01  3.273E-03
4.050001E+02  8.11540E+01  2.4226E-01  1.2316E-01  8.8889E-02  2.1205E-01  1.013E-01  3.061E-03
4.329451E+02  8.11418E+01  2.1697E-01  1.0318E-01  8.5241E-02  1.8842E-01  8.484E-02  2.864E-03
