
   Pb:    Z = 82;   Atomic weight = 207.2000 g/mol ;    nominal density:   [INLINE] = 1.1330E+01 g/cm3
          µa(barns/atom) = µ(cm2/g)  ×  3.44064E+02
          E(eV) µ(cm2/g) = f2(e/atom)  ×  2.03090E+05
          23 edges. Edge energies (keV):
          

  K      8.80045E+01  L I    1.58608E+01  L II   1.52000E+01  L III  1.30352E+01
  M I    3.85070E+00  M II   3.55420E+00  M III  3.06640E+00  M IV   2.58560E+00
  M V    2.48400E+00  N I    8.93600E-01  N II   7.63900E-01  N III  6.44500E-01
  N IV   4.35200E-01  N V    4.12900E-01  N VI   1.42900E-01  N VII  1.38100E-01
  O I    1.47300E-01  O II   1.04800E-01  O III  8.60000E-02  O IV   2.18000E-02
  O V    1.92000E-02  P I    1.16904E-02  P II   4.91166E-03

          Relativistic correction estimate frel (H82,3/5CL) = -1.9001E+00, -1.1136E+00 e/atom
          Nuclear Thomson correction fNT = -1.7802E-02 e/atom
     _________________________________________________________________________________________________________
   
   Form Factors, Attenuation and Scattering Cross-sections
   Z=82, E = 0.001 - 1000 keV

                                                              Attenuation
     E         f1            f2          µ           [INLINE] (coh+inc) Coefficient    µK       wavelength
     keV       e/atom       e/atom      cm2/g       cm2/g      cm2/g          cm2/g        nm

4.813430E-03  3.38841E+00  0.0000E+00  0.0000E+00  3.9317E-06  3.9317E-06  0.000E+00  2.576E+02
4.887105E-03  2.16509E+00  0.0000E+00  0.0000E+00  4.2792E-06  4.2792E-06  0.000E+00  2.537E+02
4.906751E-03  7.08129E-01  0.0000E+00  0.0000E+00  4.3757E-06  4.3757E-06  0.000E+00  2.527E+02
4.936221E-03  2.21405E+00  2.8636E+00  1.1782E+05  4.5238E-06  1.1782E+05  0.000E+00  2.512E+02
5.009896E-03  3.52849E+00  2.8173E+00  1.1421E+05  4.9111E-06  1.1421E+05  0.000E+00  2.475E+02
1.069000E-02  6.12159E+00  1.3573E+00  2.5787E+04  2.3074E-04  2.5787E+04  0.000E+00  1.160E+02
1.142761E-02  5.67907E+00  1.2692E+00  2.2557E+04  3.1352E-04  2.2557E+04  0.000E+00  1.085E+02
1.145657E-02  5.64148E+00  1.2659E+00  2.2441E+04  3.1716E-04  2.2441E+04  0.000E+00  1.082E+02
1.163193E-02  5.19902E+00  1.2463E+00  2.1759E+04  3.3983E-04  2.1759E+04  0.000E+00  1.066E+02
1.167869E-02  4.68408E+00  1.2411E+00  2.1582E+04  3.4607E-04  2.1582E+04  0.000E+00  1.062E+02
1.174883E-02  5.21287E+00  2.2376E+00  3.8679E+04  3.5558E-04  3.8679E+04  0.000E+00  1.055E+02
1.192419E-02  5.66050E+00  2.1885E+00  3.7273E+04  3.8019E-04  3.7273E+04  0.000E+00  1.040E+02
1.221612E-02  5.90044E+00  2.1105E+00  3.5086E+04  4.2384E-04  3.5086E+04  0.000E+00  1.015E+02
1.305903E-02  6.07869E+00  1.9076E+00  2.9667E+04  5.7008E-04  2.9667E+04  0.000E+00  9.494E+01
1.396010E-02  6.02655E+00  1.7018E+00  2.4757E+04  7.6292E-04  2.4757E+04  0.000E+00  8.881E+01
1.492335E-02  5.81490E+00  1.4986E+00  2.0394E+04  1.0159E-03  2.0394E+04  0.000E+00  8.308E+01
1.595306E-02  5.45014E+00  1.3107E+00  1.6685E+04  1.3460E-03  1.6685E+04  0.000E+00  7.772E+01
1.705382E-02  4.89700E+00  1.1436E+00  1.3619E+04  1.7746E-03  1.3619E+04  0.000E+00  7.270E+01
1.823053E-02  4.02014E+00  9.9837E-01  1.1122E+04  2.3281E-03  1.1122E+04  0.000E+00  6.801E+01
1.881600E-02  3.29032E+00  9.3683E-01  1.0112E+04  2.6431E-03  1.0112E+04  0.000E+00  6.589E+01
1.910400E-02  2.51533E+00  9.0880E-01  9.6613E+03  2.8082E-03  9.6613E+03  0.000E+00  6.490E+01
1.918080E-02  1.79146E+00  9.0157E-01  9.5460E+03  2.8534E-03  9.5460E+03  0.000E+00  6.464E+01
1.929600E-02  2.34505E+00  2.1978E+00  2.3132E+04  2.9221E-03  2.3132E+04  0.000E+00  6.425E+01
1.948844E-02  2.64261E+00  2.2270E+00  2.3207E+04  3.0393E-03  2.3207E+04  0.000E+00  6.362E+01
1.958400E-02  2.68664E+00  2.2421E+00  2.3251E+04  3.0987E-03  2.3251E+04  0.000E+00  6.331E+01
2.083314E-02  2.28932E+00  2.4791E+00  2.4168E+04  3.9486E-03  2.4168E+04  0.000E+00  5.951E+01
2.136400E-02  1.86513E+00  2.6027E+00  2.4742E+04  4.3527E-03  2.4742E+04  0.000E+00  5.803E+01
2.169100E-02  1.37937E+00  2.6896E+00  2.5182E+04  4.6149E-03  2.5182E+04  0.000E+00  5.716E+01
2.177820E-02  9.80532E-01  2.7143E+00  2.5312E+04  4.6865E-03  2.5312E+04  0.000E+00  5.693E+01
2.190900E-02  1.22209E+00  3.4302E+00  3.1797E+04  4.7954E-03  3.1797E+04  0.000E+00  5.659E+01
2.223600E-02  1.30011E+00  3.5893E+00  3.2783E+04  5.0749E-03  3.2783E+04  0.000E+00  5.576E+01
2.227063E-02  1.29420E+00  3.6069E+00  3.2892E+04  5.1051E-03  3.2892E+04  0.000E+00  5.567E+01
2.380730E-02  6.54426E-01  4.5357E+00  3.8692E+04  6.5687E-03  3.8692E+04  0.000E+00  5.208E+01
2.545001E-02 -1.46130E-01  5.8566E+00  4.6736E+04  8.4115E-03  4.6736E+04  0.000E+00  4.872E+01
2.720606E-02 -8.49767E-01  7.6272E+00  5.6937E+04  1.0720E-02  5.6937E+04  0.000E+00  4.557E+01
2.908327E-02 -1.26341E+00  9.8580E+00  6.8839E+04  1.3598E-02  6.8839E+04  0.000E+00  4.263E+01
3.109002E-02 -1.18520E+00  1.2488E+01  8.1576E+04  1.7169E-02  8.1576E+04  0.000E+00  3.988E+01
3.323523E-02 -4.30245E-01  1.5367E+01  9.3901E+04  2.1575E-02  9.3901E+04  0.000E+00  3.731E+01
3.552846E-02  1.12440E+00  1.8258E+01  1.0437E+05  2.6988E-02  1.0437E+05  0.000E+00  3.490E+01
3.797993E-02  3.49835E+00  2.0870E+01  1.1160E+05  3.3602E-02  1.1160E+05  0.000E+00  3.264E+01
4.060054E-02  6.58400E+00  2.2914E+01  1.1462E+05  4.1648E-02  1.1462E+05  0.000E+00  3.054E+01
4.340198E-02  1.01580E+01  2.4161E+01  1.1306E+05  5.1385E-02  1.1306E+05  0.000E+00  2.857E+01
4.639671E-02  1.39223E+01  2.4492E+01  1.0721E+05  6.3113E-02  1.0721E+05  0.000E+00  2.672E+01
4.959809E-02  1.75636E+01  2.3914E+01  9.7922E+04  7.7171E-02  9.7922E+04  0.000E+00  2.500E+01
5.302035E-02  2.08108E+01  2.2553E+01  8.6389E+04  9.3941E-02  8.6389E+04  0.000E+00  2.338E+01
5.667876E-02  2.34749E+01  2.0610E+01  7.3850E+04  1.1385E-01  7.3850E+04  0.000E+00  2.187E+01
6.058959E-02  2.54864E+01  1.8316E+01  6.1393E+04  1.3737E-01  6.1393E+04  0.000E+00  2.046E+01
6.477028E-02  2.67900E+01  1.5890E+01  4.9824E+04  1.6503E-01  4.9824E+04  0.000E+00  1.914E+01
6.923942E-02  2.74834E+01  1.3511E+01  3.9629E+04  1.9740E-01  3.9629E+04  0.000E+00  1.791E+01
7.401695E-02  2.75980E+01  1.1304E+01  3.1017E+04  2.3510E-01  3.1017E+04  0.000E+00  1.675E+01
7.912411E-02  2.71926E+01  9.3444E+00  2.3985E+04  2.7881E-01  2.3985E+04  0.000E+00  1.567E+01
8.428000E-02  2.60022E+01  7.7509E+00  1.8677E+04  3.2633E-01  1.8677E+04  0.000E+00  1.471E+01
8.458368E-02  2.58519E+01  7.6677E+00  1.8411E+04  3.2923E-01  1.8411E+04  0.000E+00  1.466E+01
8.557000E-02  2.49747E+01  7.4054E+00  1.7576E+04  3.3874E-01  1.7576E+04  0.000E+00  1.449E+01
8.591400E-02  2.38305E+01  7.3165E+00  1.7295E+04  3.4208E-01  1.7295E+04  0.000E+00  1.443E+01
8.643000E-02  2.49774E+01  9.3836E+00  2.2049E+04  3.4712E-01  2.2049E+04  0.000E+00  1.435E+01
8.772000E-02  2.58943E+01  8.9716E+00  2.0771E+04  3.5985E-01  2.0771E+04  0.000E+00  1.413E+01
9.041995E-02  2.63161E+01  8.1838E+00  1.8381E+04  3.8714E-01  1.8381E+04  0.000E+00  1.371E+01
9.665893E-02  2.60953E+01  6.6942E+00  1.4065E+04  4.5333E-01  1.4065E+04  0.000E+00  1.283E+01
1.027040E-01  2.51822E+01  5.6160E+00  1.1105E+04  5.2140E-01  1.1106E+04  0.000E+00  1.207E+01
1.033284E-01  2.49953E+01  5.5211E+00  1.0852E+04  5.2864E-01  1.0853E+04  0.000E+00  1.200E+01
1.042760E-01  2.45098E+01  5.3820E+00  1.0482E+04  5.3969E-01  1.0483E+04  0.000E+00  1.189E+01
1.046952E-01  2.38244E+01  5.3224E+00  1.0325E+04  5.4461E-01  1.0326E+04  0.000E+00  1.184E+01
1.053240E-01  2.44499E+01  6.5140E+00  1.2561E+04  5.5202E-01  1.2562E+04  0.000E+00  1.177E+01
1.068960E-01  2.49052E+01  6.2743E+00  1.1921E+04  5.7071E-01  1.1922E+04  0.000E+00  1.160E+01
1.104581E-01  2.50147E+01  5.7855E+00  1.0637E+04  6.1390E-01  1.0638E+04  0.000E+00  1.122E+01
1.180797E-01  2.46519E+01  4.9423E+00  8.5005E+03  7.1000E-01  8.5012E+03  0.000E+00  1.050E+01
1.262272E-01  2.40125E+01  4.2469E+00  6.8330E+03  8.1780E-01  6.8338E+03  0.000E+00  9.822E+00
1.349368E-01  2.30915E+01  3.6741E+00  5.5298E+03  9.3816E-01  5.5307E+03  0.000E+00  9.188E+00
1.353380E-01  2.30368E+01  3.6512E+00  5.4791E+03  9.4382E-01  5.4800E+03  0.000E+00  9.161E+00
1.374095E-01  2.26752E+01  3.5374E+00  5.2283E+03  9.7320E-01  5.2293E+03  0.000E+00  9.023E+00
1.379619E-01  2.24527E+01  3.5082E+00  5.1644E+03  9.8108E-01  5.1654E+03  0.000E+00  8.987E+00
1.387905E-01  2.25043E+01  3.7780E+00  5.5282E+03  9.9293E-01  5.5292E+03  0.000E+00  8.933E+00
1.400420E-01  2.24463E+01  3.7306E+00  5.4101E+03  1.0109E+00  5.4111E+03  0.000E+00  8.853E+00
1.408620E-01  2.23694E+01  3.7011E+00  5.3361E+03  1.0227E+00  5.3371E+03  0.000E+00  8.802E+00
1.421855E-01  2.21897E+01  3.6561E+00  5.2222E+03  1.0419E+00  5.2232E+03  0.000E+00  8.720E+00
1.427571E-01  2.20244E+01  3.6377E+00  5.1751E+03  1.0502E+00  5.1762E+03  0.000E+00  8.685E+00
1.436145E-01  2.20538E+01  3.8378E+00  5.4272E+03  1.0627E+00  5.4283E+03  0.000E+00  8.633E+00
1.442475E-01  2.20363E+01  3.8247E+00  5.3850E+03  1.0719E+00  5.3861E+03  0.000E+00  8.595E+00
1.443540E-01  2.20310E+01  3.8226E+00  5.3780E+03  1.0735E+00  5.3791E+03  0.000E+00  8.589E+00
1.457580E-01  2.19311E+01  3.7968E+00  5.2902E+03  1.0941E+00  5.2913E+03  0.000E+00  8.506E+00
1.465635E-01  2.18494E+01  3.7837E+00  5.2430E+03  1.1059E+00  5.2441E+03  0.000E+00  8.459E+00
1.471527E-01  2.17475E+01  3.7750E+00  5.2100E+03  1.1146E+00  5.2111E+03  0.000E+00  8.426E+00
1.480365E-01  2.17399E+01  3.8797E+00  5.3225E+03  1.1277E+00  5.3236E+03  0.000E+00  8.375E+00
1.502460E-01  2.16148E+01  3.8586E+00  5.2158E+03  1.1605E+00  5.2170E+03  0.000E+00  8.252E+00
1.542005E-01  2.13110E+01  3.8440E+00  5.0628E+03  1.2199E+00  5.0640E+03  0.000E+00  8.040E+00
1.648404E-01  2.03907E+01  3.9496E+00  4.8660E+03  1.3828E+00  4.8674E+03  0.000E+00  7.521E+00
1.762144E-01  1.93663E+01  4.2868E+00  4.9407E+03  1.5613E+00  4.9423E+03  0.000E+00  7.036E+00
1.883732E-01  1.82872E+01  4.8926E+00  5.2748E+03  1.7559E+00  5.2766E+03  0.000E+00  6.582E+00
2.013709E-01  1.72039E+01  5.8050E+00  5.8545E+03  1.9673E+00  5.8565E+03  0.000E+00  6.157E+00
2.152655E-01  1.61834E+01  7.0547E+00  6.6557E+03  2.1956E+00  6.6579E+03  0.000E+00  5.760E+00
2.301188E-01  1.53101E+01  8.6547E+00  7.6382E+03  2.4410E+00  7.6406E+03  0.000E+00  5.388E+00
2.459970E-01  1.46794E+01  1.0591E+01  8.7436E+03  2.7037E+00  8.7463E+03  0.000E+00  5.040E+00
2.629708E-01  1.43928E+01  1.2815E+01  9.8968E+03  2.9834E+00  9.8998E+03  0.000E+00  4.715E+00
2.811158E-01  1.45214E+01  1.5243E+01  1.1012E+04  3.2798E+00  1.1015E+04  0.000E+00  4.410E+00
3.005128E-01  1.51233E+01  1.7763E+01  1.2005E+04  3.5924E+00  1.2009E+04  0.000E+00  4.126E+00
3.212482E-01  1.62088E+01  2.0243E+01  1.2797E+04  3.9203E+00  1.2801E+04  0.000E+00  3.859E+00
3.434143E-01  1.77399E+01  2.2547E+01  1.3334E+04  4.2627E+00  1.3338E+04  0.000E+00  3.610E+00
3.671099E-01  1.96145E+01  2.4557E+01  1.3585E+04  4.6183E+00  1.3590E+04  0.000E+00  3.377E+00
3.924405E-01  2.16247E+01  2.6183E+01  1.3550E+04  4.9856E+00  1.3555E+04  0.000E+00  3.159E+00
4.046420E-01  2.24077E+01  2.6778E+01  1.3440E+04  5.1577E+00  1.3445E+04  0.000E+00  3.064E+00
4.108355E-01  2.25013E+01  2.7036E+01  1.3365E+04  5.2438E+00  1.3370E+04  0.000E+00  3.018E+00
4.124871E-01  2.21556E+01  2.7101E+01  1.3343E+04  5.2667E+00  1.3348E+04  0.000E+00  3.006E+00
4.149645E-01  2.27816E+01  2.8126E+01  1.3765E+04  5.3008E+00  1.3770E+04  0.000E+00  2.988E+00
4.195189E-01  2.34580E+01  2.8328E+01  1.3714E+04  5.3632E+00  1.3719E+04  0.000E+00  2.955E+00
4.211580E-01  2.36418E+01  2.8398E+01  1.3694E+04  5.3855E+00  1.3699E+04  0.000E+00  2.944E+00
4.264960E-01  2.41533E+01  2.8613E+01  1.3625E+04  5.4579E+00  1.3630E+04  0.000E+00  2.907E+00
4.330240E-01  2.45440E+01  2.8852E+01  1.3532E+04  5.5455E+00  1.3538E+04  0.000E+00  2.863E+00
4.347648E-01  2.43947E+01  2.8912E+01  1.3506E+04  5.5687E+00  1.3512E+04  0.000E+00  2.852E+00
4.373760E-01  2.49579E+01  2.9630E+01  1.3758E+04  5.6034E+00  1.3764E+04  0.000E+00  2.835E+00
4.439040E-01  2.58547E+01  2.9868E+01  1.3665E+04  5.6894E+00  1.3671E+04  0.000E+00  2.793E+00
4.484657E-01  2.63693E+01  3.0021E+01  1.3595E+04  5.7490E+00  1.3601E+04  0.000E+00  2.765E+00
4.794098E-01  2.94526E+01  3.0808E+01  1.3051E+04  6.1412E+00  1.3057E+04  0.000E+00  2.586E+00
5.124891E-01  3.24085E+01  3.1175E+01  1.2354E+04  6.5374E+00  1.2361E+04  0.000E+00  2.419E+00
5.478508E-01  3.52053E+01  3.1135E+01  1.1542E+04  6.9354E+00  1.1549E+04  0.000E+00  2.263E+00
5.856525E-01  3.77253E+01  3.0732E+01  1.0657E+04  7.3326E+00  1.0664E+04  0.000E+00  2.117E+00
6.260625E-01  3.96148E+01  3.0024E+01  9.7394E+03  7.7265E+00  9.7471E+03  0.000E+00  1.980E+00
6.316100E-01  3.97238E+01  2.9913E+01  9.6183E+03  7.7782E+00  9.6261E+03  0.000E+00  1.963E+00
6.412775E-01  3.94487E+01  2.9715E+01  9.4107E+03  7.8669E+00  9.4186E+03  0.000E+00  1.933E+00
6.438555E-01  3.86459E+01  2.9662E+01  9.3562E+03  7.8903E+00  9.3641E+03  0.000E+00  1.926E+00
6.477225E-01  3.97906E+01  3.1420E+01  9.8515E+03  7.9251E+00  9.8594E+03  0.000E+00  1.914E+00
6.573900E-01  4.11016E+01  3.1224E+01  9.6461E+03  8.0111E+00  9.6541E+03  0.000E+00  1.886E+00
6.692609E-01  4.20758E+01  3.0980E+01  9.4011E+03  8.1144E+00  9.4092E+03  0.000E+00  1.853E+00
7.154399E-01  4.47919E+01  2.9968E+01  8.5069E+03  8.4935E+00  8.5154E+03  0.000E+00  1.733E+00
7.486220E-01  4.62243E+01  2.9142E+01  7.9057E+03  8.7448E+00  7.9144E+03  0.000E+00  1.656E+00
7.600805E-01  4.65277E+01  2.8844E+01  7.7069E+03  8.8277E+00  7.7157E+03  0.000E+00  1.631E+00
7.631361E-01  4.64459E+01  2.8764E+01  7.6549E+03  8.8495E+00  7.6638E+03  0.000E+00  1.625E+00
7.648052E-01  4.65329E+01  2.9119E+01  7.7325E+03  8.8613E+00  7.7414E+03  0.000E+00  1.621E+00
7.677195E-01  4.68286E+01  2.9045E+01  7.6836E+03  8.8818E+00  7.6925E+03  0.000E+00  1.615E+00
7.791780E-01  4.74363E+01  2.8757E+01  7.4953E+03  8.9615E+00  7.5043E+03  0.000E+00  1.591E+00
8.175768E-01  4.88792E+01  2.7813E+01  6.9088E+03  9.2149E+00  6.9180E+03  0.000E+00  1.516E+00
8.739896E-01  5.04050E+01  2.6517E+01  6.1618E+03  9.5518E+00  6.1714E+03  0.000E+00  1.419E+00
8.757280E-01  5.04378E+01  2.6479E+01  6.1407E+03  9.5616E+00  6.1503E+03  0.000E+00  1.416E+00
8.891320E-01  5.05671E+01  2.6190E+01  5.9822E+03  9.6355E+00  5.9918E+03  0.000E+00  1.394E+00
8.927064E-01  5.03855E+01  2.6114E+01  5.9410E+03  9.6549E+00  5.9507E+03  0.000E+00  1.389E+00
8.980680E-01  5.08049E+01  2.6544E+01  6.0026E+03  9.6837E+00  6.0123E+03  0.000E+00  1.381E+00
9.114720E-01  5.13939E+01  2.6270E+01  5.8533E+03  9.7541E+00  5.8631E+03  0.000E+00  1.360E+00
9.342948E-01  5.21187E+01  2.5821E+01  5.6127E+03  9.8695E+00  5.6226E+03  0.000E+00  1.327E+00
9.987612E-01  5.40284E+01  2.4668E+01  5.0161E+03  1.0165E+01  5.0263E+03  0.000E+00  1.241E+00
1.067676E+00  5.51916E+01  2.2837E+01  4.3440E+03  1.0438E+01  4.3544E+03  0.000E+00  1.161E+00
1.141345E+00  5.59312E+01  2.1159E+01  3.7651E+03  1.0684E+01  3.7758E+03  0.000E+00  1.086E+00
1.220098E+00  5.63969E+01  1.9642E+01  3.2695E+03  1.0902E+01  3.2804E+03  0.000E+00  1.016E+00
1.304285E+00  5.66806E+01  1.8274E+01  2.8455E+03  1.1091E+01  2.8566E+03  0.000E+00  9.506E-01
1.394281E+00  5.67656E+01  1.7027E+01  2.4802E+03  1.1249E+01  2.4914E+03  0.000E+00  8.892E-01
1.490486E+00  5.66654E+01  1.5901E+01  2.1667E+03  1.1376E+01  2.1781E+03  0.000E+00  8.318E-01
1.593329E+00  5.63856E+01  1.4877E+01  1.8962E+03  1.1470E+01  1.9077E+03  0.000E+00  7.781E-01
1.703269E+00  5.58874E+01  1.3885E+01  1.6556E+03  1.1531E+01  1.6671E+03  0.000E+00  7.279E-01
1.820795E+00  5.50115E+01  1.2864E+01  1.4349E+03  1.1558E+01  1.4465E+03  0.000E+00  6.809E-01
1.946430E+00  5.35497E+01  1.1912E+01  1.2429E+03  1.1553E+01  1.2545E+03  0.000E+00  6.370E-01
2.080733E+00  5.11302E+01  1.1047E+01  1.0782E+03  1.1515E+01  1.0897E+03  0.000E+00  5.959E-01
2.224304E+00  4.66544E+01  1.0260E+01  9.3678E+02  1.1445E+01  9.4822E+02  0.000E+00  5.574E-01
2.377781E+00  3.47678E+01  9.5437E+00  8.1514E+02  1.1343E+01  8.2648E+02  0.000E+00  5.214E-01
2.434320E+00  2.15013E+01  9.3069E+00  7.7646E+02  1.1301E+01  7.8776E+02  0.000E+00  5.093E-01
2.471580E+00 -1.04844E+01  9.1579E+00  7.5251E+02  1.1271E+01  7.6378E+02  0.000E+00  5.016E-01
2.481516E+00 -5.91205E+01  9.1190E+00  7.4631E+02  1.1263E+01  7.5757E+02  0.000E+00  4.996E-01
2.496420E+00  1.62019E+01  1.0431E+02  8.4861E+03  1.1251E+01  8.4974E+03  0.000E+00  4.966E-01
2.533888E+00  5.70647E+01  5.9929E+01  4.8033E+03  1.1219E+01  4.8145E+03  0.000E+00  4.893E-01
2.541848E+00  5.71970E+01  5.3615E+01  4.2838E+03  1.1212E+01  4.2950E+03  0.000E+00  4.878E-01
2.572672E+00  4.03685E+01  3.5762E+01  2.8231E+03  1.1185E+01  2.8343E+03  0.000E+00  4.819E-01
2.583014E+00  7.46043E+00  3.1547E+01  2.4804E+03  1.1176E+01  2.4916E+03  0.000E+00  4.800E-01
2.598528E+00  5.62406E+01  8.9856E+01  7.0227E+03  1.1162E+01  7.0339E+03  0.000E+00  4.771E-01
2.637312E+00  8.11759E+01  5.5870E+01  4.3024E+03  1.1127E+01  4.3135E+03  0.000E+00  4.701E-01
2.717235E+00  7.40074E+01  2.9363E+01  2.1947E+03  1.1052E+01  2.2058E+03  0.000E+00  4.563E-01
2.904724E+00  6.37849E+01  2.7733E+01  1.9390E+03  1.0866E+01  1.9499E+03  0.000E+00  4.268E-01
3.005072E+00  6.36068E+01  2.8533E+01  1.9283E+03  1.0761E+01  1.9391E+03  0.000E+00  4.126E-01
3.051068E+00  6.24888E+01  2.8245E+01  1.8801E+03  1.0712E+01  1.8908E+03  0.000E+00  4.064E-01
3.063334E+00  6.02965E+01  2.8135E+01  1.8652E+03  1.0699E+01  1.8759E+03  0.000E+00  4.047E-01
3.081732E+00  6.31211E+01  3.2728E+01  2.1568E+03  1.0679E+01  2.1675E+03  0.000E+00  4.023E-01
3.105150E+00  6.50320E+01  3.2371E+01  2.1172E+03  1.0654E+01  2.1279E+03  0.000E+00  3.993E-01
3.127728E+00  6.61640E+01  3.1990E+01  2.0772E+03  1.0629E+01  2.0878E+03  0.000E+00  3.964E-01
3.319406E+00  7.02717E+01  2.8398E+01  1.7374E+03  1.0419E+01  1.7478E+03  0.000E+00  3.735E-01
3.483116E+00  7.10983E+01  2.6116E+01  1.5227E+03  1.0236E+01  1.5329E+03  0.000E+00  3.560E-01
3.536429E+00  7.07077E+01  2.5488E+01  1.4637E+03  1.0176E+01  1.4739E+03  0.000E+00  3.506E-01
3.548445E+00  7.01540E+01  2.5351E+01  1.4509E+03  1.0162E+01  1.4611E+03  0.000E+00  3.494E-01
3.550646E+00  6.98960E+01  2.5326E+01  1.4486E+03  1.0160E+01  1.4588E+03  0.000E+00  3.492E-01
3.571971E+00  7.09424E+01  2.6856E+01  1.5270E+03  1.0136E+01  1.5371E+03  0.000E+00  3.471E-01
3.625284E+00  7.20451E+01  2.6213E+01  1.4685E+03  1.0076E+01  1.4786E+03  0.000E+00  3.420E-01
3.773686E+00  7.31347E+01  2.4593E+01  1.3235E+03  9.9091E+00  1.3334E+03  0.000E+00  3.285E-01
3.793288E+00  7.31748E+01  2.4401E+01  1.3064E+03  9.8871E+00  1.3163E+03  0.000E+00  3.269E-01
3.831446E+00  7.30610E+01  2.4038E+01  1.2742E+03  9.8443E+00  1.2840E+03  0.000E+00  3.236E-01
3.846849E+00  7.26158E+01  2.3895E+01  1.2615E+03  9.8270E+00  1.2713E+03  0.000E+00  3.223E-01
3.869953E+00  7.32920E+01  2.4742E+01  1.2984E+03  9.8012E+00  1.3082E+03  0.000E+00  3.204E-01
3.927714E+00  7.40871E+01  2.4229E+01  1.2528E+03  9.7366E+00  1.2625E+03  0.000E+00  3.157E-01
4.055024E+00  7.50448E+01  2.3157E+01  1.1598E+03  9.5949E+00  1.1694E+03  0.000E+00  3.058E-01
4.334821E+00  7.63426E+01  2.1077E+01  9.8746E+02  9.2881E+00  9.9675E+02  0.000E+00  2.860E-01
4.633924E+00  7.72630E+01  1.9216E+01  8.4219E+02  8.9690E+00  8.5116E+02  0.000E+00  2.676E-01
4.953664E+00  7.79592E+01  1.7490E+01  7.1707E+02  8.6398E+00  7.2571E+02  0.000E+00  2.503E-01
5.295467E+00  7.87656E+01  1.5810E+01  6.0636E+02  8.3027E+00  6.1466E+02  0.000E+00  2.341E-01
5.660855E+00  7.90397E+01  1.4268E+01  5.1187E+02  7.9600E+00  5.1983E+02  0.000E+00  2.190E-01
6.051453E+00  7.91701E+01  1.2895E+01  4.3275E+02  7.6136E+00  4.4036E+02  0.000E+00  2.049E-01
6.469004E+00  7.92972E+01  1.1651E+01  3.6577E+02  7.2655E+00  3.7304E+02  0.000E+00  1.917E-01
6.915365E+00  7.92468E+01  1.0540E+01  3.0955E+02  6.9177E+00  3.1647E+02  0.000E+00  1.793E-01
7.392525E+00  7.91802E+01  9.5449E+00  2.6222E+02  6.5719E+00  2.6879E+02  0.000E+00  1.677E-01
7.902609E+00  7.90416E+01  8.6478E+00  2.2224E+02  6.2297E+00  2.2847E+02  0.000E+00  1.569E-01
8.447890E+00  7.88433E+01  7.8357E+00  1.8837E+02  5.8926E+00  1.9426E+02  0.000E+00  1.468E-01
9.030794E+00  7.86366E+01  7.0842E+00  1.5931E+02  5.5620E+00  1.6487E+02  0.000E+00  1.373E-01
9.653919E+00  7.82954E+01  6.3370E+00  1.3331E+02  5.2391E+00  1.3855E+02  0.000E+00  1.284E-01
1.032004E+01  7.78206E+01  5.6779E+00  1.1174E+02  4.9249E+00  1.1666E+02  0.000E+00  1.201E-01
1.103212E+01  7.71762E+01  5.0898E+00  9.3698E+01  4.6203E+00  9.8318E+01  0.000E+00  1.124E-01
1.179334E+01  7.61947E+01  4.5557E+00  7.8453E+01  4.3262E+00  8.2779E+01  0.000E+00  1.051E-01
1.260708E+01  7.40992E+01  4.0822E+00  6.5761E+01  4.0431E+00  6.9804E+01  0.000E+00  9.834E-02
1.277450E+01  7.31416E+01  3.9953E+00  6.3517E+01  3.9884E+00  6.7505E+01  0.000E+00  9.706E-02
1.297002E+01  7.04638E+01  3.8979E+00  6.1034E+01  3.9261E+00  6.4960E+01  0.000E+00  9.559E-02
1.302216E+01  6.73245E+01  3.8726E+00  6.0396E+01  3.9097E+00  6.4306E+01  0.000E+00  9.521E-02
1.310038E+01  7.04488E+01  9.9729E+00  1.5461E+02  3.8854E+00  1.5850E+02  0.000E+00  9.464E-02
1.329590E+01  7.32095E+01  9.7275E+00  1.4858E+02  3.8256E+00  1.5241E+02  0.000E+00  9.325E-02
1.347697E+01  7.42235E+01  9.5058E+00  1.4325E+02  3.7715E+00  1.4702E+02  0.000E+00  9.200E-02
1.440688E+01  7.57933E+01  8.4714E+00  1.1942E+02  3.5118E+00  1.2293E+02  0.000E+00  8.606E-02
1.489600E+01  7.53700E+01  7.9928E+00  1.0897E+02  3.3864E+00  1.1236E+02  0.000E+00  8.323E-02
1.512400E+01  7.41555E+01  7.7840E+00  1.0453E+02  3.3304E+00  1.0786E+02  0.000E+00  8.198E-02
1.518480E+01  7.25905E+01  7.7297E+00  1.0338E+02  3.3157E+00  1.0670E+02  0.000E+00  8.165E-02
1.527600E+01  7.42010E+01  1.0761E+01  1.4307E+02  3.2939E+00  1.4636E+02  0.000E+00  8.116E-02
1.540095E+01  7.51978E+01  1.0613E+01  1.3996E+02  3.2643E+00  1.4322E+02  0.000E+00  8.050E-02
1.550400E+01  7.55924E+01  1.0493E+01  1.3745E+02  3.2402E+00  1.4069E+02  0.000E+00  7.997E-02
1.554358E+01  7.56951E+01  1.0447E+01  1.3651E+02  3.2311E+00  1.3974E+02  0.000E+00  7.977E-02
1.578150E+01  7.57392E+01  1.0180E+01  1.3100E+02  3.1768E+00  1.3418E+02  0.000E+00  7.856E-02
1.584494E+01  7.50825E+01  1.0110E+01  1.2958E+02  3.1626E+00  1.3274E+02  0.000E+00  7.825E-02
1.594010E+01  7.60919E+01  1.1594E+01  1.4771E+02  3.1415E+00  1.5085E+02  0.000E+00  7.778E-02
1.617802E+01  7.72456E+01  1.1331E+01  1.4224E+02  3.0896E+00  1.4533E+02  0.000E+00  7.664E-02
1.646362E+01  7.80037E+01  1.1029E+01  1.3605E+02  3.0291E+00  1.3908E+02  0.000E+00  7.531E-02
1.759961E+01  7.96648E+01  9.9294E+00  1.1458E+02  2.8063E+00  1.1739E+02  0.000E+00  7.045E-02
1.881398E+01  8.05990E+01  8.9312E+00  9.6409E+01  2.5957E+00  9.9005E+01  0.000E+00  6.590E-02
2.011215E+01  8.12072E+01  8.0330E+00  8.1116E+01  2.3974E+00  8.3513E+01  0.000E+00  6.165E-02
2.149988E+01  8.16163E+01  7.2192E+00  6.8193E+01  2.2110E+00  7.0404E+01  0.000E+00  5.767E-02
2.298338E+01  8.18914E+01  6.4893E+00  5.7342E+01  2.0364E+00  5.9378E+01  0.000E+00  5.395E-02
2.456923E+01  8.20773E+01  5.8363E+00  4.8243E+01  1.8732E+00  5.0116E+01  0.000E+00  5.046E-02
2.626450E+01  8.22675E+01  5.2514E+00  4.0607E+01  1.7210E+00  4.2328E+01  0.000E+00  4.721E-02
2.807676E+01  8.23534E+01  4.6894E+00  3.3920E+01  1.5794E+00  3.5499E+01  0.000E+00  4.416E-02
3.001405E+01  8.23744E+01  4.1819E+00  2.8297E+01  1.4480E+00  2.9745E+01  0.000E+00  4.131E-02
3.208502E+01  8.24220E+01  3.7254E+00  2.3581E+01  1.3263E+00  2.4907E+01  0.000E+00  3.864E-02
3.429889E+01  8.23775E+01  3.3123E+00  1.9613E+01  1.2140E+00  2.0827E+01  0.000E+00  3.615E-02
3.666551E+01  8.23113E+01  2.9473E+00  1.6325E+01  1.1104E+00  1.7435E+01  0.000E+00  3.381E-02
3.919543E+01  8.22314E+01  2.6246E+00  1.3600E+01  1.0151E+00  1.4615E+01  0.000E+00  3.163E-02
4.189992E+01  8.21424E+01  2.3390E+00  1.1337E+01  9.2757E-01  1.2265E+01  0.000E+00  2.959E-02
4.479101E+01  8.20471E+01  2.0861E+00  9.4586E+00  8.4740E-01  1.0306E+01  0.000E+00  2.768E-02
4.788159E+01  8.19471E+01  1.8619E+00  7.8974E+00  7.7408E-01  8.6715E+00  0.000E+00  2.589E-02
5.118542E+01  8.18428E+01  1.6631E+00  6.5988E+00  7.0714E-01  7.3059E+00  0.000E+00  2.422E-02
5.471721E+01  8.17338E+01  1.4866E+00  5.5177E+00  6.4614E-01  6.1638E+00  0.000E+00  2.266E-02
5.849270E+01  8.16181E+01  1.3280E+00  4.6109E+00  5.9063E-01  5.2015E+00  0.000E+00  2.120E-02
6.252870E+01  8.14905E+01  1.1860E+00  3.8521E+00  5.4020E-01  4.3923E+00  0.000E+00  1.983E-02
6.684318E+01  8.13447E+01  1.0596E+00  3.2195E+00  4.9445E-01  3.7140E+00  0.000E+00  1.855E-02
7.145536E+01  8.11664E+01  9.4428E-01  2.6838E+00  4.5300E-01  3.1368E+00  0.000E+00  1.735E-02
7.638578E+01  8.09221E+01  8.4086E-01  2.2356E+00  4.1549E-01  2.6511E+00  0.000E+00  1.623E-02
8.165640E+01  8.05139E+01  7.4709E-01  1.8581E+00  3.8158E-01  2.2397E+00  0.000E+00  1.518E-02
8.624441E+01  7.96017E+01  6.7514E-01  1.5898E+00  3.5627E-01  1.9461E+00  0.000E+00  1.438E-02
8.729069E+01  7.89273E+01  6.6026E-01  1.5362E+00  3.5096E-01  1.8872E+00  0.000E+00  1.420E-02
8.756448E+01  7.85581E+01  6.5646E-01  1.5225E+00  3.4960E-01  1.8721E+00  0.000E+00  1.416E-02
8.791650E+01  7.73094E+01  6.5162E-01  1.5053E+00  3.4787E-01  1.8532E+00  0.000E+00  1.410E-02
8.844452E+01  7.86113E+01  3.1021E+00  7.1232E+00  3.4530E-01  7.4685E+00  5.643E+00  1.402E-02
8.976459E+01  7.97499E+01  3.0313E+00  6.8582E+00  3.3904E-01  7.1972E+00  5.439E+00  1.381E-02
9.331374E+01  8.06837E+01  2.8524E+00  6.2080E+00  3.2333E-01  6.5313E+00  4.937E+00  1.329E-02
9.975239E+01  8.13428E+01  2.5665E+00  5.2253E+00  2.9841E-01  5.5237E+00  4.173E+00  1.243E-02
1.066353E+02  8.16907E+01  2.3054E+00  4.3907E+00  2.7595E-01  4.6666E+00  3.519E+00  1.163E-02
1.139931E+02  8.19070E+01  2.0695E+00  3.6871E+00  2.5571E-01  3.9428E+00  2.964E+00  1.088E-02
1.218587E+02  8.20504E+01  1.8573E+00  3.0954E+00  2.3746E-01  3.3329E+00  2.496E+00  1.017E-02
1.302669E+02  8.21481E+01  1.6646E+00  2.5951E+00  2.2101E-01  2.8161E+00  2.097E+00  9.518E-03
1.392553E+02  8.22125E+01  1.4907E+00  2.1741E+00  2.0618E-01  2.3803E+00  1.761E+00  8.903E-03
1.488640E+02  8.22539E+01  1.3349E+00  1.8212E+00  1.9279E-01  2.0140E+00  1.478E+00  8.329E-03
1.591356E+02  8.22790E+01  1.1954E+00  1.5256E+00  1.8069E-01  1.7063E+00  1.240E+00  7.791E-03
1.701159E+02  8.22923E+01  1.0706E+00  1.2781E+00  1.6974E-01  1.4478E+00  1.040E+00  7.288E-03
1.818539E+02  8.22972E+01  9.5890E-01  1.0709E+00  1.5982E-01  1.2307E+00  8.728E-01  6.818E-03
1.944018E+02  8.22958E+01  8.5844E-01  8.9680E-01  1.5081E-01  1.0476E+00  7.317E-01  6.378E-03
2.078156E+02  8.22896E+01  7.6852E-01  7.5105E-01  1.4260E-01  8.9365E-01  6.134E-01  5.966E-03
2.221548E+02  8.22802E+01  6.8810E-01  6.2905E-01  1.3511E-01  7.6416E-01  5.142E-01  5.581E-03
2.374835E+02  8.22685E+01  6.1616E-01  5.2693E-01  1.2826E-01  6.5519E-01  4.311E-01  5.221E-03
2.538699E+02  8.22554E+01  5.5180E-01  4.4143E-01  1.2196E-01  5.6339E-01  3.614E-01  4.884E-03
2.713869E+02  8.22414E+01  4.9421E-01  3.6984E-01  1.1616E-01  4.8600E-01  3.030E-01  4.569E-03
2.901126E+02  8.22270E+01  4.4267E-01  3.0989E-01  1.1079E-01  4.2068E-01  2.540E-01  4.274E-03
3.101304E+02  8.22125E+01  3.9654E-01  2.5968E-01  1.0580E-01  3.6548E-01  2.129E-01  3.998E-03
3.315294E+02  8.21982E+01  3.5525E-01  2.1762E-01  1.0115E-01  3.1877E-01  1.785E-01  3.740E-03
3.544049E+02  8.21842E+01  3.1829E-01  1.8239E-01  9.6805E-02  2.7920E-01  1.496E-01  3.498E-03
3.788588E+02  8.21707E+01  2.8519E-01  1.5288E-01  9.2719E-02  2.4560E-01  1.254E-01  3.273E-03
4.050001E+02  8.21578E+01  2.5556E-01  1.2815E-01  8.8866E-02  2.1702E-01  1.052E-01  3.061E-03
4.329451E+02  8.21455E+01  2.2902E-01  1.0743E-01  8.5218E-02  1.9265E-01  8.816E-02  2.864E-03
