
   Bi:    Z = 83;   Atomic weight = 208.9804 g/mol ;    nominal density:   [INLINE] = 9.7300E+00 g/cm3
          µa(barns/atom) = µ(cm2/g)  ×  3.47020E+02
          E(eV) µ(cm2/g) = f2(e/atom)  ×  2.01360E+05
          23 edges. Edge energies (keV):
          

  K      9.05259E+01  L I    1.63875E+01  L II   1.57111E+01  L III  1.34186E+01
  M I    3.99910E+00  M II   3.69630E+00  M III  3.17690E+00  M IV   2.68760E+00
  M V    2.57960E+00  N I    9.38200E-01  N II   8.05300E-01  N III  6.78900E-01
  N IV   4.63600E-01  N V    4.40000E-01  N VI   1.61900E-01  N VII  1.57400E-01
  O I    1.59300E-01  O II   1.16800E-01  O III  9.28000E-02  O IV   2.65000E-02
  O V    2.44000E-02  P I    1.42334E-02  P II   6.16991E-03

          Relativistic correction estimate frel (H82,3/5CL) = -1.9618E+00, -1.1484E+00 e/atom
          Nuclear Thomson correction fNT = -1.8084E-02 e/atom
     _________________________________________________________________________________________________________
   
   Form Factors, Attenuation and Scattering Cross-sections
   Z=83, E = 0.001 - 1000 keV

                                                              Attenuation
     E         f1            f2          µ           [INLINE] (coh+inc) Coefficient    µK       wavelength
     keV       e/atom       e/atom      cm2/g       cm2/g      cm2/g          cm2/g        nm

6.046510E-03  1.28464E+00  0.0000E+00  0.0000E+00  1.1814E-05  1.1814E-05  0.000E+00  2.051E+02
6.139059E-03 -1.80675E-01  0.0000E+00  0.0000E+00  1.2814E-05  1.2814E-05  0.000E+00  2.020E+02
6.163738E-03 -1.91459E+00  0.0000E+00  0.0000E+00  1.3092E-05  1.3092E-05  0.000E+00  2.012E+02
6.200758E-03 -1.37486E-01  3.4020E+00  1.1047E+05  1.3516E-05  1.1047E+05  0.000E+00  2.000E+02
6.293306E-03  1.40890E+00  3.3618E+00  1.0756E+05  1.4625E-05  1.0756E+05  0.000E+00  1.970E+02
1.069000E-02  4.97863E+00  2.2826E+00  4.2995E+04  2.0606E-04  4.2995E+04  0.000E+00  1.160E+02
1.142761E-02  4.97869E+00  2.1596E+00  3.8053E+04  2.8085E-04  3.8053E+04  0.000E+00  1.085E+02
1.221612E-02  4.91679E+00  2.0341E+00  3.3528E+04  3.8084E-04  3.3528E+04  0.000E+00  1.015E+02
1.305903E-02  4.76197E+00  1.9063E+00  2.9394E+04  5.1378E-04  2.9394E+04  0.000E+00  9.494E+01
1.396010E-02  4.32198E+00  1.7772E+00  2.5635E+04  6.8961E-04  2.5635E+04  0.000E+00  8.881E+01
1.416222E-02  3.93071E+00  1.7493E+00  2.4872E+04  7.3427E-04  2.4872E+04  0.000E+00  8.755E+01
1.421916E-02  3.46074E+00  1.7415E+00  2.4662E+04  7.4721E-04  2.4662E+04  0.000E+00  8.720E+01
1.430456E-02  3.94974E+00  2.6458E+00  3.7244E+04  7.6692E-04  3.7244E+04  0.000E+00  8.667E+01
1.451806E-02  4.35860E+00  2.5748E+00  3.5711E+04  8.1782E-04  3.5711E+04  0.000E+00  8.540E+01
1.492335E-02  4.57910E+00  2.4480E+00  3.3031E+04  9.2094E-04  3.3031E+04  0.000E+00  8.308E+01
1.595306E-02  4.63786E+00  2.1658E+00  2.7337E+04  1.2237E-03  2.7337E+04  0.000E+00  7.772E+01
1.705382E-02  4.45056E+00  1.9095E+00  2.2546E+04  1.6179E-03  2.2546E+04  0.000E+00  7.270E+01
1.823053E-02  4.09469E+00  1.6789E+00  1.8544E+04  2.1284E-03  1.8544E+04  0.000E+00  6.801E+01
1.948844E-02  3.57158E+00  1.4744E+00  1.5234E+04  2.7862E-03  1.5234E+04  0.000E+00  6.362E+01
2.083314E-02  2.85179E+00  1.2942E+00  1.2509E+04  3.6295E-03  1.2509E+04  0.000E+00  5.951E+01
2.227063E-02  1.84894E+00  1.1360E+00  1.0271E+04  4.7049E-03  1.0271E+04  0.000E+00  5.567E+01
2.380730E-02  2.79116E-01  9.9700E-01  8.4326E+03  6.0695E-03  8.4326E+03  0.000E+00  5.208E+01
2.391200E-02  1.27349E-01  9.8848E-01  8.3239E+03  6.1709E-03  8.3239E+03  0.000E+00  5.185E+01
2.427800E-02 -6.05839E-01  9.5954E-01  7.9584E+03  6.5344E-03  7.9584E+03  0.000E+00  5.107E+01
2.437560E-02 -1.10786E+00  9.5204E-01  7.8645E+03  6.6336E-03  7.8645E+03  0.000E+00  5.086E+01
2.452200E-02 -9.40591E-01  1.7065E+00  1.4012E+04  6.7843E-03  1.4012E+04  0.000E+00  5.056E+01
2.488800E-02 -1.08707E+00  1.8034E+00  1.4591E+04  7.1709E-03  1.4591E+04  0.000E+00  4.982E+01
2.545001E-02 -1.64041E+00  1.9899E+00  1.5744E+04  7.7921E-03  1.5744E+04  0.000E+00  4.872E+01
2.597000E-02 -2.28637E+00  2.2093E+00  1.7130E+04  8.3972E-03  1.7130E+04  0.000E+00  4.774E+01
2.636750E-02 -2.93846E+00  2.4120E+00  1.8420E+04  8.8797E-03  1.8420E+04  0.000E+00  4.702E+01
2.647350E-02 -3.27904E+00  2.4718E+00  1.8801E+04  9.0114E-03  1.8801E+04  0.000E+00  4.683E+01
2.663250E-02 -3.29644E+00  2.9799E+00  2.2530E+04  9.2112E-03  2.2530E+04  0.000E+00  4.655E+01
2.703000E-02 -3.63457E+00  3.3173E+00  2.4712E+04  9.7233E-03  2.4712E+04  0.000E+00  4.587E+01
2.720606E-02 -3.82014E+00  3.4805E+00  2.5760E+04  9.9558E-03  2.5760E+04  0.000E+00  4.557E+01
2.908327E-02 -5.89222E+00  5.7491E+00  3.9804E+04  1.2660E-02  3.9804E+04  0.000E+00  4.263E+01
3.109002E-02 -7.62257E+00  9.2212E+00  5.9723E+04  1.6022E-02  5.9723E+04  0.000E+00  3.988E+01
3.323523E-02 -8.35979E+00  1.3756E+01  8.3345E+04  2.0182E-02  8.3345E+04  0.000E+00  3.731E+01
3.552846E-02 -7.57550E+00  1.8920E+01  1.0723E+05  2.5304E-02  1.0723E+05  0.000E+00  3.490E+01
3.797993E-02 -5.00556E+00  2.4015E+01  1.2732E+05  3.1579E-02  1.2732E+05  0.000E+00  3.264E+01
4.060054E-02 -7.72435E-01  2.8271E+01  1.4021E+05  3.9228E-02  1.4021E+05  0.000E+00  3.054E+01
4.340198E-02  4.64125E+00  3.1078E+01  1.4419E+05  4.8507E-02  1.4419E+05  0.000E+00  2.857E+01
4.639671E-02  1.05467E+01  3.2139E+01  1.3948E+05  5.9707E-02  1.3948E+05  0.000E+00  2.672E+01
4.959809E-02  1.62480E+01  3.1504E+01  1.2790E+05  7.3162E-02  1.2790E+05  0.000E+00  2.500E+01
5.302035E-02  2.12033E+01  2.9491E+01  1.1200E+05  8.9247E-02  1.1200E+05  0.000E+00  2.338E+01
5.667876E-02  2.51009E+01  2.6556E+01  9.4344E+04  1.0838E-01  9.4344E+04  0.000E+00  2.187E+01
6.058959E-02  2.78531E+01  2.3160E+01  7.6968E+04  1.3104E-01  7.6968E+04  0.000E+00  2.046E+01
6.477028E-02  2.95388E+01  1.9688E+01  6.1207E+04  1.5773E-01  6.1207E+04  0.000E+00  1.914E+01
6.923942E-02  3.03295E+01  1.6411E+01  4.7726E+04  1.8903E-01  4.7726E+04  0.000E+00  1.791E+01
7.401695E-02  3.04572E+01  1.3486E+01  3.6688E+04  2.2556E-01  3.6688E+04  0.000E+00  1.675E+01
7.912411E-02  3.00351E+01  1.0980E+01  2.7942E+04  2.6799E-01  2.7942E+04  0.000E+00  1.567E+01
8.458368E-02  2.92314E+01  8.8954E+00  2.1176E+04  3.1704E-01  2.1176E+04  0.000E+00  1.466E+01
9.041995E-02  2.78160E+01  7.1994E+00  1.6033E+04  3.7347E-01  1.6033E+04  0.000E+00  1.371E+01
9.094400E-02  2.76060E+01  7.0692E+00  1.5652E+04  3.7874E-01  1.5652E+04  0.000E+00  1.363E+01
9.233600E-02  2.66090E+01  6.7387E+00  1.4695E+04  3.9286E-01  1.4695E+04  0.000E+00  1.343E+01
9.270720E-02  2.55780E+01  6.6542E+00  1.4453E+04  3.9666E-01  1.4453E+04  0.000E+00  1.337E+01
9.326400E-02  2.65515E+01  8.4652E+00  1.8277E+04  4.0240E-01  1.8277E+04  0.000E+00  1.329E+01
9.465600E-02  2.72752E+01  8.0859E+00  1.7201E+04  4.1688E-01  1.7201E+04  0.000E+00  1.310E+01
9.665893E-02  2.74823E+01  7.5808E+00  1.5792E+04  4.3809E-01  1.5792E+04  0.000E+00  1.283E+01
1.033284E-01  2.71254E+01  6.1948E+00  1.2072E+04  5.1173E-01  1.2073E+04  0.000E+00  1.200E+01
1.104581E-01  2.62374E+01  5.1249E+00  9.3424E+03  5.9527E-01  9.3430E+03  0.000E+00  1.122E+01
1.144640E-01  2.54904E+01  4.6628E+00  8.2025E+03  6.4422E-01  8.2031E+03  0.000E+00  1.083E+01
1.162160E-01  2.47960E+01  4.4852E+00  7.7712E+03  6.6607E-01  7.7719E+03  0.000E+00  1.067E+01
1.166832E-01  2.41212E+01  4.4401E+00  7.6623E+03  6.7193E-01  7.6630E+03  0.000E+00  1.063E+01
1.173840E-01  2.47170E+01  5.6135E+00  9.6294E+03  6.8077E-01  9.6301E+03  0.000E+00  1.056E+01
1.180797E-01  2.49747E+01  5.5334E+00  9.4361E+03  6.8958E-01  9.4368E+03  0.000E+00  1.050E+01
1.191360E-01  2.51250E+01  5.4159E+00  9.1539E+03  7.0303E-01  9.1546E+03  0.000E+00  1.041E+01
1.262272E-01  2.50157E+01  4.7387E+00  7.5593E+03  7.9555E-01  7.5601E+03  0.000E+00  9.822E+00
1.349368E-01  2.44093E+01  4.1073E+00  6.1292E+03  9.1406E-01  6.1301E+03  0.000E+00  9.188E+00
1.442475E-01  2.35910E+01  3.5964E+00  5.0203E+03  1.0460E+00  5.0213E+03  0.000E+00  8.595E+00
1.542005E-01  2.24846E+01  3.1864E+00  4.1609E+03  1.1921E+00  4.1621E+03  0.000E+00  8.040E+00
1.542520E-01  2.24774E+01  3.1846E+00  4.1572E+03  1.1929E+00  4.1584E+03  0.000E+00  8.038E+00
1.561140E-01  2.21808E+01  3.1203E+00  4.0247E+03  1.2208E+00  4.0259E+03  0.000E+00  7.942E+00
1.566130E-01  2.20759E+01  3.1036E+00  3.9904E+03  1.2283E+00  3.9916E+03  0.000E+00  7.917E+00
1.572426E-01  2.18580E+01  3.0830E+00  3.9480E+03  1.2378E+00  3.9492E+03  0.000E+00  7.885E+00
1.581870E-01  2.18413E+01  3.3158E+00  4.2208E+03  1.2520E+00  4.2221E+03  0.000E+00  7.838E+00
1.586620E-01  2.17964E+01  3.3071E+00  4.1971E+03  1.2592E+00  4.1984E+03  0.000E+00  7.814E+00
1.591407E-01  2.17049E+01  3.2986E+00  4.1737E+03  1.2664E+00  4.1750E+03  0.000E+00  7.791E+00
1.600965E-01  2.16729E+01  3.4080E+00  4.2863E+03  1.2809E+00  4.2876E+03  0.000E+00  7.744E+00
1.605480E-01  2.16360E+01  3.4013E+00  4.2660E+03  1.2877E+00  4.2673E+03  0.000E+00  7.723E+00
1.610905E-01  2.15720E+01  3.3937E+00  4.2421E+03  1.2960E+00  4.2434E+03  0.000E+00  7.697E+00
1.617381E-01  2.14279E+01  3.3853E+00  4.2146E+03  1.3059E+00  4.2159E+03  0.000E+00  7.666E+00
1.624860E-01  2.14394E+01  3.5669E+00  4.4203E+03  1.3173E+00  4.4216E+03  0.000E+00  7.630E+00
1.627095E-01  2.14392E+01  3.5665E+00  4.4137E+03  1.3207E+00  4.4150E+03  0.000E+00  7.620E+00
1.648404E-01  2.13246E+01  3.5670E+00  4.3573E+03  1.3533E+00  4.3587E+03  0.000E+00  7.521E+00
1.651380E-01  2.13028E+01  3.5678E+00  4.3504E+03  1.3579E+00  4.3518E+03  0.000E+00  7.508E+00
1.762144E-01  2.03011E+01  3.7195E+00  4.2503E+03  1.5302E+00  4.2518E+03  0.000E+00  7.036E+00
1.883732E-01  1.91101E+01  4.1589E+00  4.4456E+03  1.7234E+00  4.4473E+03  0.000E+00  6.582E+00
2.013709E-01  1.78619E+01  4.9263E+00  4.9261E+03  1.9334E+00  4.9280E+03  0.000E+00  6.157E+00
2.152655E-01  1.66344E+01  6.0678E+00  5.6758E+03  2.1607E+00  5.6780E+03  0.000E+00  5.760E+00
2.301188E-01  1.55253E+01  7.6096E+00  6.6586E+03  2.4054E+00  6.6610E+03  0.000E+00  5.388E+00
2.459970E-01  1.46470E+01  9.5459E+00  7.8138E+03  2.6676E+00  7.8165E+03  0.000E+00  5.040E+00
2.629708E-01  1.41138E+01  1.1830E+01  9.0586E+03  2.9472E+00  9.0615E+03  0.000E+00  4.715E+00
2.811158E-01  1.40267E+01  1.4375E+01  1.0297E+04  3.2439E+00  1.0300E+04  0.000E+00  4.410E+00
3.005128E-01  1.44493E+01  1.7058E+01  1.1430E+04  3.5572E+00  1.1434E+04  0.000E+00  4.126E+00
3.212482E-01  1.54066E+01  1.9738E+01  1.2372E+04  3.8864E+00  1.2376E+04  0.000E+00  3.859E+00
3.434143E-01  1.68702E+01  2.2267E+01  1.3056E+04  4.2304E+00  1.3060E+04  0.000E+00  3.610E+00
3.671099E-01  1.87560E+01  2.4511E+01  1.3444E+04  4.5883E+00  1.3449E+04  0.000E+00  3.377E+00
3.924405E-01  2.09220E+01  2.6362E+01  1.3526E+04  4.9585E+00  1.3531E+04  0.000E+00  3.159E+00
4.195189E-01  2.30901E+01  2.7747E+01  1.3318E+04  5.3394E+00  1.3323E+04  0.000E+00  2.955E+00
4.312000E-01  2.37719E+01  2.8172E+01  1.3156E+04  5.4989E+00  1.3162E+04  0.000E+00  2.875E+00
4.378000E-01  2.37625E+01  2.8370E+01  1.3048E+04  5.5877E+00  1.3054E+04  0.000E+00  2.832E+00
4.395600E-01  2.32706E+01  2.8418E+01  1.3018E+04  5.6112E+00  1.3024E+04  0.000E+00  2.821E+00
4.422000E-01  2.40733E+01  2.9716E+01  1.3531E+04  5.6464E+00  1.3537E+04  0.000E+00  2.804E+00
4.484657E-01  2.50378E+01  2.9921E+01  1.3434E+04  5.7292E+00  1.3440E+04  0.000E+00  2.765E+00
4.488000E-01  2.50758E+01  2.9931E+01  1.3429E+04  5.7336E+00  1.3435E+04  0.000E+00  2.763E+00
4.543280E-01  2.56187E+01  3.0093E+01  1.3337E+04  5.8060E+00  1.3343E+04  0.000E+00  2.729E+00
4.612820E-01  2.60072E+01  3.0274E+01  1.3215E+04  5.8960E+00  1.3221E+04  0.000E+00  2.688E+00
4.631364E-01  2.57858E+01  3.0319E+01  1.3182E+04  5.9199E+00  1.3188E+04  0.000E+00  2.677E+00
4.659180E-01  2.64552E+01  3.1184E+01  1.3477E+04  5.9555E+00  1.3483E+04  0.000E+00  2.661E+00
4.728720E-01  2.74852E+01  3.1369E+01  1.3358E+04  6.0438E+00  1.3364E+04  0.000E+00  2.622E+00
4.794098E-01  2.82360E+01  3.1525E+01  1.3241E+04  6.1259E+00  1.3247E+04  0.000E+00  2.586E+00
5.124891E-01  3.15026E+01  3.2053E+01  1.2594E+04  6.5273E+00  1.2601E+04  0.000E+00  2.419E+00
5.478508E-01  3.45283E+01  3.2172E+01  1.1825E+04  6.9309E+00  1.1832E+04  0.000E+00  2.263E+00
5.856525E-01  3.73187E+01  3.1907E+01  1.0970E+04  7.3344E+00  1.0977E+04  0.000E+00  2.117E+00
6.260625E-01  3.97560E+01  3.1325E+01  1.0075E+04  7.7349E+00  1.0083E+04  0.000E+00  1.980E+00
6.653220E-01  4.12563E+01  3.0575E+01  9.2537E+03  8.0953E+00  9.2618E+03  0.000E+00  1.864E+00
6.692609E-01  4.12625E+01  3.0493E+01  9.1744E+03  8.1299E+00  9.1825E+03  0.000E+00  1.853E+00
6.755055E-01  4.09626E+01  3.0360E+01  9.0500E+03  8.1843E+00  9.0582E+03  0.000E+00  1.835E+00
6.782211E-01  4.01316E+01  3.0302E+01  8.9964E+03  8.2078E+00  9.0046E+03  0.000E+00  1.828E+00
6.822945E-01  4.13099E+01  3.2111E+01  9.4767E+03  8.2427E+00  9.4849E+03  0.000E+00  1.817E+00
6.924780E-01  4.26536E+01  3.1895E+01  9.2744E+03  8.3288E+00  9.2827E+03  0.000E+00  1.790E+00
7.154399E-01  4.43295E+01  3.1398E+01  8.8370E+03  8.5166E+00  8.8455E+03  0.000E+00  1.733E+00
7.648052E-01  4.68915E+01  3.0271E+01  7.9697E+03  8.8923E+00  7.9786E+03  0.000E+00  1.621E+00
7.891940E-01  4.78527E+01  2.9669E+01  7.5699E+03  9.0644E+00  7.5790E+03  0.000E+00  1.571E+00
8.012735E-01  4.81600E+01  2.9358E+01  7.3776E+03  9.1465E+00  7.3867E+03  0.000E+00  1.547E+00
8.044947E-01  4.80771E+01  2.9275E+01  7.3273E+03  9.1680E+00  7.3365E+03  0.000E+00  1.541E+00
8.093265E-01  4.84646E+01  2.9556E+01  7.3535E+03  9.2001E+00  7.3627E+03  0.000E+00  1.532E+00
8.175768E-01  4.89088E+01  2.9350E+01  7.2285E+03  9.2541E+00  7.2378E+03  0.000E+00  1.516E+00
8.214060E-01  4.90796E+01  2.9255E+01  7.1715E+03  9.2788E+00  7.1808E+03  0.000E+00  1.509E+00
8.739896E-01  5.09056E+01  2.7990E+01  6.4488E+03  9.5993E+00  6.4584E+03  0.000E+00  1.419E+00
9.194360E-01  5.20323E+01  2.6977E+01  5.9080E+03  9.8490E+00  5.9178E+03  0.000E+00  1.348E+00
9.342948E-01  5.21610E+01  2.6663E+01  5.7464E+03  9.9255E+00  5.7563E+03  0.000E+00  1.327E+00
9.372618E-01  5.19936E+01  2.6601E+01  5.7149E+03  9.9404E+00  5.7248E+03  0.000E+00  1.323E+00
9.428910E-01  5.24160E+01  2.7026E+01  5.7715E+03  9.9686E+00  5.7815E+03  0.000E+00  1.315E+00
9.569640E-01  5.30146E+01  2.6745E+01  5.6276E+03  1.0038E+01  5.6376E+03  0.000E+00  1.296E+00
9.987612E-01  5.42915E+01  2.5959E+01  5.2337E+03  1.0230E+01  5.2439E+03  0.000E+00  1.241E+00
1.067676E+00  5.57658E+01  2.3982E+01  4.5230E+03  1.0511E+01  4.5335E+03  0.000E+00  1.161E+00
1.141345E+00  5.66852E+01  2.2193E+01  3.9154E+03  1.0765E+01  3.9262E+03  0.000E+00  1.086E+00
1.220098E+00  5.72860E+01  2.0563E+01  3.3936E+03  1.0992E+01  3.4046E+03  0.000E+00  1.016E+00
1.304285E+00  5.76408E+01  1.9095E+01  2.9480E+03  1.1189E+01  2.9592E+03  0.000E+00  9.506E-01
1.394281E+00  5.78244E+01  1.7769E+01  2.5662E+03  1.1355E+01  2.5776E+03  0.000E+00  8.892E-01
1.490486E+00  5.78064E+01  1.6564E+01  2.2377E+03  1.1489E+01  2.2492E+03  0.000E+00  8.318E-01
1.593329E+00  5.76088E+01  1.5475E+01  1.9556E+03  1.1589E+01  1.9672E+03  0.000E+00  7.781E-01
1.703269E+00  5.72133E+01  1.4483E+01  1.7122E+03  1.1657E+01  1.7239E+03  0.000E+00  7.279E-01
1.820795E+00  5.65660E+01  1.3519E+01  1.4951E+03  1.1690E+01  1.5068E+03  0.000E+00  6.809E-01
1.946430E+00  5.54761E+01  1.2527E+01  1.2959E+03  1.1690E+01  1.3076E+03  0.000E+00  6.370E-01
2.080733E+00  5.36738E+01  1.1606E+01  1.1231E+03  1.1656E+01  1.1348E+03  0.000E+00  5.959E-01
2.224304E+00  5.05885E+01  1.0770E+01  9.7495E+02  1.1590E+01  9.8654E+02  0.000E+00  5.574E-01
2.377781E+00  4.42806E+01  1.0008E+01  8.4750E+02  1.1492E+01  8.5899E+02  0.000E+00  5.214E-01
2.528008E+00  2.29257E+01  9.3687E+00  7.4623E+02  1.1374E+01  7.5760E+02  0.000E+00  4.904E-01
2.541848E+00  1.67324E+01  9.3143E+00  7.3786E+02  1.1363E+01  7.4922E+02  0.000E+00  4.878E-01
2.566702E+00 -8.26706E+00  9.2184E+00  7.2319E+02  1.1342E+01  7.3453E+02  0.000E+00  4.830E-01
2.577020E+00 -5.55387E+01  9.1793E+00  7.1724E+02  1.1333E+01  7.2857E+02  0.000E+00  4.811E-01
2.592498E+00  1.73968E+01  1.0173E+02  7.9014E+03  1.1319E+01  7.9127E+03  0.000E+00  4.782E-01
2.631192E+00  5.73359E+01  5.9103E+01  4.5230E+03  1.1284E+01  4.5343E+03  0.000E+00  4.712E-01
2.633848E+00  5.75963E+01  5.7041E+01  4.3608E+03  1.1282E+01  4.3721E+03  0.000E+00  4.707E-01
2.674162E+00  4.02718E+01  3.4444E+01  2.5936E+03  1.1245E+01  2.6048E+03  0.000E+00  4.636E-01
2.684912E+00  7.82514E+00  3.0484E+01  2.2862E+03  1.1235E+01  2.2974E+03  0.000E+00  4.618E-01
2.701038E+00  5.55292E+01  8.7989E+01  6.5595E+03  1.1220E+01  6.5707E+03  0.000E+00  4.590E-01
2.717235E+00  7.27322E+01  7.1938E+01  5.3309E+03  1.1205E+01  5.3421E+03  0.000E+00  4.563E-01
2.741352E+00  8.00429E+01  5.5463E+01  4.0739E+03  1.1182E+01  4.0851E+03  0.000E+00  4.523E-01
2.904724E+00  6.63686E+01  2.9219E+01  2.0255E+03  1.1019E+01  2.0365E+03  0.000E+00  4.268E-01
3.105150E+00  6.54673E+01  2.9921E+01  1.9403E+03  1.0807E+01  1.9511E+03  0.000E+00  3.993E-01
3.113362E+00  6.54604E+01  2.9875E+01  1.9322E+03  1.0799E+01  1.9430E+03  0.000E+00  3.982E-01
3.161015E+00  6.44773E+01  2.9452E+01  1.8761E+03  1.0747E+01  1.8868E+03  0.000E+00  3.922E-01
3.173723E+00  6.23221E+01  2.9293E+01  1.8585E+03  1.0733E+01  1.8692E+03  0.000E+00  3.907E-01
3.192784E+00  6.51817E+01  3.3794E+01  2.1313E+03  1.0712E+01  2.1420E+03  0.000E+00  3.883E-01
3.240438E+00  6.83072E+01  3.2848E+01  2.0411E+03  1.0660E+01  2.0518E+03  0.000E+00  3.826E-01
3.319406E+00  7.07145E+01  3.0981E+01  1.8793E+03  1.0572E+01  1.8899E+03  0.000E+00  3.735E-01
3.548445E+00  7.27368E+01  2.6688E+01  1.5144E+03  1.0315E+01  1.5247E+03  0.000E+00  3.494E-01
3.622374E+00  7.27982E+01  2.5811E+01  1.4348E+03  1.0231E+01  1.4450E+03  0.000E+00  3.423E-01
3.677819E+00  7.23340E+01  2.5191E+01  1.3792E+03  1.0168E+01  1.3894E+03  0.000E+00  3.371E-01
3.692604E+00  7.15008E+01  2.5031E+01  1.3650E+03  1.0152E+01  1.3752E+03  0.000E+00  3.358E-01
3.714782E+00  7.25342E+01  2.6575E+01  1.4405E+03  1.0126E+01  1.4506E+03  0.000E+00  3.338E-01
3.770226E+00  7.35950E+01  2.5931E+01  1.3849E+03  1.0064E+01  1.3950E+03  0.000E+00  3.289E-01
3.793288E+00  7.38401E+01  2.5671E+01  1.3627E+03  1.0038E+01  1.3727E+03  0.000E+00  3.269E-01
3.919118E+00  7.45558E+01  2.4360E+01  1.2516E+03  9.8957E+00  1.2615E+03  0.000E+00  3.164E-01
3.979104E+00  7.44575E+01  2.3807E+01  1.2047E+03  9.8283E+00  1.2145E+03  0.000E+00  3.116E-01
3.995101E+00  7.40108E+01  2.3664E+01  1.1927E+03  9.8103E+00  1.2025E+03  0.000E+00  3.103E-01
4.019095E+00  7.46703E+01  2.4500E+01  1.2275E+03  9.7835E+00  1.2373E+03  0.000E+00  3.085E-01
4.055024E+00  7.51982E+01  2.4192E+01  1.2013E+03  9.7433E+00  1.2110E+03  0.000E+00  3.058E-01
4.079082E+00  7.54358E+01  2.3991E+01  1.1843E+03  9.7164E+00  1.1940E+03  0.000E+00  3.040E-01
4.334821E+00  7.69398E+01  2.2001E+01  1.0220E+03  9.4338E+00  1.0314E+03  0.000E+00  2.860E-01
4.633924E+00  7.79688E+01  2.0042E+01  8.7091E+02  9.1114E+00  8.8002E+02  0.000E+00  2.676E-01
4.953664E+00  7.87429E+01  1.8262E+01  7.4232E+02  8.7786E+00  7.5110E+02  0.000E+00  2.503E-01
5.295467E+00  7.94993E+01  1.6583E+01  6.3058E+02  8.4375E+00  6.3902E+02  0.000E+00  2.341E-01
5.660855E+00  7.99893E+01  1.4972E+01  5.3258E+02  8.0904E+00  5.4067E+02  0.000E+00  2.190E-01
6.051453E+00  8.01751E+01  1.3524E+01  4.5001E+02  7.7393E+00  4.5775E+02  0.000E+00  2.049E-01
6.469004E+00  8.03390E+01  1.2228E+01  3.8062E+02  7.3864E+00  3.8801E+02  0.000E+00  1.917E-01
6.915365E+00  8.03231E+01  1.1056E+01  3.2192E+02  7.0335E+00  3.2895E+02  0.000E+00  1.793E-01
7.392525E+00  8.02398E+01  1.0014E+01  2.7278E+02  6.6825E+00  2.7946E+02  0.000E+00  1.677E-01
7.902609E+00  8.01500E+01  9.0751E+00  2.3123E+02  6.3350E+00  2.3756E+02  0.000E+00  1.569E-01
8.447890E+00  7.99967E+01  8.2299E+00  1.9617E+02  5.9926E+00  2.0216E+02  0.000E+00  1.468E-01
9.030794E+00  7.98266E+01  7.4409E+00  1.6591E+02  5.6566E+00  1.7157E+02  0.000E+00  1.373E-01
9.653919E+00  7.95165E+01  6.6542E+00  1.3879E+02  5.3284E+00  1.4412E+02  0.000E+00  1.284E-01
1.032004E+01  7.90905E+01  5.9606E+00  1.1630E+02  5.0089E+00  1.2131E+02  0.000E+00  1.201E-01
1.103212E+01  7.85285E+01  5.3481E+00  9.7614E+01  4.6992E+00  1.0231E+02  0.000E+00  1.124E-01
1.179334E+01  7.77329E+01  4.7928E+00  8.1833E+01  4.3999E+00  8.6233E+01  0.000E+00  1.051E-01
1.260708E+01  7.63493E+01  4.2946E+00  6.8593E+01  4.1119E+00  7.2705E+01  0.000E+00  9.834E-02
1.315023E+01  7.42164E+01  4.0092E+00  6.1391E+01  3.9358E+00  6.5327E+01  0.000E+00  9.428E-02
1.335151E+01  7.15534E+01  3.9118E+00  5.8995E+01  3.8736E+00  6.2869E+01  0.000E+00  9.286E-02
1.340518E+01  6.84285E+01  3.8865E+00  5.8379E+01  3.8572E+00  6.2236E+01  0.000E+00  9.249E-02
1.347697E+01  7.12647E+01  9.9711E+00  1.4898E+02  3.8356E+00  1.5282E+02  0.000E+00  9.200E-02
1.348569E+01  7.15420E+01  9.9601E+00  1.4872E+02  3.8329E+00  1.5255E+02  0.000E+00  9.194E-02
1.368697E+01  7.42949E+01  9.7124E+00  1.4289E+02  3.7732E+00  1.4666E+02  0.000E+00  9.059E-02
1.440688E+01  7.65928E+01  8.8901E+00  1.2425E+02  3.5713E+00  1.2782E+02  0.000E+00  8.606E-02
1.540095E+01  7.64559E+01  7.9170E+00  1.0351E+02  3.3194E+00  1.0683E+02  0.000E+00  8.050E-02
1.563254E+01  7.52480E+01  7.7141E+00  9.9364E+01  3.2648E+00  1.0263E+02  0.000E+00  7.931E-02
1.569539E+01  7.36894E+01  7.6605E+00  9.8278E+01  3.2502E+00  1.0153E+02  0.000E+00  7.899E-02
1.578966E+01  7.52858E+01  1.0675E+01  1.3614E+02  3.2285E+00  1.3937E+02  0.000E+00  7.852E-02
1.602532E+01  7.66589E+01  1.0413E+01  1.3085E+02  3.1753E+00  1.3403E+02  0.000E+00  7.737E-02
1.605975E+01  7.67446E+01  1.0376E+01  1.3009E+02  3.1677E+00  1.3326E+02  0.000E+00  7.720E-02
1.630556E+01  7.67930E+01  1.0113E+01  1.2488E+02  3.1138E+00  1.2799E+02  0.000E+00  7.604E-02
1.637111E+01  7.61419E+01  1.0044E+01  1.2354E+02  3.0997E+00  1.2664E+02  0.000E+00  7.573E-02
1.646362E+01  7.70952E+01  1.1524E+01  1.4095E+02  3.0800E+00  1.4403E+02  0.000E+00  7.531E-02
1.646944E+01  7.71442E+01  1.1518E+01  1.4082E+02  3.0788E+00  1.4390E+02  0.000E+00  7.528E-02
1.671525E+01  7.82901E+01  1.1259E+01  1.3563E+02  3.0273E+00  1.3866E+02  0.000E+00  7.417E-02
1.759961E+01  8.00284E+01  1.0396E+01  1.1895E+02  2.8532E+00  1.2180E+02  0.000E+00  7.045E-02
1.881398E+01  8.12193E+01  9.3528E+00  1.0010E+02  2.6389E+00  1.0274E+02  0.000E+00  6.590E-02
2.011215E+01  8.19554E+01  8.4136E+00  8.4236E+01  2.4370E+00  8.6673E+01  0.000E+00  6.165E-02
2.149988E+01  8.24469E+01  7.5653E+00  7.0854E+01  2.2473E+00  7.3101E+01  0.000E+00  5.767E-02
2.298338E+01  8.27776E+01  6.8012E+00  5.9586E+01  2.0695E+00  6.1656E+01  0.000E+00  5.395E-02
2.456923E+01  8.30020E+01  6.1175E+00  5.0137E+01  1.9033E+00  5.2040E+01  0.000E+00  5.046E-02
2.626450E+01  8.31578E+01  5.5060E+00  4.2212E+01  1.7484E+00  4.3960E+01  0.000E+00  4.721E-02
2.807676E+01  8.33329E+01  4.9197E+00  3.5283E+01  1.6043E+00  3.6887E+01  0.000E+00  4.416E-02
3.001405E+01  8.33697E+01  4.3877E+00  2.9436E+01  1.4705E+00  3.0906E+01  0.000E+00  4.131E-02
3.208502E+01  8.34019E+01  3.9147E+00  2.4568E+01  1.3467E+00  2.5915E+01  0.000E+00  3.864E-02
3.429889E+01  8.33971E+01  3.4839E+00  2.0453E+01  1.2323E+00  2.1685E+01  0.000E+00  3.615E-02
3.666551E+01  8.33394E+01  3.1000E+00  1.7025E+01  1.1269E+00  1.8152E+01  0.000E+00  3.381E-02
3.919543E+01  8.32653E+01  2.7606E+00  1.4182E+01  1.0299E+00  1.5212E+01  0.000E+00  3.163E-02
4.189992E+01  8.31805E+01  2.4602E+00  1.1823E+01  9.4091E-01  1.2764E+01  0.000E+00  2.959E-02
4.479101E+01  8.30883E+01  2.1941E+00  9.8638E+00  8.5935E-01  1.0723E+01  0.000E+00  2.768E-02
4.788159E+01  8.29909E+01  1.9583E+00  8.2354E+00  7.8476E-01  9.0202E+00  0.000E+00  2.589E-02
5.118542E+01  8.28892E+01  1.7492E+00  6.8811E+00  7.1667E-01  7.5978E+00  0.000E+00  2.422E-02
5.471721E+01  8.27830E+01  1.5635E+00  5.7538E+00  6.5462E-01  6.4084E+00  0.000E+00  2.266E-02
5.849270E+01  8.26715E+01  1.3982E+00  4.8133E+00  5.9818E-01  5.4115E+00  0.000E+00  2.120E-02
6.252870E+01  8.25504E+01  1.2486E+00  4.0207E+00  5.4690E-01  4.5676E+00  0.000E+00  1.983E-02
6.684318E+01  8.24143E+01  1.1160E+00  3.3618E+00  5.0039E-01  3.8622E+00  0.000E+00  1.855E-02
7.145536E+01  8.22538E+01  9.9662E-01  2.8085E+00  4.5825E-01  3.2668E+00  0.000E+00  1.735E-02
7.638578E+01  8.20458E+01  8.8760E-01  2.3398E+00  4.2013E-01  2.7599E+00  0.000E+00  1.623E-02
8.165640E+01  8.17328E+01  7.8887E-01  1.9453E+00  3.8568E-01  2.3310E+00  0.000E+00  1.518E-02
8.729069E+01  8.10362E+01  6.9733E-01  1.6086E+00  3.5457E-01  1.9632E+00  0.000E+00  1.420E-02
8.871538E+01  8.06187E+01  6.7685E-01  1.5363E+00  3.4749E-01  1.8838E+00  0.000E+00  1.398E-02
9.007327E+01  7.95832E+01  6.5820E-01  1.4714E+00  3.4101E-01  1.8124E+00  0.000E+00  1.376E-02
9.043538E+01  7.83443E+01  6.5336E-01  1.4548E+00  3.3932E-01  1.7941E+00  0.000E+00  1.371E-02
9.097853E+01  7.96356E+01  3.0842E+00  6.8261E+00  3.3682E-01  7.1629E+00  5.396E+00  1.363E-02
9.233642E+01  8.07647E+01  3.0142E+00  6.5730E+00  3.3074E-01  6.9037E+00  5.202E+00  1.343E-02
9.331374E+01  8.11246E+01  2.9652E+00  6.3986E+00  3.2650E-01  6.7251E+00  5.067E+00  1.329E-02
9.975239E+01  8.21272E+01  2.6704E+00  5.3905E+00  3.0119E-01  5.6917E+00  4.288E+00  1.243E-02
1.066353E+02  8.25650E+01  2.4016E+00  4.5349E+00  2.7838E-01  4.8133E+00  3.621E+00  1.163E-02
1.139931E+02  8.28245E+01  2.1570E+00  3.8102E+00  2.5783E-01  4.0680E+00  3.053E+00  1.088E-02
1.218587E+02  8.29931E+01  1.9366E+00  3.2001E+00  2.3932E-01  3.4394E+00  2.572E+00  1.017E-02
1.302669E+02  8.31076E+01  1.7377E+00  2.6861E+00  2.2263E-01  2.9087E+00  2.164E+00  9.518E-03
1.392553E+02  8.31841E+01  1.5569E+00  2.2512E+00  2.0758E-01  2.4588E+00  1.818E+00  8.903E-03
1.488640E+02  8.32340E+01  1.3948E+00  1.8866E+00  1.9401E-01  2.0806E+00  1.526E+00  8.329E-03
1.591356E+02  8.32652E+01  1.2495E+00  1.5811E+00  1.8175E-01  1.7628E+00  1.281E+00  7.791E-03
1.701159E+02  8.32831E+01  1.1195E+00  1.3251E+00  1.7066E-01  1.4958E+00  1.075E+00  7.288E-03
1.818539E+02  8.32912E+01  1.0030E+00  1.1106E+00  1.6061E-01  1.2712E+00  9.026E-01  6.818E-03
1.944018E+02  8.32924E+01  8.9864E-01  9.3081E-01  1.5149E-01  1.0823E+00  7.574E-01  6.378E-03
2.078156E+02  8.32882E+01  8.0500E-01  7.8000E-01  1.4319E-01  9.2319E-01  6.354E-01  5.966E-03
2.221548E+02  8.32803E+01  7.2120E-01  6.5369E-01  1.3563E-01  7.8932E-01  5.330E-01  5.581E-03
2.374835E+02  8.32698E+01  6.4618E-01  5.4789E-01  1.2870E-01  6.7659E-01  4.472E-01  5.221E-03
2.538699E+02  8.32575E+01  5.7903E-01  4.5927E-01  1.2235E-01  5.8162E-01  3.751E-01  4.884E-03
2.713869E+02  8.32441E+01  5.1891E-01  3.8502E-01  1.1650E-01  5.0152E-01  3.147E-01  4.569E-03
2.901126E+02  8.32301E+01  4.6508E-01  3.2280E-01  1.1109E-01  4.3389E-01  2.640E-01  4.274E-03
3.101304E+02  8.32159E+01  4.1687E-01  2.7066E-01  1.0607E-01  3.7673E-01  2.215E-01  3.998E-03
3.315294E+02  8.32018E+01  3.7369E-01  2.2697E-01  1.0140E-01  3.2837E-01  1.858E-01  3.740E-03
3.544049E+02  8.31879E+01  3.3502E-01  1.9034E-01  9.7030E-02  2.8737E-01  1.559E-01  3.498E-03
3.788588E+02  8.31744E+01  3.0037E-01  1.5964E-01  9.2930E-02  2.5257E-01  1.307E-01  3.273E-03
4.050001E+02  8.31615E+01  2.6933E-01  1.3390E-01  8.9067E-02  2.2297E-01  1.097E-01  3.061E-03
4.329451E+02  8.31491E+01  2.4151E-01  1.1232E-01  8.5414E-02  1.9773E-01  9.201E-02  2.864E-03
