
   Po:    Z = 84;   Atomic weight = 209.0000 g/mol ;    nominal density:   [INLINE] = 9.3000E+00 g/cm3
          µa(barns/atom) = µ(cm2/g)  ×  3.47053E+02
          E(eV) µ(cm2/g) = f2(e/atom)  ×  2.01341E+05
          24 edges. Edge energies (keV):
          

    24 edges. Edge energies (keV):
  K      9.31050E+01  L I    1.69393E+01  L II   1.62443E+01  L III  1.38138E+01
  M I    4.14940E+00  M II   3.85410E+00  M III  3.30190E+00  M IV   2.79800E+00
  M V    2.68300E+00  N I    9.95300E-01  N II   8.51000E-01  N III  7.05000E-01
  N IV   5.00200E-01  N V    4.73400E-01  N VI   1.75344E-01  N VII  1.69362E-01
  O I    1.70906E-01  O II   1.25695E-01  O III  9.83141E-02  O IV   3.14000E-02
  O V    3.14000E-02  P I    1.67777E-02  P II   7.55974E-03  P III  5.39477E-03

          Relativistic correction estimate frel (H82,3/5CL) = -2.0248E+00, -1.1838E+00 e/atom
          Nuclear Thomson correction fNT = -1.8520E-02 e/atom
     _________________________________________________________________________________________________________
   
   Form Factors, Attenuation and Scattering Cross-sections
   Z=84, E = 0.001 - 1000 keV

                                                              Attenuation
     E         f1            f2          µ           [INLINE] (coh+inc) Coefficient    µK       wavelength
     keV       e/atom       e/atom      cm2/g       cm2/g      cm2/g          cm2/g        nm

5.286876E-03 -9.37416E-01  0.0000E+00  0.0000E+00  5.1517E-06  5.1517E-06  0.000E+00  2.345E+02
5.367797E-03 -2.41276E+00  0.0000E+00  0.0000E+00  5.6056E-06  5.6056E-06  0.000E+00  2.310E+02
5.389376E-03 -4.15553E+00  0.0000E+00  0.0000E+00  5.7317E-06  5.7317E-06  0.000E+00  2.301E+02
5.421745E-03 -2.35734E+00  3.4161E+00  1.2686E+05  5.9250E-06  1.2686E+05  0.000E+00  2.287E+02
5.502667E-03 -8.04519E-01  3.3425E+00  1.2230E+05  6.4306E-06  1.2230E+05  0.000E+00  2.253E+02
7.408549E-03 -4.02942E-01  2.3271E+00  6.3243E+04  3.1427E-05  6.3243E+04  0.000E+00  1.674E+02
7.521945E-03 -1.99692E+00  2.2951E+00  6.1432E+04  3.3981E-05  6.1432E+04  0.000E+00  1.648E+02
7.552184E-03 -3.91935E+00  2.2868E+00  6.0965E+04  3.4688E-05  6.0965E+04  0.000E+00  1.642E+02
7.597543E-03 -1.93282E+00  6.0662E+00  1.6076E+05  3.5769E-05  1.6076E+05  0.000E+00  1.632E+02
7.710939E-03 -1.78513E-01  6.0099E+00  1.5692E+05  3.8585E-05  1.5692E+05  0.000E+00  1.608E+02
1.069000E-02  4.34264E+00  4.8462E+00  9.1275E+04  1.9188E-04  9.1275E+04  0.000E+00  1.160E+02
1.142761E-02  4.66024E+00  4.5909E+00  8.0886E+04  2.6216E-04  8.0886E+04  0.000E+00  1.085E+02
1.221612E-02  4.90165E+00  4.3239E+00  7.1265E+04  3.5634E-04  7.1265E+04  0.000E+00  1.015E+02
1.305903E-02  5.06722E+00  4.0467E+00  6.2391E+04  4.8186E-04  6.2391E+04  0.000E+00  9.494E+01
1.396010E-02  5.15153E+00  3.7622E+00  5.4260E+04  6.4826E-04  5.4260E+04  0.000E+00  8.881E+01
1.492335E-02  5.13926E+00  3.4740E+00  4.6870E+04  8.6769E-04  4.6870E+04  0.000E+00  8.308E+01
1.595306E-02  4.97290E+00  3.1862E+00  4.0212E+04  1.1555E-03  4.0212E+04  0.000E+00  7.772E+01
1.644213E-02  4.75222E+00  3.0571E+00  3.7436E+04  1.3133E-03  3.7436E+04  0.000E+00  7.541E+01
1.669379E-02  4.40369E+00  2.9927E+00  3.6094E+04  1.4001E-03  3.6094E+04  0.000E+00  7.427E+01
1.676090E-02  3.99143E+00  2.9757E+00  3.5746E+04  1.4239E-03  3.5746E+04  0.000E+00  7.397E+01
1.686157E-02  4.42715E+00  3.7563E+00  4.4854E+04  1.4601E-03  4.4854E+04  0.000E+00  7.353E+01
1.705382E-02  4.74215E+00  3.6743E+00  4.3380E+04  1.5311E-03  4.3380E+04  0.000E+00  7.270E+01
1.711323E-02  4.79144E+00  3.6495E+00  4.2937E+04  1.5535E-03  4.2937E+04  0.000E+00  7.245E+01
1.823053E-02  5.03153E+00  3.2248E+00  3.5615E+04  2.0185E-03  3.5615E+04  0.000E+00  6.801E+01
1.948844E-02  4.88825E+00  2.8269E+00  2.9205E+04  2.6480E-03  2.9205E+04  0.000E+00  6.362E+01
2.083314E-02  4.55514E+00  2.4755E+00  2.3924E+04  3.4566E-03  2.3924E+04  0.000E+00  5.951E+01
2.227063E-02  4.05987E+00  2.1655E+00  1.9578E+04  4.4900E-03  1.9578E+04  0.000E+00  5.567E+01
2.380730E-02  3.39001E+00  1.8925E+00  1.6005E+04  5.8038E-03  1.6005E+04  0.000E+00  5.208E+01
2.545001E-02  2.50807E+00  1.6524E+00  1.3072E+04  7.4657E-03  1.3072E+04  0.000E+00  4.872E+01
2.720606E-02  1.33278E+00  1.4416E+00  1.0668E+04  9.5573E-03  1.0668E+04  0.000E+00  4.557E+01
2.908327E-02 -3.08155E-01  1.2569E+00  8.7014E+03  1.2176E-02  8.7014E+03  0.000E+00  4.263E+01
3.077200E-02 -2.46486E+00  1.1190E+00  7.3217E+03  1.4889E-02  7.3217E+03  0.000E+00  4.029E+01
3.109002E-02 -3.08405E+00  1.0956E+00  7.0951E+03  1.5439E-02  7.0951E+03  0.000E+00  3.988E+01
3.124300E-02 -3.49185E+00  1.0846E+00  6.9894E+03  1.5708E-02  6.9894E+03  0.000E+00  3.968E+01
3.136860E-02 -4.11851E+00  1.0757E+00  6.9041E+03  1.5931E-02  6.9041E+03  0.000E+00  3.952E+01
3.155700E-02 -4.04359E+00  1.9350E+00  1.2346E+04  1.6269E-02  1.2346E+04  0.000E+00  3.929E+01
3.202800E-02 -4.46733E+00  2.1199E+00  1.3327E+04  1.7135E-02  1.3327E+04  0.000E+00  3.871E+01
3.323523E-02 -6.27486E+00  2.8516E+00  1.7275E+04  1.9483E-02  1.7275E+04  0.000E+00  3.731E+01
3.552846E-02 -1.03112E+01  5.8749E+00  3.3293E+04  2.4471E-02  3.3293E+04  0.000E+00  3.490E+01
3.797993E-02 -1.37002E+01  1.1670E+01  6.1867E+04  3.0593E-02  6.1867E+04  0.000E+00  3.264E+01
4.060054E-02 -1.46203E+01  1.9832E+01  9.8350E+04  3.8069E-02  9.8350E+04  0.000E+00  3.054E+01
4.340198E-02 -1.17266E+01  2.8708E+01  1.3317E+05  4.7153E-02  1.3317E+05  0.000E+00  2.857E+01
4.639671E-02 -5.05348E+00  3.6047E+01  1.5643E+05  5.8137E-02  1.5643E+05  0.000E+00  2.672E+01
4.959809E-02  4.00012E+00  4.0152E+01  1.6299E+05  7.1353E-02  1.6299E+05  0.000E+00  2.500E+01
5.302035E-02  1.34722E+01  4.0538E+01  1.5394E+05  8.7179E-02  1.5394E+05  0.000E+00  2.338E+01
5.667876E-02  2.17164E+01  3.7827E+01  1.3437E+05  1.0604E-01  1.3437E+05  0.000E+00  2.187E+01
6.058959E-02  2.78497E+01  3.3190E+01  1.1029E+05  1.2840E-01  1.1029E+05  0.000E+00  2.046E+01
6.477028E-02  3.17236E+01  2.7795E+01  8.6400E+04  1.5478E-01  8.6400E+04  0.000E+00  1.914E+01
6.923942E-02  3.36554E+01  2.2503E+01  6.5438E+04  1.8577E-01  6.5438E+04  0.000E+00  1.791E+01
7.401695E-02  3.41429E+01  1.7810E+01  4.8446E+04  2.2199E-01  4.8446E+04  0.000E+00  1.675E+01
7.912411E-02  3.36700E+01  1.3907E+01  3.5388E+04  2.6411E-01  3.5388E+04  0.000E+00  1.567E+01
8.458368E-02  3.26109E+01  1.0798E+01  2.5704E+04  3.1288E-01  2.5704E+04  0.000E+00  1.466E+01
9.041995E-02  3.11832E+01  8.3912E+00  1.8685E+04  3.6906E-01  1.8685E+04  0.000E+00  1.371E+01
9.634786E-02  2.93011E+01  6.6374E+00  1.3870E+04  4.3017E-01  1.3870E+04  0.000E+00  1.287E+01
9.665893E-02  2.91520E+01  6.5603E+00  1.3665E+04  4.3348E-01  1.3665E+04  0.000E+00  1.283E+01
9.782257E-02  2.82875E+01  6.2831E+00  1.2932E+04  4.4597E-01  1.2932E+04  0.000E+00  1.267E+01
9.821583E-02  2.73356E+01  6.1932E+00  1.2696E+04  4.5023E-01  1.2696E+04  0.000E+00  1.262E+01
9.880571E-02  2.81544E+01  7.7889E+00  1.5872E+04  4.5664E-01  1.5872E+04  0.000E+00  1.255E+01
1.002804E-01  2.86859E+01  7.4102E+00  1.4878E+04  4.7283E-01  1.4878E+04  0.000E+00  1.236E+01
1.033284E-01  2.86682E+01  6.7105E+00  1.3076E+04  5.0700E-01  1.3077E+04  0.000E+00  1.200E+01
1.104581E-01  2.78604E+01  5.4257E+00  9.8899E+03  5.9049E-01  9.8905E+03  0.000E+00  1.122E+01
1.180797E-01  2.67265E+01  4.4669E+00  7.6166E+03  6.8488E-01  7.6173E+03  0.000E+00  1.050E+01
1.231813E-01  2.57564E+01  3.9909E+00  6.5232E+03  7.5077E-01  6.5240E+03  0.000E+00  1.007E+01
1.250667E-01  2.50497E+01  3.8405E+00  6.1827E+03  7.7563E-01  6.1835E+03  0.000E+00  9.913E+00
1.255695E-01  2.44003E+01  3.8024E+00  6.0968E+03  7.8231E-01  6.0976E+03  0.000E+00  9.874E+00
1.262272E-01  2.48901E+01  4.9240E+00  7.8541E+03  7.9107E-01  7.8549E+03  0.000E+00  9.822E+00
1.263237E-01  2.49441E+01  4.9147E+00  7.8333E+03  7.9236E-01  7.8341E+03  0.000E+00  9.815E+00
1.282091E-01  2.52820E+01  4.7404E+00  7.4444E+03  8.1766E-01  7.4452E+03  0.000E+00  9.670E+00
1.349368E-01  2.50633E+01  4.2126E+00  6.2856E+03  9.0997E-01  6.2865E+03  0.000E+00  9.188E+00
1.442475E-01  2.43241E+01  3.6646E+00  5.1150E+03  1.0425E+00  5.1160E+03  0.000E+00  8.595E+00
1.542005E-01  2.33895E+01  3.2370E+00  4.2266E+03  1.1895E+00  4.2278E+03  0.000E+00  8.040E+00
1.648404E-01  2.22058E+01  2.9046E+00  3.5478E+03  1.3517E+00  3.5492E+03  0.000E+00  7.521E+00
1.659746E-01  2.20528E+01  2.8750E+00  3.4877E+03  1.3693E+00  3.4891E+03  0.000E+00  7.470E+00
1.674882E-01  2.18240E+01  2.8371E+00  3.4105E+03  1.3928E+00  3.4119E+03  0.000E+00  7.403E+00
1.685150E-01  2.16308E+01  2.8123E+00  3.3601E+03  1.4088E+00  3.3615E+03  0.000E+00  7.357E+00
1.691924E-01  2.14179E+01  2.7963E+00  3.3277E+03  1.4194E+00  3.3291E+03  0.000E+00  7.328E+00
1.702086E-01  2.13609E+01  3.0056E+00  3.5554E+03  1.4353E+00  3.5568E+03  0.000E+00  7.284E+00
1.707354E-01  2.12674E+01  3.0006E+00  3.5385E+03  1.4436E+00  3.5399E+03  0.000E+00  7.262E+00
1.718369E-01  2.12395E+01  3.1272E+00  3.6641E+03  1.4609E+00  3.6656E+03  0.000E+00  7.215E+00
1.727490E-01  2.11695E+01  3.1215E+00  3.6381E+03  1.4752E+00  3.6396E+03  0.000E+00  7.177E+00
1.744671E-01  2.09684E+01  3.1137E+00  3.5934E+03  1.5023E+00  3.5949E+03  0.000E+00  7.106E+00
1.751685E-01  2.08169E+01  3.1117E+00  3.5766E+03  1.5134E+00  3.5781E+03  0.000E+00  7.078E+00
1.762144E-01  2.07907E+01  3.2793E+00  3.7469E+03  1.5300E+00  3.7484E+03  0.000E+00  7.036E+00
1.762205E-01  2.07905E+01  3.2793E+00  3.7468E+03  1.5301E+00  3.7483E+03  0.000E+00  7.036E+00
1.788507E-01  2.05881E+01  3.3075E+00  3.7234E+03  1.5719E+00  3.7250E+03  0.000E+00  6.932E+00
1.883732E-01  1.96124E+01  3.5269E+00  3.7697E+03  1.7249E+00  3.7714E+03  0.000E+00  6.582E+00
2.013709E-01  1.82002E+01  4.1359E+00  4.1353E+03  1.9371E+00  4.1372E+03  0.000E+00  6.157E+00
2.152655E-01  1.67447E+01  5.1630E+00  4.8291E+03  2.1669E+00  4.8313E+03  0.000E+00  5.760E+00
2.301188E-01  1.53646E+01  6.6594E+00  5.8266E+03  2.4145E+00  5.8290E+03  0.000E+00  5.388E+00
2.459970E-01  1.42028E+01  8.6349E+00  7.0674E+03  2.6802E+00  7.0701E+03  0.000E+00  5.040E+00
2.629708E-01  1.34078E+01  1.1044E+01  8.4558E+03  2.9638E+00  8.4588E+03  0.000E+00  4.715E+00
2.811158E-01  1.31090E+01  1.3786E+01  9.8735E+03  3.2650E+00  9.8768E+03  0.000E+00  4.410E+00
3.005128E-01  1.33937E+01  1.6714E+01  1.1198E+04  3.5833E+00  1.1202E+04  0.000E+00  4.126E+00
3.212482E-01  1.42949E+01  1.9659E+01  1.2321E+04  3.9181E+00  1.2325E+04  0.000E+00  3.859E+00
3.434143E-01  1.57831E+01  2.2449E+01  1.3162E+04  4.2684E+00  1.3166E+04  0.000E+00  3.610E+00
3.671099E-01  1.77728E+01  2.4932E+01  1.3674E+04  4.6330E+00  1.3679E+04  0.000E+00  3.377E+00
3.924405E-01  2.01271E+01  2.6992E+01  1.3848E+04  5.0106E+00  1.3853E+04  0.000E+00  3.159E+00
4.195189E-01  2.26628E+01  2.8551E+01  1.3703E+04  5.3994E+00  1.3708E+04  0.000E+00  2.955E+00
4.484657E-01  2.50738E+01  2.9576E+01  1.3278E+04  5.7976E+00  1.3284E+04  0.000E+00  2.765E+00
4.639320E-01  2.59443E+01  2.9893E+01  1.2973E+04  6.0030E+00  1.2979E+04  0.000E+00  2.672E+00
4.710330E-01  2.58165E+01  2.9991E+01  1.2820E+04  6.0955E+00  1.2826E+04  0.000E+00  2.632E+00
4.729266E-01  2.51573E+01  3.0013E+01  1.2778E+04  6.1200E+00  1.2784E+04  0.000E+00  2.622E+00
4.757670E-01  2.61423E+01  3.1612E+01  1.3378E+04  6.1566E+00  1.3384E+04  0.000E+00  2.606E+00
4.794098E-01  2.68550E+01  3.1677E+01  1.3304E+04  6.2033E+00  1.3310E+04  0.000E+00  2.586E+00
4.828680E-01  2.73126E+01  3.1733E+01  1.3232E+04  6.2473E+00  1.3238E+04  0.000E+00  2.568E+00
4.901960E-01  2.80349E+01  3.1835E+01  1.3076E+04  6.3398E+00  1.3082E+04  0.000E+00  2.529E+00
4.976990E-01  2.83940E+01  3.1915E+01  1.2911E+04  6.4333E+00  1.2917E+04  0.000E+00  2.491E+00
4.996998E-01  2.80886E+01  3.1933E+01  1.2867E+04  6.4580E+00  1.2873E+04  0.000E+00  2.481E+00
5.027010E-01  2.88697E+01  3.2946E+01  1.3195E+04  6.4949E+00  1.3201E+04  0.000E+00  2.466E+00
5.102040E-01  3.00329E+01  3.3034E+01  1.3036E+04  6.5864E+00  1.3043E+04  0.000E+00  2.430E+00
5.124891E-01  3.03067E+01  3.3058E+01  1.2987E+04  6.6140E+00  1.2994E+04  0.000E+00  2.419E+00
5.478508E-01  3.37978E+01  3.3218E+01  1.2208E+04  7.0275E+00  1.2215E+04  0.000E+00  2.263E+00
5.856525E-01  3.68380E+01  3.3006E+01  1.1347E+04  7.4411E+00  1.1354E+04  0.000E+00  2.117E+00
6.260625E-01  3.95408E+01  3.2463E+01  1.0440E+04  7.8521E+00  1.0448E+04  0.000E+00  1.980E+00
6.692609E-01  4.17480E+01  3.1653E+01  9.5224E+03  8.2578E+00  9.5307E+03  0.000E+00  1.853E+00
6.909000E-01  4.23629E+01  3.1192E+01  9.0898E+03  8.4486E+00  9.0982E+03  0.000E+00  1.795E+00
7.014750E-01  4.20496E+01  3.0957E+01  8.8853E+03  8.5389E+00  8.8938E+03  0.000E+00  1.767E+00
7.042950E-01  4.11943E+01  3.0893E+01  8.8316E+03  8.5627E+00  8.8402E+03  0.000E+00  1.760E+00
7.085250E-01  4.23981E+01  3.2743E+01  9.3045E+03  8.5981E+00  9.3131E+03  0.000E+00  1.750E+00
7.154399E-01  4.34042E+01  3.2588E+01  9.1710E+03  8.6553E+00  9.1797E+03  0.000E+00  1.733E+00
7.191000E-01  4.37639E+01  3.2506E+01  9.1013E+03  8.6853E+00  9.1100E+03  0.000E+00  1.724E+00
7.648052E-01  4.66368E+01  3.1459E+01  8.2820E+03  9.0418E+00  8.2910E+03  0.000E+00  1.621E+00
8.175768E-01  4.89290E+01  3.0235E+01  7.4459E+03  9.4145E+00  7.4553E+03  0.000E+00  1.516E+00
8.339800E-01  4.94831E+01  2.9839E+01  7.2038E+03  9.5223E+00  7.2133E+03  0.000E+00  1.487E+00
8.467450E-01  4.97740E+01  2.9534E+01  7.0226E+03  9.6038E+00  7.0322E+03  0.000E+00  1.464E+00
8.501490E-01  4.96859E+01  2.9449E+01  6.9743E+03  9.6251E+00  6.9839E+03  0.000E+00  1.458E+00
8.552550E-01  5.00709E+01  2.9730E+01  6.9990E+03  9.6569E+00  7.0087E+03  0.000E+00  1.450E+00
8.680200E-01  5.06769E+01  2.9421E+01  6.8243E+03  9.7348E+00  6.8340E+03  0.000E+00  1.428E+00
8.739896E-01  5.09075E+01  2.9278E+01  6.7447E+03  9.7705E+00  6.7545E+03  0.000E+00  1.419E+00
9.342948E-01  5.27628E+01  2.7898E+01  6.0120E+03  1.0107E+01  6.0221E+03  0.000E+00  1.327E+00
9.753940E-01  5.37020E+01  2.7037E+01  5.5809E+03  1.0313E+01  5.5912E+03  0.000E+00  1.271E+00
9.903235E-01  5.38528E+01  2.6741E+01  5.4367E+03  1.0383E+01  5.4471E+03  0.000E+00  1.252E+00
9.943047E-01  5.36661E+01  2.6664E+01  5.3993E+03  1.0402E+01  5.4097E+03  0.000E+00  1.247E+00
9.987612E-01  5.40210E+01  2.7156E+01  5.4745E+03  1.0422E+01  5.4849E+03  0.000E+00  1.241E+00
1.000276E+00  5.41309E+01  2.7123E+01  5.4595E+03  1.0429E+01  5.4699E+03  0.000E+00  1.239E+00
1.015206E+00  5.48015E+01  2.6636E+01  5.2826E+03  1.0495E+01  5.2931E+03  0.000E+00  1.221E+00
1.067676E+00  5.61387E+01  2.5065E+01  4.7268E+03  1.0712E+01  4.7375E+03  0.000E+00  1.161E+00
1.141345E+00  5.72483E+01  2.3179E+01  4.0890E+03  1.0976E+01  4.1000E+03  0.000E+00  1.086E+00
1.220098E+00  5.79753E+01  2.1482E+01  3.5450E+03  1.1212E+01  3.5562E+03  0.000E+00  1.016E+00
1.304285E+00  5.84262E+01  1.9939E+01  3.0780E+03  1.1417E+01  3.0894E+03  0.000E+00  9.506E-01
1.394281E+00  5.86649E+01  1.8552E+01  2.6790E+03  1.1591E+01  2.6906E+03  0.000E+00  8.892E-01
1.490486E+00  5.87419E+01  1.7293E+01  2.3360E+03  1.1731E+01  2.3477E+03  0.000E+00  8.318E-01
1.593329E+00  5.86419E+01  1.6148E+01  2.0406E+03  1.1838E+01  2.0524E+03  0.000E+00  7.781E-01
1.703269E+00  5.83441E+01  1.5110E+01  1.7862E+03  1.1910E+01  1.7981E+03  0.000E+00  7.279E-01
1.820795E+00  5.78255E+01  1.4160E+01  1.5658E+03  1.1948E+01  1.5777E+03  0.000E+00  6.809E-01
1.946430E+00  5.70148E+01  1.3244E+01  1.3700E+03  1.1951E+01  1.3820E+03  0.000E+00  6.370E-01
2.080733E+00  5.56889E+01  1.2296E+01  1.1898E+03  1.1920E+01  1.2017E+03  0.000E+00  5.959E-01
2.224304E+00  5.34738E+01  1.1403E+01  1.0322E+03  1.1855E+01  1.0441E+03  0.000E+00  5.574E-01
2.377781E+00  4.94760E+01  1.0591E+01  8.9684E+02  1.1757E+01  9.0860E+02  0.000E+00  5.214E-01
2.541848E+00  3.99177E+01  9.8500E+00  7.8022E+02  1.1628E+01  7.9185E+02  0.000E+00  4.878E-01
2.629340E+00  2.41134E+01  9.4994E+00  7.2741E+02  1.1550E+01  7.3896E+02  0.000E+00  4.715E-01
2.669585E+00 -6.35847E+00  9.3472E+00  7.0497E+02  1.1513E+01  7.1648E+02  0.000E+00  4.644E-01
2.680317E+00 -5.24059E+01  9.3076E+00  6.9917E+02  1.1503E+01  7.1067E+02  0.000E+00  4.626E-01
2.696415E+00  1.84757E+01  9.9473E+01  7.4277E+03  1.1488E+01  7.4392E+03  0.000E+00  4.598E-01
2.717235E+00  4.99545E+01  7.4943E+01  5.5531E+03  1.1468E+01  5.5646E+03  0.000E+00  4.563E-01
2.736660E+00  5.75827E+01  5.8180E+01  4.2804E+03  1.1449E+01  4.2918E+03  0.000E+00  4.530E-01
2.742040E+00  5.79975E+01  5.4356E+01  3.9912E+03  1.1444E+01  4.0026E+03  0.000E+00  4.522E-01
2.784010E+00  4.02457E+01  3.3189E+01  2.4002E+03  1.1403E+01  2.4116E+03  0.000E+00  4.453E-01
2.795202E+00  8.68080E+00  2.9465E+01  2.1224E+03  1.1392E+01  2.1338E+03  0.000E+00  4.436E-01
2.811990E+00  5.44081E+01  8.5241E+01  6.1034E+03  1.1375E+01  6.1148E+03  0.000E+00  4.409E-01
2.853960E+00  7.80007E+01  5.4963E+01  3.8776E+03  1.1332E+01  3.8889E+03  0.000E+00  4.344E-01
2.904724E+00  7.61779E+01  3.7427E+01  2.5942E+03  1.1280E+01  2.6055E+03  0.000E+00  4.268E-01
3.105150E+00  6.58025E+01  3.2310E+01  2.0950E+03  1.1065E+01  2.1061E+03  0.000E+00  3.993E-01
3.235862E+00  6.70092E+01  3.1992E+01  1.9906E+03  1.0920E+01  2.0015E+03  0.000E+00  3.832E-01
3.285390E+00  6.62387E+01  3.1447E+01  1.9272E+03  1.0864E+01  1.9381E+03  0.000E+00  3.774E-01
3.298598E+00  6.41416E+01  3.1269E+01  1.9086E+03  1.0850E+01  1.9194E+03  0.000E+00  3.759E-01
3.319406E+00  6.72376E+01  3.5745E+01  2.1682E+03  1.0826E+01  2.1790E+03  0.000E+00  3.735E-01
3.367938E+00  7.05932E+01  3.4795E+01  2.0801E+03  1.0771E+01  2.0909E+03  0.000E+00  3.681E-01
3.548445E+00  7.48382E+01  2.9257E+01  1.6600E+03  1.0564E+01  1.6706E+03  0.000E+00  3.494E-01
3.777018E+00  7.47922E+01  2.5451E+01  1.3567E+03  1.0300E+01  1.3670E+03  0.000E+00  3.283E-01
3.793288E+00  7.47169E+01  2.5275E+01  1.3416E+03  1.0282E+01  1.3519E+03  0.000E+00  3.269E-01
3.834829E+00  7.42219E+01  2.4839E+01  1.3041E+03  1.0234E+01  1.3143E+03  0.000E+00  3.233E-01
3.850246E+00  7.33694E+01  2.4680E+01  1.2906E+03  1.0216E+01  1.3008E+03  0.000E+00  3.220E-01
3.873370E+00  7.43597E+01  2.6215E+01  1.3627E+03  1.0189E+01  1.3729E+03  0.000E+00  3.201E-01
3.931182E+00  7.53345E+01  2.5578E+01  1.3100E+03  1.0123E+01  1.3201E+03  0.000E+00  3.154E-01
4.055024E+00  7.60423E+01  2.4314E+01  1.2073E+03  9.9813E+00  1.2173E+03  0.000E+00  3.058E-01
4.066412E+00  7.60649E+01  2.4210E+01  1.1987E+03  9.9683E+00  1.2087E+03  0.000E+00  3.049E-01
4.128653E+00  7.59358E+01  2.3656E+01  1.1537E+03  9.8975E+00  1.1636E+03  0.000E+00  3.003E-01
4.145251E+00  7.54824E+01  2.3514E+01  1.1421E+03  9.8787E+00  1.1520E+03  0.000E+00  2.991E-01
4.170147E+00  7.61302E+01  2.4348E+01  1.1756E+03  9.8504E+00  1.1855E+03  0.000E+00  2.973E-01
4.232388E+00  7.68682E+01  2.3837E+01  1.1339E+03  9.7802E+00  1.1437E+03  0.000E+00  2.929E-01
4.334821E+00  7.75425E+01  2.3034E+01  1.0699E+03  9.6652E+00  1.0796E+03  0.000E+00  2.860E-01
4.633924E+00  7.87420E+01  2.0944E+01  9.0998E+02  9.3359E+00  9.1932E+02  0.000E+00  2.676E-01
4.953664E+00  7.95667E+01  1.9089E+01  7.7586E+02  8.9956E+00  7.8486E+02  0.000E+00  2.503E-01
5.295467E+00  8.02002E+01  1.7377E+01  6.6069E+02  8.6466E+00  6.6934E+02  0.000E+00  2.341E-01
5.660855E+00  8.09595E+01  1.5736E+01  5.5968E+02  8.2914E+00  5.6797E+02  0.000E+00  2.190E-01
6.051453E+00  8.12080E+01  1.4206E+01  4.7265E+02  7.9320E+00  4.8058E+02  0.000E+00  2.049E-01
6.469004E+00  8.13170E+01  1.2843E+01  3.9973E+02  7.5706E+00  4.0730E+02  0.000E+00  1.917E-01
6.915365E+00  8.14237E+01  1.1613E+01  3.3811E+02  7.2091E+00  3.4532E+02  0.000E+00  1.793E-01
7.392525E+00  8.13638E+01  1.0512E+01  2.8630E+02  6.8494E+00  2.9315E+02  0.000E+00  1.677E-01
7.902609E+00  8.12942E+01  9.5287E+00  2.4277E+02  6.4933E+00  2.4926E+02  0.000E+00  1.569E-01
8.447890E+00  8.11641E+01  8.6437E+00  2.0601E+02  6.1424E+00  2.1215E+02  0.000E+00  1.468E-01
9.030794E+00  8.10095E+01  7.8208E+00  1.7436E+02  5.7980E+00  1.8016E+02  0.000E+00  1.373E-01
9.653919E+00  8.07345E+01  6.9929E+00  1.4584E+02  5.4614E+00  1.5130E+02  0.000E+00  1.284E-01
1.032004E+01  8.03512E+01  6.2610E+00  1.2215E+02  5.1338E+00  1.2728E+02  0.000E+00  1.201E-01
1.103212E+01  7.98518E+01  5.6151E+00  1.0248E+02  4.8162E+00  1.0730E+02  0.000E+00  1.124E-01
1.179334E+01  7.91788E+01  5.0408E+00  8.6059E+01  4.5094E+00  9.0568E+01  0.000E+00  1.051E-01
1.260708E+01  7.81391E+01  4.5179E+00  7.2153E+01  4.2140E+00  7.6367E+01  0.000E+00  9.834E-02
1.347697E+01  7.56777E+01  4.0535E+00  6.0558E+01  3.9306E+00  6.4489E+01  0.000E+00  9.200E-02
1.353752E+01  7.53005E+01  4.0242E+00  5.9851E+01  3.9119E+00  6.3763E+01  0.000E+00  9.159E-02
1.374473E+01  7.26547E+01  3.9267E+00  5.7521E+01  3.8493E+00  6.1370E+01  0.000E+00  9.020E-02
1.379999E+01  6.95496E+01  3.9014E+00  5.6922E+01  3.8329E+00  6.0755E+01  0.000E+00  8.984E-02
1.388287E+01  7.26427E+01  9.9368E+00  1.4411E+02  3.8085E+00  1.4792E+02  0.000E+00  8.931E-02
1.409008E+01  7.53795E+01  9.6932E+00  1.3851E+02  3.7485E+00  1.4226E+02  0.000E+00  8.799E-02
1.440688E+01  7.68213E+01  9.3377E+00  1.3050E+02  3.6595E+00  1.3416E+02  0.000E+00  8.606E-02
1.540095E+01  7.80433E+01  8.3210E+00  1.0878E+02  3.4012E+00  1.1218E+02  0.000E+00  8.050E-02
1.591941E+01  7.75740E+01  7.8563E+00  9.9363E+01  3.2778E+00  1.0264E+02  0.000E+00  7.788E-02
1.616308E+01  7.63557E+01  7.6515E+00  9.5313E+01  3.2222E+00  9.8535E+01  0.000E+00  7.671E-02
1.622806E+01  7.48051E+01  7.5982E+00  9.4271E+01  3.2076E+00  9.7479E+01  0.000E+00  7.640E-02
1.632552E+01  7.63871E+01  1.0594E+01  1.3065E+02  3.1860E+00  1.3384E+02  0.000E+00  7.595E-02
1.646362E+01  7.73820E+01  1.0446E+01  1.2775E+02  3.1557E+00  1.3091E+02  0.000E+00  7.531E-02
1.656919E+01  7.77430E+01  1.0336E+01  1.2559E+02  3.1328E+00  1.2872E+02  0.000E+00  7.483E-02
1.660051E+01  7.78177E+01  1.0303E+01  1.2496E+02  3.1261E+00  1.2809E+02  0.000E+00  7.469E-02
1.685460E+01  7.78673E+01  1.0045E+01  1.1999E+02  3.0724E+00  1.2306E+02  0.000E+00  7.356E-02
1.692236E+01  7.72212E+01  9.9772E+00  1.1871E+02  3.0583E+00  1.2177E+02  0.000E+00  7.327E-02
1.702400E+01  7.82161E+01  1.1440E+01  1.3530E+02  3.0374E+00  1.3834E+02  0.000E+00  7.283E-02
1.727809E+01  7.93527E+01  1.1183E+01  1.3032E+02  2.9861E+00  1.3331E+02  0.000E+00  7.176E-02
1.759961E+01  8.01319E+01  1.0872E+01  1.2438E+02  2.9231E+00  1.2730E+02  0.000E+00  7.045E-02
1.881398E+01  8.17458E+01  9.7930E+00  1.0480E+02  2.7033E+00  1.0750E+02  0.000E+00  6.590E-02
2.011215E+01  8.26546E+01  8.8107E+00  8.8203E+01  2.4963E+00  9.0699E+01  0.000E+00  6.165E-02
2.149988E+01  8.32446E+01  7.9269E+00  7.4233E+01  2.3017E+00  7.6535E+01  0.000E+00  5.767E-02
2.298338E+01  8.36422E+01  7.1288E+00  6.2451E+01  2.1194E+00  6.4570E+01  0.000E+00  5.395E-02
2.456923E+01  8.39129E+01  6.4136E+00  5.2559E+01  1.9491E+00  5.4508E+01  0.000E+00  5.046E-02
2.626450E+01  8.41068E+01  5.7737E+00  4.4260E+01  1.7902E+00  4.6050E+01  0.000E+00  4.721E-02
2.807676E+01  8.43076E+01  5.1650E+00  3.7038E+01  1.6425E+00  3.8680E+01  0.000E+00  4.416E-02
3.001405E+01  8.43615E+01  4.6062E+00  3.0899E+01  1.5054E+00  3.2404E+01  0.000E+00  4.131E-02
3.208502E+01  8.43709E+01  4.1120E+00  2.5804E+01  1.3785E+00  2.7182E+01  0.000E+00  3.864E-02
3.429889E+01  8.44133E+01  3.6662E+00  2.1521E+01  1.2613E+00  2.2782E+01  0.000E+00  3.615E-02
3.666551E+01  8.43661E+01  3.2619E+00  1.7912E+01  1.1533E+00  1.9065E+01  0.000E+00  3.381E-02
3.919543E+01  8.42986E+01  2.9044E+00  1.4919E+01  1.0540E+00  1.5973E+01  0.000E+00  3.163E-02
4.189992E+01  8.42183E+01  2.5881E+00  1.2436E+01  9.6278E-01  1.3399E+01  0.000E+00  2.959E-02
4.479101E+01  8.41295E+01  2.3080E+00  1.0375E+01  8.7924E-01  1.1254E+01  0.000E+00  2.768E-02
4.788159E+01  8.40346E+01  2.0597E+00  8.6609E+00  8.0286E-01  9.4638E+00  0.000E+00  2.589E-02
5.118542E+01  8.39352E+01  1.8395E+00  7.2357E+00  7.3314E-01  7.9688E+00  0.000E+00  2.422E-02
5.471721E+01  8.38314E+01  1.6441E+00  6.0496E+00  6.6961E-01  6.7192E+00  0.000E+00  2.266E-02
5.849270E+01  8.37228E+01  1.4705E+00  5.0616E+00  6.1183E-01  5.6734E+00  0.000E+00  2.120E-02
6.252870E+01  8.36071E+01  1.3140E+00  4.2312E+00  5.5934E-01  4.7905E+00  0.000E+00  1.983E-02
6.684318E+01  8.34787E+01  1.1743E+00  3.5372E+00  5.1174E-01  4.0489E+00  0.000E+00  1.855E-02
7.145536E+01  8.33311E+01  1.0500E+00  2.9586E+00  4.6863E-01  3.4272E+00  0.000E+00  1.735E-02
7.638578E+01  8.31488E+01  9.3655E-01  2.4686E+00  4.2962E-01  2.8982E+00  0.000E+00  1.623E-02
8.165640E+01  8.28940E+01  8.3262E-01  2.0530E+00  3.9438E-01  2.4474E+00  0.000E+00  1.518E-02
8.729069E+01  8.24362E+01  7.3620E-01  1.6981E+00  3.6256E-01  2.0607E+00  0.000E+00  1.420E-02
9.124290E+01  8.16339E+01  6.7872E-01  1.4977E+00  3.4318E-01  1.8409E+00  0.000E+00  1.359E-02
9.263948E+01  8.06048E+01  6.6011E-01  1.4347E+00  3.3683E-01  1.7715E+00  0.000E+00  1.338E-02
9.301190E+01  7.93737E+01  6.5528E-01  1.4185E+00  3.3518E-01  1.7537E+00  0.000E+00  1.333E-02
9.331374E+01  8.00216E+01  3.0839E+00  6.6541E+00  3.3386E-01  6.9880E+00  5.249E+00  1.329E-02
9.357053E+01  8.06569E+01  3.0708E+00  6.6076E+00  3.3274E-01  6.9403E+00  5.213E+00  1.325E-02
9.496710E+01  8.17789E+01  3.0009E+00  6.3622E+00  3.2678E-01  6.6890E+00  5.025E+00  1.306E-02
9.975239E+01  8.28390E+01  2.7786E+00  5.6085E+00  3.0798E-01  5.9165E+00  4.444E+00  1.243E-02
1.066353E+02  8.34136E+01  2.5008E+00  4.7218E+00  2.8466E-01  5.0065E+00  3.757E+00  1.163E-02
1.139931E+02  8.37293E+01  2.2471E+00  3.9690E+00  2.6365E-01  4.2326E+00  3.169E+00  1.088E-02
1.218587E+02  8.39284E+01  2.0183E+00  3.3347E+00  2.4473E-01  3.5794E+00  2.670E+00  1.017E-02
1.302669E+02  8.40613E+01  1.8124E+00  2.8013E+00  2.2767E-01  3.0290E+00  2.250E+00  9.518E-03
1.392553E+02  8.41518E+01  1.6250E+00  2.3495E+00  2.1230E-01  2.5618E+00  1.891E+00  8.903E-03
1.488640E+02  8.42113E+01  1.4564E+00  1.9699E+00  1.9843E-01  2.1683E+00  1.589E+00  8.329E-03
1.591356E+02  8.42495E+01  1.3053E+00  1.6515E+00  1.8590E-01  1.8374E+00  1.334E+00  7.791E-03
1.701159E+02  8.42724E+01  1.1699E+00  1.3847E+00  1.7458E-01  1.5593E+00  1.120E+00  7.288E-03
1.818539E+02  8.42843E+01  1.0486E+00  1.1610E+00  1.6432E-01  1.3253E+00  9.409E-01  6.818E-03
1.944018E+02  8.42882E+01  9.4004E-01  9.7360E-01  1.5500E-01  1.1286E+00  7.901E-01  6.378E-03
2.078156E+02  8.42862E+01  8.4258E-01  8.1633E-01  1.4653E-01  9.6286E-01  6.632E-01  5.966E-03
2.221548E+02  8.42799E+01  7.5532E-01  6.8455E-01  1.3881E-01  8.2336E-01  5.568E-01  5.581E-03
2.374835E+02  8.42706E+01  6.7716E-01  5.7411E-01  1.3174E-01  7.0585E-01  4.674E-01  5.221E-03
2.538699E+02  8.42592E+01  6.0716E-01  4.8153E-01  1.2526E-01  6.0679E-01  3.924E-01  4.884E-03
2.713869E+02  8.42465E+01  5.4445E-01  4.0392E-01  1.1929E-01  5.2321E-01  3.294E-01  4.569E-03
2.901126E+02  8.42330E+01  4.8826E-01  3.3886E-01  1.1377E-01  4.5263E-01  2.765E-01  4.274E-03
3.101304E+02  8.42192E+01  4.3791E-01  2.8430E-01  1.0865E-01  3.9295E-01  2.321E-01  3.998E-03
3.315294E+02  8.42053E+01  3.9279E-01  2.3855E-01  1.0389E-01  3.4244E-01  1.949E-01  3.740E-03
3.544049E+02  8.41915E+01  3.5235E-01  2.0018E-01  9.9433E-02  2.9961E-01  1.636E-01  3.498E-03
3.788588E+02  8.41781E+01  3.1610E-01  1.6799E-01  9.5253E-02  2.6324E-01  1.373E-01  3.273E-03
4.050001E+02  8.41651E+01  2.8361E-01  1.4099E-01  9.1316E-02  2.3231E-01  1.153E-01  3.061E-03
4.329451E+02  8.41527E+01  2.5447E-01  1.1834E-01  8.7594E-02  2.0593E-01  9.678E-02  2.864E-03
