
   Ac:    Z = 89;   Atomic weight = 227.0278 g/mol ;    nominal density:   [INLINE] = 1.0050E+01 g/cm3
          µa(barns/atom) = µ(cm2/g)  ×  3.76989E+02
          E(eV) µ(cm2/g) = f2(e/atom)  ×  1.85353E+05
          24 edges. Edge energies (keV):
          

  K      1.06755E+02  L I    1.98400E+01  L II   1.90832E+01  L III  1.58710E+01
  M I    5.00200E+00  M II   4.65600E+00  M III  3.90900E+00  M IV   3.37020E+00
  M V    3.21900E+00  N I    1.26900E+00  N II   1.08000E+00  N III  8.90000E-01
  N IV   6.74900E-01  N V    6.37000E-01  N VI   3.03944E-01  N VII  2.95067E-01
  O I    2.61255E-01  O II   2.06171E-01  O III  1.63235E-01  O IV   8.31361E-02
  O V    7.69389E-02  P I    4.04636E-02  P II   2.51851E-02  P III  1.84021E-02

          Relativistic correction estimate frel (H82,3/5CL) = -2.3597E+00, -1.3722E+00 e/atom
          Nuclear Thomson correction fNT = -1.9140E-02 e/atom
     _________________________________________________________________________________________________________
   
   Form Factors, Attenuation and Scattering Cross-sections
   Z=89, E = 0.001 - 1000 keV

                                                              Attenuation
     E         f1            f2          µ           [INLINE] (coh+inc) Coefficient    µK       wavelength
     keV       e/atom       e/atom      cm2/g       cm2/g      cm2/g          cm2/g        nm

1.069000E-02  1.98738E+01  0.0000E+00  0.0000E+00  1.2142E-04  1.2142E-04  0.000E+00  1.160E+02
1.142761E-02  1.97310E+01  0.0000E+00  0.0000E+00  1.6777E-04  1.6777E-04  0.000E+00  1.085E+02
1.221612E-02  1.95519E+01  0.0000E+00  0.0000E+00  2.3056E-04  2.3056E-04  0.000E+00  1.015E+02
1.305903E-02  1.93217E+01  0.0000E+00  0.0000E+00  3.1518E-04  3.1518E-04  0.000E+00  9.494E+01
1.396010E-02  1.90154E+01  0.0000E+00  0.0000E+00  4.2858E-04  4.2858E-04  0.000E+00  8.881E+01
1.492335E-02  1.85856E+01  0.0000E+00  0.0000E+00  5.7971E-04  5.7971E-04  0.000E+00  8.308E+01
1.595306E-02  1.79255E+01  0.0000E+00  0.0000E+00  7.8006E-04  7.8006E-04  0.000E+00  7.772E+01
1.705382E-02  1.67021E+01  0.0000E+00  0.0000E+00  1.0442E-03  1.0442E-03  0.000E+00  7.270E+01
1.803405E-02  1.36882E+01  0.0000E+00  0.0000E+00  1.3278E-03  1.3278E-03  0.000E+00  6.875E+01
1.823053E-02  1.17526E+01  0.0000E+00  0.0000E+00  1.3906E-03  1.3906E-03  0.000E+00  6.801E+01
1.831008E-02  1.01151E+01  0.0000E+00  0.0000E+00  1.4165E-03  1.4165E-03  0.000E+00  6.771E+01
1.838369E-02  5.74963E+00  0.0000E+00  0.0000E+00  1.4409E-03  1.4409E-03  0.000E+00  6.744E+01
1.849410E-02  1.04311E+01  8.6357E+00  8.6550E+04  1.4780E-03  8.6550E+04  0.000E+00  6.704E+01
1.877013E-02  1.45434E+01  8.2993E+00  8.1955E+04  1.5735E-03  8.1955E+04  0.000E+00  6.605E+01
1.948844E-02  1.78163E+01  7.5041E+00  7.1371E+04  1.8423E-03  7.1371E+04  0.000E+00  6.362E+01
2.083314E-02  1.99561E+01  6.2727E+00  5.5808E+04  2.4285E-03  5.5808E+04  0.000E+00  5.951E+01
2.227063E-02  2.06820E+01  5.2323E+00  4.3547E+04  3.1848E-03  4.3547E+04  0.000E+00  5.567E+01
2.380730E-02  2.04120E+01  4.3595E+00  3.3941E+04  4.1558E-03  3.3941E+04  0.000E+00  5.208E+01
2.468140E-02  1.92537E+01  3.9502E+00  2.9665E+04  4.7885E-03  2.9665E+04  0.000E+00  5.023E+01
2.505918E-02  1.72280E+01  3.7897E+00  2.8031E+04  5.0809E-03  2.8031E+04  0.000E+00  4.948E+01
2.515992E-02  1.46607E+01  3.7485E+00  2.7615E+04  5.1608E-03  2.7615E+04  0.000E+00  4.928E+01
2.531103E-02  1.74902E+01  8.8114E+00  6.4526E+04  5.2823E-03  6.4526E+04  0.000E+00  4.898E+01
2.545001E-02  1.88207E+01  8.6675E+00  6.3126E+04  5.3956E-03  6.3126E+04  0.000E+00  4.872E+01
2.568880E-02  2.00133E+01  8.4277E+00  6.0808E+04  5.5942E-03  6.0808E+04  0.000E+00  4.826E+01
2.720606E-02  2.26397E+01  7.0963E+00  4.8347E+04  6.9706E-03  4.8347E+04  0.000E+00  4.557E+01
2.908327E-02  2.36170E+01  5.8464E+00  3.7260E+04  8.9608E-03  3.7260E+04  0.000E+00  4.263E+01
3.109002E-02  2.39791E+01  4.9015E+00  2.9222E+04  1.1463E-02  2.9222E+04  0.000E+00  3.988E+01
3.323523E-02  2.40796E+01  4.1683E+00  2.3247E+04  1.4592E-02  2.3247E+04  0.000E+00  3.731E+01
3.552846E-02  2.40336E+01  3.5844E+00  1.8700E+04  1.8485E-02  1.8700E+04  0.000E+00  3.490E+01
3.797993E-02  2.38786E+01  3.1087E+00  1.5172E+04  2.3304E-02  1.5172E+04  0.000E+00  3.264E+01
3.965432E-02  2.36941E+01  2.8454E+00  1.3300E+04  2.7000E-02  1.3300E+04  0.000E+00  3.127E+01
4.026127E-02  2.35483E+01  2.7596E+00  1.2705E+04  2.8423E-02  1.2705E+04  0.000E+00  3.079E+01
4.042313E-02  2.34121E+01  2.7375E+00  1.2552E+04  2.8810E-02  1.2552E+04  0.000E+00  3.067E+01
4.060054E-02  2.35007E+01  2.9602E+00  1.3514E+04  2.9238E-02  1.3514E+04  0.000E+00  3.054E+01
4.066591E-02  2.35279E+01  2.9500E+00  1.3446E+04  2.9397E-02  1.3446E+04  0.000E+00  3.049E+01
4.127286E-02  2.35965E+01  2.8585E+00  1.2837E+04  3.0895E-02  1.2837E+04  0.000E+00  3.004E+01
4.340198E-02  2.35120E+01  2.5728E+00  1.0987E+04  3.6510E-02  1.0987E+04  0.000E+00  2.857E+01
4.639671E-02  2.32370E+01  2.2463E+00  8.9737E+03  4.5375E-02  8.9737E+03  0.000E+00  2.672E+01
4.959809E-02  2.28483E+01  1.9720E+00  7.3694E+03  5.6128E-02  7.3695E+03  0.000E+00  2.500E+01
5.302035E-02  2.23395E+01  1.7381E+00  6.0764E+03  6.9106E-02  6.0765E+03  0.000E+00  2.338E+01
5.667876E-02  2.16788E+01  1.5367E+00  5.0255E+03  8.4691E-02  5.0256E+03  0.000E+00  2.187E+01
6.058959E-02  2.07723E+01  1.3621E+00  4.1670E+03  1.0331E-01  4.1671E+03  0.000E+00  2.046E+01
6.477028E-02  1.94632E+01  1.2104E+00  3.4638E+03  1.2545E-01  3.4639E+03  0.000E+00  1.914E+01
6.923942E-02  1.73383E+01  1.0785E+00  2.8871E+03  1.5165E-01  2.8873E+03  0.000E+00  1.791E+01
7.401695E-02  1.26956E+01  9.6397E-01  2.4140E+03  1.8249E-01  2.4142E+03  0.000E+00  1.675E+01
7.540014E-02  9.64471E+00  9.3502E-01  2.2985E+03  1.9196E-01  2.2987E+03  0.000E+00  1.644E+01
7.655423E-02  3.21458E+00  9.1214E-01  2.2085E+03  2.0004E-01  2.2087E+03  0.000E+00  1.620E+01
7.686198E-02 -4.10506E+00  9.0623E-01  2.1854E+03  2.0222E-01  2.1856E+03  0.000E+00  1.613E+01
7.732361E-02  3.08047E+00  1.5066E+01  3.6115E+04  2.0552E-01  3.6115E+04  0.000E+00  1.603E+01
7.847770E-02  9.02096E+00  1.4994E+01  3.5415E+04  2.1387E-01  3.5415E+04  0.000E+00  1.580E+01
7.912411E-02  1.03552E+01  1.4955E+01  3.5033E+04  2.1862E-01  3.5033E+04  0.000E+00  1.567E+01
8.147337E-02  1.18469E+01  1.4817E+01  3.3710E+04  2.3631E-01  3.3710E+04  0.000E+00  1.522E+01
8.272042E-02  9.52342E+00  1.4747E+01  3.3044E+04  2.4597E-01  3.3044E+04  0.000E+00  1.499E+01
8.305296E-02  5.52554E+00  1.4729E+01  3.2871E+04  2.4858E-01  3.2871E+04  0.000E+00  1.493E+01
8.355178E-02  1.03287E+01  2.3173E+01  5.1408E+04  2.5251E-01  5.1408E+04  0.000E+00  1.484E+01
8.458368E-02  1.46493E+01  2.3176E+01  5.0787E+04  2.6074E-01  5.0787E+04  0.000E+00  1.466E+01
8.479882E-02  1.52205E+01  2.3176E+01  5.0659E+04  2.6247E-01  5.0659E+04  0.000E+00  1.462E+01
9.041995E-02  2.39206E+01  2.2422E+01  4.5962E+04  3.0960E-01  4.5962E+04  0.000E+00  1.371E+01
9.665893E-02  2.97628E+01  2.0186E+01  3.8708E+04  3.6601E-01  3.8708E+04  0.000E+00  1.283E+01
1.033284E-01  3.34927E+01  1.6702E+01  2.9961E+04  4.3082E-01  2.9961E+04  0.000E+00  1.200E+01
1.104581E-01  3.52903E+01  1.3035E+01  2.1873E+04  5.0491E-01  2.1874E+04  0.000E+00  1.122E+01
1.180797E-01  3.57040E+01  9.8284E+00  1.5428E+04  5.8920E-01  1.5429E+04  0.000E+00  1.050E+01
1.262272E-01  3.52888E+01  7.3068E+00  1.0729E+04  6.8464E-01  1.0730E+04  0.000E+00  9.822E+00
1.349368E-01  3.44492E+01  5.4453E+00  7.4799E+03  7.9218E-01  7.4807E+03  0.000E+00  9.188E+00
1.442475E-01  3.34164E+01  4.1195E+00  5.2934E+03  9.1277E-01  5.2943E+03  0.000E+00  8.595E+00
1.542005E-01  3.22488E+01  3.1919E+00  3.8367E+03  1.0473E+00  3.8377E+03  0.000E+00  8.040E+00
1.599698E-01  3.14171E+01  2.8080E+00  3.2535E+03  1.1277E+00  3.2546E+03  0.000E+00  7.750E+00
1.624183E-01  3.07548E+01  2.6703E+00  3.0474E+03  1.1623E+00  3.0486E+03  0.000E+00  7.634E+00
1.630713E-01  3.01621E+01  2.6358E+00  2.9960E+03  1.1716E+00  2.9972E+03  0.000E+00  7.603E+00
1.640507E-01  3.06338E+01  3.6417E+00  4.1145E+03  1.1855E+00  4.1157E+03  0.000E+00  7.558E+00
1.648404E-01  3.08022E+01  3.5977E+00  4.0454E+03  1.1968E+00  4.0466E+03  0.000E+00  7.521E+00
1.664992E-01  3.09145E+01  3.5094E+00  3.9067E+03  1.2205E+00  3.9079E+03  0.000E+00  7.447E+00
1.762144E-01  3.06429E+01  3.0824E+00  3.2423E+03  1.3619E+00  3.2437E+03  0.000E+00  7.036E+00
1.883732E-01  2.99615E+01  2.7103E+00  2.6668E+03  1.5436E+00  2.6683E+03  0.000E+00  6.582E+00
2.013709E-01  2.90378E+01  2.4479E+00  2.2532E+03  1.7423E+00  2.2549E+03  0.000E+00  6.157E+00
2.020480E-01  2.89721E+01  2.4370E+00  2.2356E+03  1.7528E+00  2.2374E+03  0.000E+00  6.136E+00
2.051405E-01  2.85233E+01  2.3900E+00  2.1595E+03  1.8007E+00  2.1613E+03  0.000E+00  6.044E+00
2.059652E-01  2.81320E+01  2.3782E+00  2.1402E+03  1.8135E+00  2.1420E+03  0.000E+00  6.020E+00
2.072023E-01  2.84398E+01  3.0481E+00  2.7267E+03  1.8328E+00  2.7285E+03  0.000E+00  5.984E+00
2.102948E-01  2.86015E+01  2.9782E+00  2.6250E+03  1.8810E+00  2.6269E+03  0.000E+00  5.896E+00
2.152655E-01  2.85224E+01  2.8768E+00  2.4770E+03  1.9589E+00  2.4790E+03  0.000E+00  5.760E+00
2.301188E-01  2.79004E+01  2.6390E+00  2.1256E+03  2.1935E+00  2.1278E+03  0.000E+00  5.388E+00
2.459970E-01  2.70176E+01  2.4705E+00  1.8615E+03  2.4466E+00  1.8639E+03  0.000E+00  5.040E+00
2.560302E-01  2.63471E+01  2.3966E+00  1.7350E+03  2.6071E+00  1.7376E+03  0.000E+00  4.843E+00
2.599490E-01  2.60025E+01  2.3730E+00  1.6920E+03  2.6698E+00  1.6947E+03  0.000E+00  4.770E+00
2.609940E-01  2.58305E+01  2.3671E+00  1.6811E+03  2.6866E+00  1.6838E+03  0.000E+00  4.750E+00
2.625616E-01  2.58246E+01  2.5572E+00  1.8052E+03  2.7116E+00  1.8079E+03  0.000E+00  4.722E+00
2.629708E-01  2.58135E+01  2.5552E+00  1.8010E+03  2.7182E+00  1.8037E+03  0.000E+00  4.715E+00
2.664804E-01  2.56364E+01  2.5393E+00  1.7663E+03  2.7744E+00  1.7691E+03  0.000E+00  4.653E+00
2.811158E-01  2.45672E+01  2.4903E+00  1.6419E+03  3.0082E+00  1.6449E+03  0.000E+00  4.410E+00
2.891658E-01  2.38229E+01  2.4729E+00  1.5851E+03  3.1364E+00  1.5882E+03  0.000E+00  4.288E+00
2.935918E-01  2.33060E+01  2.4656E+00  1.5566E+03  3.2067E+00  1.5598E+03  0.000E+00  4.223E+00
2.947720E-01  2.30852E+01  2.4639E+00  1.5493E+03  3.2254E+00  1.5525E+03  0.000E+00  4.206E+00
2.965424E-01  2.29742E+01  2.6560E+00  1.6602E+03  3.2535E+00  1.6635E+03  0.000E+00  4.181E+00
2.978648E-01  2.28596E+01  2.6690E+00  1.6609E+03  3.2744E+00  1.6642E+03  0.000E+00  4.162E+00
3.005128E-01  2.25818E+01  2.6985E+00  1.6644E+03  3.3163E+00  1.6677E+03  0.000E+00  4.126E+00
3.009684E-01  2.25289E+01  2.7041E+00  1.6653E+03  3.3235E+00  1.6686E+03  0.000E+00  4.120E+00
3.024240E-01  2.23454E+01  2.7229E+00  1.6689E+03  3.3465E+00  1.6722E+03  0.000E+00  4.100E+00
3.036397E-01  2.21388E+01  2.7400E+00  1.6726E+03  3.3657E+00  1.6760E+03  0.000E+00  4.083E+00
3.054634E-01  2.19987E+01  2.9188E+00  1.7711E+03  3.3945E+00  1.7745E+03  0.000E+00  4.059E+00
3.100226E-01  2.15241E+01  3.0429E+00  1.8193E+03  3.4663E+00  1.8228E+03  0.000E+00  3.999E+00
3.212482E-01  2.01342E+01  3.5042E+00  2.0219E+03  3.6421E+00  2.0255E+03  0.000E+00  3.859E+00
3.434143E-01  1.70858E+01  5.3640E+00  2.8952E+03  3.9846E+00  2.8992E+03  0.000E+00  3.610E+00
3.671099E-01  1.41668E+01  8.8327E+00  4.4596E+03  4.3430E+00  4.4639E+03  0.000E+00  3.377E+00
3.924405E-01  1.22832E+01  1.3853E+01  6.5428E+03  4.7160E+00  6.5475E+03  0.000E+00  3.159E+00
4.195189E-01  1.21882E+01  1.9787E+01  8.7423E+03  5.1021E+00  8.7474E+03  0.000E+00  2.955E+00
4.484657E-01  1.41098E+01  2.5675E+01  1.0612E+04  5.4995E+00  1.0618E+04  0.000E+00  2.765E+00
4.794098E-01  1.77163E+01  3.0651E+01  1.1851E+04  5.9063E+00  1.1857E+04  0.000E+00  2.586E+00
5.124891E-01  2.23409E+01  3.4206E+01  1.2371E+04  6.3204E+00  1.2377E+04  0.000E+00  2.419E+00
5.478508E-01  2.72355E+01  3.6224E+01  1.2256E+04  6.7394E+00  1.2263E+04  0.000E+00  2.263E+00
5.856525E-01  3.16964E+01  3.6870E+01  1.1669E+04  7.1607E+00  1.1676E+04  0.000E+00  2.117E+00
6.242600E-01  3.44780E+01  3.6478E+01  1.0831E+04  7.5634E+00  1.0839E+04  0.000E+00  1.986E+00
6.260625E-01  3.44934E+01  3.6442E+01  1.0789E+04  7.5816E+00  1.0797E+04  0.000E+00  1.980E+00
6.338150E-01  3.39618E+01  3.6272E+01  1.0607E+04  7.6590E+00  1.0615E+04  0.000E+00  1.956E+00
6.363630E-01  3.26056E+01  3.6211E+01  1.0547E+04  7.6842E+00  1.0555E+04  0.000E+00  1.948E+00
6.401850E-01  3.44394E+01  3.9169E+01  1.1341E+04  7.7217E+00  1.1349E+04  0.000E+00  1.937E+00
6.497400E-01  3.64485E+01  3.8978E+01  1.1119E+04  7.8146E+00  1.1127E+04  0.000E+00  1.908E+00
6.614020E-01  3.77142E+01  3.8711E+01  1.0849E+04  7.9257E+00  1.0857E+04  0.000E+00  1.875E+00
6.692609E-01  3.81102E+01  3.8515E+01  1.0667E+04  7.9993E+00  1.0675E+04  0.000E+00  1.853E+00
6.715255E-01  3.80509E+01  3.8456E+01  1.0615E+04  8.0203E+00  1.0623E+04  0.000E+00  1.846E+00
6.742251E-01  3.73808E+01  3.8385E+01  1.0553E+04  8.0452E+00  1.0561E+04  0.000E+00  1.839E+00
6.782745E-01  3.87307E+01  4.0142E+01  1.0970E+04  8.0824E+00  1.0978E+04  0.000E+00  1.828E+00
6.883980E-01  4.05137E+01  3.9903E+01  1.0744E+04  8.1741E+00  1.0752E+04  0.000E+00  1.801E+00
7.154399E-01  4.34555E+01  3.9208E+01  1.0158E+04  8.4109E+00  1.0166E+04  0.000E+00  1.733E+00
7.648052E-01  4.73026E+01  3.7788E+01  9.1579E+03  8.8135E+00  9.1667E+03  0.000E+00  1.621E+00
8.175768E-01  5.02573E+01  3.6177E+01  8.2016E+03  9.2041E+00  8.2108E+03  0.000E+00  1.516E+00
8.722000E-01  5.20189E+01  3.4545E+01  7.3412E+03  9.5685E+00  7.3508E+03  0.000E+00  1.422E+00
8.739896E-01  5.20255E+01  3.4492E+01  7.3150E+03  9.5798E+00  7.3246E+03  0.000E+00  1.419E+00
8.855500E-01  5.16809E+01  3.4156E+01  7.1492E+03  9.6517E+00  7.1589E+03  0.000E+00  1.400E+00
8.891100E-01  5.07262E+01  3.4053E+01  7.0991E+03  9.6736E+00  7.1088E+03  0.000E+00  1.394E+00
8.944500E-01  5.20499E+01  3.6056E+01  7.4718E+03  9.7060E+00  7.4815E+03  0.000E+00  1.386E+00
9.078000E-01  5.35344E+01  3.5683E+01  7.2856E+03  9.7857E+00  7.2954E+03  0.000E+00  1.366E+00
9.342948E-01  5.51792E+01  3.4963E+01  6.9363E+03  9.9376E+00  6.9462E+03  0.000E+00  1.327E+00
9.987612E-01  5.79642E+01  3.3342E+01  6.1878E+03  1.0275E+01  6.1981E+03  0.000E+00  1.241E+00
1.058400E+00  5.98671E+01  3.1785E+01  5.5664E+03  1.0549E+01  5.5769E+03  0.000E+00  1.171E+00
1.067676E+00  6.00719E+01  3.1553E+01  5.4778E+03  1.0589E+01  5.4884E+03  0.000E+00  1.161E+00
1.074600E+00  6.01619E+01  3.1382E+01  5.4129E+03  1.0618E+01  5.4235E+03  0.000E+00  1.154E+00
1.078920E+00  6.00566E+01  3.1271E+01  5.3721E+03  1.0636E+01  5.3827E+03  0.000E+00  1.149E+00
1.085400E+00  6.04900E+01  3.1556E+01  5.3888E+03  1.0663E+01  5.3995E+03  0.000E+00  1.142E+00
1.101600E+00  6.11428E+01  3.1128E+01  5.2375E+03  1.0728E+01  5.2482E+03  0.000E+00  1.125E+00
1.141345E+00  6.22892E+01  3.0123E+01  4.8920E+03  1.0877E+01  4.9029E+03  0.000E+00  1.086E+00
1.220098E+00  6.39498E+01  2.8075E+01  4.2651E+03  1.1138E+01  4.2762E+03  0.000E+00  1.016E+00
1.243620E+00  6.42609E+01  2.7421E+01  4.0869E+03  1.1207E+01  4.0981E+03  0.000E+00  9.970E-01
1.262655E+00  6.43257E+01  2.6915E+01  3.9510E+03  1.1260E+01  3.9623E+03  0.000E+00  9.819E-01
1.267731E+00  6.41241E+01  2.6784E+01  3.9160E+03  1.1274E+01  3.9273E+03  0.000E+00  9.780E-01
1.275345E+00  6.45230E+01  2.7131E+01  3.9432E+03  1.1295E+01  3.9545E+03  0.000E+00  9.722E-01
1.294380E+00  6.50202E+01  2.6660E+01  3.8177E+03  1.1344E+01  3.8290E+03  0.000E+00  9.579E-01
1.304285E+00  6.52023E+01  2.6422E+01  3.7549E+03  1.1369E+01  3.7663E+03  0.000E+00  9.506E-01
1.394281E+00  6.63393E+01  2.4462E+01  3.2519E+03  1.1568E+01  3.2635E+03  0.000E+00  8.892E-01
1.490486E+00  6.71081E+01  2.2675E+01  2.8198E+03  1.1734E+01  2.8315E+03  0.000E+00  8.318E-01
1.593329E+00  6.76393E+01  2.1018E+01  2.4450E+03  1.1866E+01  2.4569E+03  0.000E+00  7.781E-01
1.703269E+00  6.79719E+01  1.9501E+01  2.1221E+03  1.1963E+01  2.1341E+03  0.000E+00  7.279E-01
1.820795E+00  6.81368E+01  1.8124E+01  1.8450E+03  1.2024E+01  1.8570E+03  0.000E+00  6.809E-01
1.946430E+00  6.81498E+01  1.6875E+01  1.6069E+03  1.2049E+01  1.6189E+03  0.000E+00  6.370E-01
2.080733E+00  6.80232E+01  1.5741E+01  1.4023E+03  1.2040E+01  1.4143E+03  0.000E+00  5.959E-01
2.224304E+00  6.77424E+01  1.4707E+01  1.2256E+03  1.1995E+01  1.2376E+03  0.000E+00  5.574E-01
2.377781E+00  6.72542E+01  1.3760E+01  1.0726E+03  1.1916E+01  1.0845E+03  0.000E+00  5.214E-01
2.541848E+00  6.64879E+01  1.2897E+01  9.4044E+02  1.1803E+01  9.5224E+02  0.000E+00  4.878E-01
2.717235E+00  6.52404E+01  1.2012E+01  8.1940E+02  1.1659E+01  8.3106E+02  0.000E+00  4.563E-01
2.904724E+00  6.30106E+01  1.1152E+01  7.1165E+02  1.1484E+01  7.2313E+02  0.000E+00  4.268E-01
3.105150E+00  5.77265E+01  1.0209E+01  6.0938E+02  1.1281E+01  6.2066E+02  0.000E+00  3.993E-01
3.154620E+00  5.46701E+01  9.9646E+00  5.8548E+02  1.1229E+01  5.9671E+02  0.000E+00  3.930E-01
3.202905E+00  4.74992E+01  9.7367E+00  5.6347E+02  1.1178E+01  5.7465E+02  0.000E+00  3.871E-01
3.215781E+00  3.94338E+01  9.6776E+00  5.5780E+02  1.1164E+01  5.6896E+02  0.000E+00  3.855E-01
3.235095E+00  4.70761E+01  2.5070E+01  1.4364E+03  1.1143E+01  1.4475E+03  0.000E+00  3.832E-01
3.283380E+00  5.30804E+01  2.4428E+01  1.3790E+03  1.1091E+01  1.3901E+03  0.000E+00  3.776E-01
3.302796E+00  5.37617E+01  2.4177E+01  1.3568E+03  1.1069E+01  1.3679E+03  0.000E+00  3.754E-01
3.319406E+00  5.39096E+01  2.3966E+01  1.3382E+03  1.1051E+01  1.3493E+03  0.000E+00  3.735E-01
3.353349E+00  5.22118E+01  2.3544E+01  1.3014E+03  1.1014E+01  1.3124E+03  0.000E+00  3.697E-01
3.366830E+00  4.79088E+01  2.3380E+01  1.2871E+03  1.0999E+01  1.2981E+03  0.000E+00  3.683E-01
3.387051E+00  5.32837E+01  3.2580E+01  1.7829E+03  1.0977E+01  1.7939E+03  0.000E+00  3.661E-01
3.437604E+00  5.89151E+01  3.2042E+01  1.7277E+03  1.0921E+01  1.7386E+03  0.000E+00  3.607E-01
3.548445E+00  6.42353E+01  3.0912E+01  1.6147E+03  1.0797E+01  1.6255E+03  0.000E+00  3.494E-01
3.793288E+00  6.91124E+01  2.7898E+01  1.3632E+03  1.0521E+01  1.3737E+03  0.000E+00  3.269E-01
3.830820E+00  6.92257E+01  2.7450E+01  1.3282E+03  1.0478E+01  1.3387E+03  0.000E+00  3.236E-01
3.889455E+00  6.82021E+01  2.6763E+01  1.2754E+03  1.0412E+01  1.2858E+03  0.000E+00  3.188E-01
3.905091E+00  6.61496E+01  2.6582E+01  1.2617E+03  1.0394E+01  1.2721E+03  0.000E+00  3.175E-01
3.928545E+00  6.87070E+01  3.0771E+01  1.4518E+03  1.0368E+01  1.4622E+03  0.000E+00  3.156E-01
3.987180E+00  7.14470E+01  3.0074E+01  1.3981E+03  1.0301E+01  1.4084E+03  0.000E+00  3.110E-01
4.055024E+00  7.31027E+01  2.9293E+01  1.3390E+03  1.0225E+01  1.3492E+03  0.000E+00  3.058E-01
4.334821E+00  7.67671E+01  2.6301E+01  1.1246E+03  9.9112E+00  1.1345E+03  0.000E+00  2.860E-01
4.562880E+00  7.79642E+01  2.4201E+01  9.8309E+02  9.6600E+00  9.9275E+02  0.000E+00  2.717E-01
4.633924E+00  7.76849E+01  2.3607E+01  9.4424E+02  9.5828E+00  9.5382E+02  0.000E+00  2.676E-01
4.651344E+00  7.70244E+01  2.3465E+01  9.3505E+02  9.5639E+00  9.4461E+02  0.000E+00  2.666E-01
4.679280E+00  7.79254E+01  2.4762E+01  9.8086E+02  9.5337E+00  9.9039E+02  0.000E+00  2.650E-01
4.749120E+00  7.89170E+01  2.4206E+01  9.4474E+02  9.4586E+00  9.5420E+02  0.000E+00  2.611E-01
4.901960E+00  7.98369E+01  2.3066E+01  8.7218E+02  9.2962E+00  8.8148E+02  0.000E+00  2.529E-01
4.953664E+00  7.99200E+01  2.2704E+01  8.4952E+02  9.2419E+00  8.5876E+02  0.000E+00  2.503E-01
4.976990E+00  7.98445E+01  2.2544E+01  8.3957E+02  9.2175E+00  8.4879E+02  0.000E+00  2.491E-01
4.996998E+00  7.94488E+01  2.2408E+01  8.3118E+02  9.1966E+00  8.4038E+02  0.000E+00  2.481E-01
5.027010E+00  8.01012E+01  2.3191E+01  8.5508E+02  9.1653E+00  8.6425E+02  0.000E+00  2.466E-01
5.102040E+00  8.08956E+01  2.2702E+01  8.2473E+02  9.0877E+00  8.3382E+02  0.000E+00  2.430E-01
5.295467E+00  8.20035E+01  2.1513E+01  7.5301E+02  8.8909E+00  7.6190E+02  0.000E+00  2.341E-01
5.660855E+00  8.32952E+01  1.9546E+01  6.3999E+02  8.5323E+00  6.4852E+02  0.000E+00  2.190E-01
6.051453E+00  8.41867E+01  1.7771E+01  5.4432E+02  8.1684E+00  5.5249E+02  0.000E+00  2.049E-01
6.469004E+00  8.49840E+01  1.6148E+01  4.6269E+02  7.8014E+00  4.7049E+02  0.000E+00  1.917E-01
6.915365E+00  8.55362E+01  1.4624E+01  3.9197E+02  7.4334E+00  3.9940E+02  0.000E+00  1.793E-01
7.392525E+00  8.58036E+01  1.3242E+01  3.3203E+02  7.0664E+00  3.3910E+02  0.000E+00  1.677E-01
7.902609E+00  8.60482E+01  1.2009E+01  2.8166E+02  6.7023E+00  2.8836E+02  0.000E+00  1.569E-01
8.447890E+00  8.61232E+01  1.0891E+01  2.3896E+02  6.3428E+00  2.4530E+02  0.000E+00  1.468E-01
9.030794E+00  8.62298E+01  9.8603E+00  2.0238E+02  5.9894E+00  2.0837E+02  0.000E+00  1.373E-01
9.653919E+00  8.61994E+01  8.8228E+00  1.6939E+02  5.6435E+00  1.7503E+02  0.000E+00  1.284E-01
1.032004E+01  8.60250E+01  7.8971E+00  1.4184E+02  5.3064E+00  1.4715E+02  0.000E+00  1.201E-01
1.103212E+01  8.57468E+01  7.0763E+00  1.1889E+02  4.9792E+00  1.2387E+02  0.000E+00  1.124E-01
1.179334E+01  8.53853E+01  6.3510E+00  9.9818E+01  4.6627E+00  1.0448E+02  0.000E+00  1.051E-01
1.260708E+01  8.49223E+01  5.7054E+00  8.3883E+01  4.3576E+00  8.8241E+01  0.000E+00  9.834E-02
1.347697E+01  8.43009E+01  5.1303E+00  7.0559E+01  4.0648E+00  7.4624E+01  0.000E+00  9.200E-02
1.440688E+01  8.33587E+01  4.6144E+00  5.9367E+01  3.7844E+00  6.3151E+01  0.000E+00  8.606E-02
1.540095E+01  8.12584E+01  4.1462E+00  4.9901E+01  3.5170E+00  5.3418E+01  0.000E+00  8.050E-02
1.555358E+01  8.05389E+01  4.0817E+00  4.8642E+01  3.4786E+00  5.2121E+01  0.000E+00  7.971E-02
1.579165E+01  7.79818E+01  3.9846E+00  4.6769E+01  3.4200E+00  5.0189E+01  0.000E+00  7.851E-02
1.585513E+01  7.49735E+01  3.9594E+00  4.6287E+01  3.4047E+00  4.9692E+01  0.000E+00  7.820E-02
1.595036E+01  7.79733E+01  9.8111E+00  1.1401E+02  3.3818E+00  1.1739E+02  0.000E+00  7.773E-02
1.618842E+01  8.06378E+01  9.5811E+00  1.0970E+02  3.3258E+00  1.1303E+02  0.000E+00  7.659E-02
1.646362E+01  8.18116E+01  9.3265E+00  1.0500E+02  3.2628E+00  1.0826E+02  0.000E+00  7.531E-02
1.759961E+01  8.34273E+01  8.3371E+00  8.7803E+01  3.0217E+00  9.0825E+01  0.000E+00  7.045E-02
1.870154E+01  8.29309E+01  7.5063E+00  7.4396E+01  2.8138E+00  7.7210E+01  0.000E+00  6.630E-02
1.881398E+01  8.26417E+01  7.4287E+00  7.3187E+01  2.7939E+00  7.5981E+01  0.000E+00  6.590E-02
1.898778E+01  8.17056E+01  7.3111E+00  7.1369E+01  2.7635E+00  7.4132E+01  0.000E+00  6.530E-02
1.906412E+01  8.01855E+01  7.2604E+00  7.0590E+01  2.7503E+00  7.3340E+01  0.000E+00  6.504E-02
1.917862E+01  8.17070E+01  1.0179E+01  9.8374E+01  2.7307E+00  1.0110E+02  0.000E+00  6.465E-02
1.944320E+01  8.29316E+01  9.9560E+00  9.4911E+01  2.6863E+00  9.7597E+01  0.000E+00  6.377E-02
1.946486E+01  8.29754E+01  9.9381E+00  9.4635E+01  2.6828E+00  9.7318E+01  0.000E+00  6.370E-02
1.974080E+01  8.30354E+01  9.7148E+00  9.1215E+01  2.6378E+00  9.3853E+01  0.000E+00  6.281E-02
1.982016E+01  8.24220E+01  9.6521E+00  9.0264E+01  2.6251E+00  9.2889E+01  0.000E+00  6.255E-02
1.993920E+01  8.33853E+01  1.1060E+01  1.0281E+02  2.6062E+00  1.0542E+02  0.000E+00  6.218E-02
2.011215E+01  8.41382E+01  1.0919E+01  1.0063E+02  2.5791E+00  1.0321E+02  0.000E+00  6.165E-02
2.023680E+01  8.44903E+01  1.0818E+01  9.9087E+01  2.5599E+00  1.0165E+02  0.000E+00  6.127E-02
2.149988E+01  8.63479E+01  9.8611E+00  8.5014E+01  2.3773E+00  8.7391E+01  0.000E+00  5.767E-02
2.298338E+01  8.74007E+01  8.8862E+00  7.1664E+01  2.1881E+00  7.3852E+01  0.000E+00  5.395E-02
2.456923E+01  8.80633E+01  8.0074E+00  6.0409E+01  2.0112E+00  6.2420E+01  0.000E+00  5.046E-02
2.626450E+01  8.85179E+01  7.2189E+00  5.0945E+01  1.8463E+00  5.2791E+01  0.000E+00  4.721E-02
2.807676E+01  8.88544E+01  6.4683E+00  4.2701E+01  1.6929E+00  4.4394E+01  0.000E+00  4.416E-02
3.001405E+01  8.90513E+01  5.7880E+00  3.5744E+01  1.5505E+00  3.7294E+01  0.000E+00  4.131E-02
3.208502E+01  8.92282E+01  5.1815E+00  2.9933E+01  1.4187E+00  3.1352E+01  0.000E+00  3.864E-02
3.429889E+01  8.92867E+01  4.6315E+00  2.5029E+01  1.2970E+00  2.6326E+01  0.000E+00  3.615E-02
3.666551E+01  8.93029E+01  4.1441E+00  2.0950E+01  1.1848E+00  2.2135E+01  0.000E+00  3.381E-02
3.919543E+01  8.93280E+01  3.7081E+00  1.7535E+01  1.0817E+00  1.8617E+01  0.000E+00  3.163E-02
4.189992E+01  8.93195E+01  3.3067E+00  1.4628E+01  9.8698E-01  1.5615E+01  0.000E+00  2.959E-02
4.479101E+01  8.92620E+01  2.9491E+00  1.2204E+01  9.0026E-01  1.3104E+01  0.000E+00  2.768E-02
4.788159E+01  8.91902E+01  2.6322E+00  1.0189E+01  8.2099E-01  1.1010E+01  0.000E+00  2.589E-02
5.118542E+01  8.91089E+01  2.3512E+00  8.5140E+00  7.4865E-01  9.2626E+00  0.000E+00  2.422E-02
5.471721E+01  8.90209E+01  2.1017E+00  7.1195E+00  6.8276E-01  7.8023E+00  0.000E+00  2.266E-02
5.849270E+01  8.89277E+01  1.8802E+00  5.9579E+00  6.2285E-01  6.5808E+00  0.000E+00  2.120E-02
6.252870E+01  8.88300E+01  1.6832E+00  4.9895E+00  5.6845E-01  5.5580E+00  0.000E+00  1.983E-02
6.684318E+01  8.87272E+01  1.5080E+00  4.1817E+00  5.1914E-01  4.7008E+00  0.000E+00  1.855E-02
7.145536E+01  8.86177E+01  1.3506E+00  3.5033E+00  4.7450E-01  3.9778E+00  0.000E+00  1.735E-02
7.638578E+01  8.84967E+01  1.2095E+00  2.9349E+00  4.3414E-01  3.3690E+00  0.000E+00  1.623E-02
8.165640E+01  8.83607E+01  1.0812E+00  2.4542E+00  3.9770E-01  2.8519E+00  0.000E+00  1.518E-02
8.729069E+01  8.81880E+01  9.5963E-01  2.0377E+00  3.6482E-01  2.4025E+00  0.000E+00  1.420E-02
9.331374E+01  8.79430E+01  8.5031E-01  1.6890E+00  3.3518E-01  2.0242E+00  0.000E+00  1.329E-02
9.975239E+01  8.75154E+01  7.5400E-01  1.4010E+00  3.0849E-01  1.7095E+00  0.000E+00  1.243E-02
1.046202E+02  8.67083E+01  6.9228E-01  1.2265E+00  2.9107E-01  1.5176E+00  0.000E+00  1.185E-02
1.062215E+02  8.57166E+01  6.7374E-01  1.1756E+00  2.8579E-01  1.4614E+00  0.000E+00  1.167E-02
1.066353E+02  8.46176E+01  6.6908E-01  1.1630E+00  2.8446E-01  1.4475E+00  0.000E+00  1.163E-02
1.066485E+02  8.45308E+01  6.6893E-01  1.1626E+00  2.8442E-01  1.4470E+00  0.000E+00  1.163E-02
1.072891E+02  8.57662E+01  2.9949E+00  5.1740E+00  2.8238E-01  5.4564E+00  4.031E+00  1.156E-02
1.088904E+02  8.68460E+01  2.9272E+00  4.9827E+00  2.7743E-01  5.2601E+00  3.885E+00  1.139E-02
1.139931E+02  8.78237E+01  2.7264E+00  4.4331E+00  2.6284E-01  4.6959E+00  3.467E+00  1.088E-02
1.218587E+02  8.83964E+01  2.4567E+00  3.7368E+00  2.4338E-01  3.9802E+00  2.934E+00  1.017E-02
1.302669E+02  8.87071E+01  2.2109E+00  3.1459E+00  2.2588E-01  3.3718E+00  2.478E+00  9.518E-03
1.392553E+02  8.89025E+01  1.9891E+00  2.6476E+00  2.1013E-01  2.8577E+00  2.092E+00  8.903E-03
1.488640E+02  8.90330E+01  1.7894E+00  2.2280E+00  1.9594E-01  2.4239E+00  1.765E+00  8.329E-03
1.591356E+02  8.91220E+01  1.6081E+00  1.8730E+00  1.8316E-01  2.0562E+00  1.487E+00  7.791E-03
1.701159E+02  8.91812E+01  1.4447E+00  1.5741E+00  1.7162E-01  1.7457E+00  1.252E+00  7.288E-03
1.818539E+02  8.92198E+01  1.2979E+00  1.3229E+00  1.6120E-01  1.4841E+00  1.054E+00  6.818E-03
1.944018E+02  8.92436E+01  1.1661E+00  1.1118E+00  1.5177E-01  1.2636E+00  8.875E-01  6.378E-03
2.078156E+02  8.92565E+01  1.0478E+00  9.3459E-01  1.4322E-01  1.0778E+00  7.471E-01  5.966E-03
2.221548E+02  8.92614E+01  9.4169E-01  7.8569E-01  1.3544E-01  9.2113E-01  6.289E-01  5.581E-03
2.374835E+02  8.92607E+01  8.4700E-01  6.6107E-01  1.2836E-01  7.8943E-01  5.299E-01  5.221E-03
2.538699E+02  8.92560E+01  7.6192E-01  5.5629E-01  1.2188E-01  6.7817E-01  4.465E-01  4.884E-03
2.713869E+02  8.92485E+01  6.8547E-01  4.6817E-01  1.1594E-01  5.8411E-01  3.762E-01  4.569E-03
2.901126E+02  8.92389E+01  6.1676E-01  3.9405E-01  1.1048E-01  5.0453E-01  3.170E-01  4.274E-03
3.101304E+02  8.92280E+01  5.5500E-01  3.3170E-01  1.0543E-01  4.3713E-01  2.671E-01  3.998E-03
3.315294E+02  8.92162E+01  4.9947E-01  2.7925E-01  1.0075E-01  3.8000E-01  2.251E-01  3.740E-03
3.544049E+02  8.92040E+01  4.4955E-01  2.3511E-01  9.6404E-02  3.3151E-01  1.896E-01  3.498E-03
3.788588E+02  8.91916E+01  4.0465E-01  1.9797E-01  9.2341E-02  2.9031E-01  1.598E-01  3.273E-03
4.050001E+02  8.91792E+01  3.6428E-01  1.6672E-01  8.8531E-02  2.5525E-01  1.346E-01  3.061E-03
4.329451E+02  8.91671E+01  3.2796E-01  1.4041E-01  8.4946E-02  2.2536E-01  1.134E-01  2.864E-03
