    96  247.070007
    12   104
    41    33    31    28    23    20    17    15    12     8     5     3
 K  L1 L2 L3 M1 M2 M3 M4 M5 N1 N2 N3
 128220.0  24460.0  23799.0  18930.0   6288.0   5895.0   4797.0   4227.0
   3971.0   1643.0   1440.0   1154.0
  1.00000E+03  1.15390E+03  1.15400E+03  1.43990E+03  1.44000E+03  1.50000E+03
  1.64290E+03  1.64300E+03  2.00000E+03  3.00000E+03  3.97090E+03  3.97100E+03
  4.00000E+03  4.22690E+03  4.22700E+03  4.79690E+03  4.79700E+03  5.00000E+03
  5.89490E+03  5.89500E+03  6.00000E+03  6.28790E+03  6.28800E+03  8.00000E+03
  1.00000E+04  1.50000E+04  1.89299E+04  1.89300E+04  2.00000E+04  2.37989E+04
  2.37990E+04  2.44599E+04  2.44600E+04  3.00000E+04  4.00000E+04  5.00000E+04
  6.00000E+04  8.00000E+04  1.00000E+05  1.28220E+05  1.28220E+05  1.50000E+05
  2.00000E+05  3.00000E+05  4.00000E+05  5.00000E+05  6.00000E+05  8.00000E+05
  1.00000E+06  1.02200E+06  1.25000E+06  1.50000E+06  2.00000E+06  2.04400E+06
  3.00000E+06  4.00000E+06  5.00000E+06  6.00000E+06  7.00000E+06  8.00000E+06
  9.00000E+06  1.00000E+07  1.10000E+07  1.20000E+07  1.30000E+07  1.40000E+07
  1.50000E+07  1.60000E+07  1.80000E+07  2.00000E+07  2.20000E+07  2.40000E+07
  2.60000E+07  2.80000E+07  3.00000E+07  4.00000E+07  5.00000E+07  6.00000E+07
  8.00000E+07  1.00000E+08  1.50000E+08  2.00000E+08  3.00000E+08  4.00000E+08
  5.00000E+08  6.00000E+08  8.00000E+08  1.00000E+09  1.50000E+09  2.00000E+09
  3.00000E+09  4.00000E+09  5.00000E+09  6.00000E+09  8.00000E+09  1.00000E+10
  1.50000E+10  2.00000E+10  3.00000E+10  4.00000E+10  5.00000E+10  6.00000E+10
  8.00000E+10  1.00000E+11
 5.867E+03 5.792E+03 5.792E+03 5.650E+03 5.650E+03 5.618E+03 5.540E+03 5.540E+03
 5.347E+03 4.805E+03 4.313E+03 4.313E+03 4.299E+03 4.192E+03 4.192E+03 3.937E+03
 3.937E+03 3.851E+03 3.502E+03 3.502E+03 3.464E+03 3.363E+03 3.363E+03 2.847E+03
 2.384E+03 1.627E+03 1.258E+03 1.258E+03 1.179E+03 9.508E+02 9.508E+02 9.177E+02
 9.177E+02 6.966E+02 4.677E+02 3.388E+02 2.558E+02 1.608E+02 1.116E+02 7.353E+01
 7.353E+01 5.610E+01 3.365E+01 1.618E+01 9.548E+00 6.297E+00 4.462E+00 2.575E+00
 1.674E+00 1.605E+00 1.085E+00 7.594E-01 4.313E-01 4.132E-01 1.933E-01 1.091E-01
 6.996E-02 4.863E-02 3.575E-02 2.738E-02 2.164E-02 1.753E-02 1.449E-02 1.218E-02
 1.038E-02 8.950E-03 7.797E-03 6.853E-03 5.415E-03 4.386E-03 3.625E-03 3.046E-03
 2.596E-03 2.238E-03 1.950E-03 1.097E-03 7.020E-04 4.875E-04 2.742E-04 1.755E-04
 7.800E-05 4.387E-05 1.950E-05 1.097E-05 7.020E-06 4.875E-06 2.742E-06 1.755E-06
 7.800E-07 4.387E-07 1.950E-07 1.097E-07 7.020E-08 4.875E-08 2.742E-08 1.755E-08
 7.800E-09 4.387E-09 1.950E-09 1.097E-09 7.020E-10 4.875E-10 2.742E-10 1.755E-10
 1.744E+00 2.108E+00 2.108E+00 2.763E+00 2.763E+00 2.903E+00 3.234E+00 3.234E+00
 4.055E+00 6.286E+00 8.286E+00 8.287E+00 8.344E+00 8.784E+00 8.785E+00 9.852E+00
 9.852E+00 1.022E+01 1.175E+01 1.175E+01 1.192E+01 1.239E+01 1.239E+01 1.494E+01
 1.761E+01 2.305E+01 2.622E+01 2.622E+01 2.695E+01 2.920E+01 2.920E+01 2.954E+01
 2.954E+01 3.194E+01 3.500E+01 3.690E+01 3.804E+01 3.897E+01 3.899E+01 3.833E+01
 3.833E+01 3.760E+01 3.569E+01 3.212E+01 2.927E+01 2.699E+01 2.513E+01 2.224E+01
 2.008E+01 1.987E+01 1.801E+01 1.640E+01 1.402E+01 1.385E+01 1.105E+01 9.221E+00
 7.967E+00 7.043E+00 6.331E+00 5.763E+00 5.298E+00 4.909E+00 4.579E+00 4.294E+00
 4.046E+00 3.828E+00 3.634E+00 3.461E+00 3.163E+00 2.917E+00 2.709E+00 2.532E+00
 2.377E+00 2.243E+00 2.124E+00 1.688E+00 1.409E+00 1.214E+00 9.572E-01 7.945E-01
 5.658E-01 4.436E-01 3.144E-01 2.463E-01 2.039E-01 1.745E-01 1.363E-01 1.121E-01
 7.832E-02 6.062E-02 4.215E-02 3.253E-02 2.660E-02 2.256E-02 1.738E-02 1.419E-02
 9.806E-03 7.539E-03 5.199E-03 3.992E-03 3.250E-03 2.748E-03 2.107E-03 1.714E-03
 3.087E+06 2.407E+06 2.555E+06 1.678E+06 1.712E+06 1.566E+06 1.301E+06 1.325E+06
 8.782E+05 3.599E+05 1.890E+05 4.258E+05 4.213E+05 3.782E+05 5.282E+05 3.919E+05
 4.562E+05 4.131E+05 2.710E+05 2.874E+05 2.751E+05 2.449E+05 2.551E+05 1.410E+05
 8.070E+04 2.876E+04 1.579E+04 3.708E+04 3.221E+04 2.002E+04 2.866E+04 2.665E+04
 3.071E+04 1.835E+04 8.749E+03 4.884E+03 3.019E+03 1.404E+03 7.724E+02 3.967E+02
 1.604E+03 1.084E+03 5.233E+02 1.892E+02 9.420E+01 5.601E+01 3.720E+01 2.008E+01
 1.274E+01 1.221E+01 8.256E+00 5.869E+00 3.543E+00 3.416E+00 1.844E+00 1.202E+00
 8.777E-01 6.860E-01 5.605E-01 4.726E-01 4.079E-01 3.583E-01 3.192E-01 2.877E-01
 2.617E-01 2.400E-01 2.215E-01 2.056E-01 1.798E-01 1.597E-01 1.435E-01 1.304E-01
 1.194E-01 1.101E-01 1.022E-01 7.501E-02 5.924E-02 4.894E-02 3.631E-02 2.886E-02
 1.907E-02 1.424E-02 9.449E-03 7.071E-03 5.649E-03 4.703E-03 3.523E-03 2.817E-03
 1.876E-03 1.406E-03 9.372E-04 7.028E-04 5.621E-04 4.684E-04 3.513E-04 2.810E-04
 1.873E-04 1.405E-04 9.365E-05 7.023E-05 5.619E-05 4.682E-05 3.512E-05 2.809E-05
 0.000E+00 0.000E+00 0.000E+00 0.000E+00 0.000E+00 0.000E+00 0.000E+00 0.000E+00
 0.000E+00 0.000E+00 0.000E+00 0.000E+00 0.000E+00 0.000E+00 0.000E+00 0.000E+00
 0.000E+00 0.000E+00 0.000E+00 0.000E+00 0.000E+00 0.000E+00 0.000E+00 0.000E+00
 0.000E+00 0.000E+00 0.000E+00 0.000E+00 0.000E+00 0.000E+00 0.000E+00 0.000E+00
 0.000E+00 0.000E+00 0.000E+00 0.000E+00 0.000E+00 0.000E+00 0.000E+00 0.000E+00
 0.000E+00 0.000E+00 0.000E+00 0.000E+00 0.000E+00 0.000E+00 0.000E+00 0.000E+00
 0.000E+00 0.000E+00 1.954E-01 9.799E-01 2.842E+00 2.996E+00 5.804E+00 8.052E+00
 9.927E+00 1.151E+01 1.294E+01 1.423E+01 1.542E+01 1.651E+01 1.753E+01 1.848E+01
 1.936E+01 2.020E+01 2.098E+01 2.170E+01 2.303E+01 2.421E+01 2.528E+01 2.627E+01
 2.717E+01 2.799E+01 2.875E+01 3.185E+01 3.415E+01 3.594E+01 3.857E+01 4.042E+01
 4.333E+01 4.507E+01 4.709E+01 4.825E+01 4.901E+01 4.955E+01 5.027E+01 5.074E+01
 5.140E+01 5.178E+01 5.215E+01 5.240E+01 5.253E+01 5.263E+01 5.275E+01 5.283E+01
 5.293E+01 5.299E+01 5.304E+01 5.308E+01 5.311E+01 5.312E+01 5.313E+01 5.314E+01
 0.000E+00 0.000E+00 0.000E+00 0.000E+00 0.000E+00 0.000E+00 0.000E+00 0.000E+00
 0.000E+00 0.000E+00 0.000E+00 0.000E+00 0.000E+00 0.000E+00 0.000E+00 0.000E+00
 0.000E+00 0.000E+00 0.000E+00 0.000E+00 0.000E+00 0.000E+00 0.000E+00 0.000E+00
 0.000E+00 0.000E+00 0.000E+00 0.000E+00 0.000E+00 0.000E+00 0.000E+00 0.000E+00
 0.000E+00 0.000E+00 0.000E+00 0.000E+00 0.000E+00 0.000E+00 0.000E+00 0.000E+00
 0.000E+00 0.000E+00 0.000E+00 0.000E+00 0.000E+00 0.000E+00 0.000E+00 0.000E+00
 0.000E+00 0.000E+00 0.000E+00 0.000E+00 0.000E+00 0.000E+00 3.858E-03 1.572E-02
 3.124E-02 4.787E-02 6.439E-02 8.034E-02 9.556E-02 1.100E-01 1.236E-01 1.364E-01
 1.484E-01 1.598E-01 1.706E-01 1.808E-01 1.996E-01 2.167E-01 2.323E-01 2.465E-01
 2.596E-01 2.718E-01 2.830E-01 3.292E-01 3.637E-01 3.909E-01 4.314E-01 4.605E-01
 5.080E-01 5.374E-01 5.731E-01 5.942E-01 6.086E-01 6.191E-01 6.336E-01 6.432E-01
 6.574E-01 6.655E-01 6.743E-01 6.795E-01 6.827E-01 6.849E-01 6.878E-01 6.897E-01
 6.922E-01 6.938E-01 6.952E-01 6.961E-01 6.966E-01 6.970E-01 6.973E-01 6.976E-01
    12
     3     3     3     4     3     3     3     3     5     3     3     8
  1.0000E-03  1.0742E-03  1.1540E-03
  1.1540E-03  1.2891E-03  1.4400E-03
  1.4400E-03  1.5000E-03  1.6430E-03
  1.6430E-03  2.0000E-03  3.0000E-03  3.9710E-03
  3.9710E-03  4.0000E-03  4.2270E-03
  4.2270E-03  4.5030E-03  4.7970E-03
  4.7970E-03  5.0000E-03  5.8950E-03
  5.8950E-03  6.0000E-03  6.2880E-03
  6.2880E-03  8.0000E-03  1.0000E-02  1.5000E-02  1.8930E-02
  1.8930E-02  2.0000E-02  2.3799E-02
  2.3799E-02  2.4127E-02  2.4460E-02
  2.4460E-02  3.0000E-02  4.0000E-02  5.0000E-02  6.0000E-02  8.0000E-02
  1.0000E-01  1.2822E-01
  3.0870E+06  2.7256E+06  2.4070E+06
  2.5550E+06  2.0703E+06  1.6780E+06
  1.7120E+06  1.5660E+06  1.3010E+06
  1.3250E+06  8.7820E+05  3.5990E+05  1.8900E+05
  4.2580E+05  4.2130E+05  3.7820E+05
  5.2820E+05  4.5495E+05  3.9190E+05
  4.5620E+05  4.1310E+05  2.7100E+05
  2.8740E+05  2.7510E+05  2.4490E+05
  2.5510E+05  1.4100E+05  8.0700E+04  2.8760E+04  1.5790E+04
  3.7080E+04  3.2210E+04  2.0020E+04
  2.8660E+04  2.7634E+04  2.6650E+04
  3.0710E+04  1.8350E+04  8.7490E+03  4.8840E+03  3.0190E+03  1.4040E+03
  7.7240E+02  3.9670E+02
