    10   20.179001
     0    80
 1.000000E+03 1.500000E+03 2.000000E+03 3.000000E+03 4.000000E+03 5.000000E+03
 6.000000E+03 8.000000E+03 1.000000E+04 1.500000E+04 2.000000E+04 3.000000E+04
 4.000000E+04 5.000000E+04 6.000000E+04 8.000000E+04 1.000000E+05 1.500000E+05
 2.000000E+05 3.000000E+05 4.000000E+05 5.000000E+05 6.000000E+05 8.000000E+05
 1.000000E+06 1.022000E+06 1.250000E+06 1.500000E+06 2.000000E+06 2.044000E+06
 3.000000E+06 4.000000E+06 5.000000E+06 6.000000E+06 7.000000E+06 8.000000E+06
 9.000000E+06 1.000000E+07 1.100000E+07 1.200000E+07 1.300000E+07 1.400000E+07
 1.500000E+07 1.600000E+07 1.800000E+07 2.000000E+07 2.200000E+07 2.400000E+07
 2.600000E+07 2.800000E+07 3.000000E+07 4.000000E+07 5.000000E+07 6.000000E+07
 8.000000E+07 1.000000E+08 1.500000E+08 2.000000E+08 3.000000E+08 4.000000E+08
 5.000000E+08 6.000000E+08 8.000000E+08 1.000000E+09 1.500000E+09 2.000000E+09
 3.000000E+09 4.000000E+09 5.000000E+09 6.000000E+09 8.000000E+09 1.000000E+10
 1.500000E+10 2.000000E+10 3.000000E+10 4.000000E+10 5.000000E+10 6.000000E+10
 8.000000E+10 1.000000E+11
 6.367E+01 6.042E+01 5.640E+01 4.742E+01 3.886E+01 3.165E+01 2.594E+01 1.811E+01
 1.335E+01 7.460E+00 4.877E+00 2.590E+00 1.596E+00 1.078E+00 7.754E-01 4.563E-01
 2.998E-01 1.376E-01 7.840E-02 3.519E-02 1.987E-02 1.274E-02 8.853E-03 4.985E-03
 3.191E-03 3.056E-03 2.043E-03 1.419E-03 7.983E-04 7.643E-04 3.549E-04 1.996E-04
 1.278E-04 8.872E-05 6.518E-05 4.991E-05 3.943E-05 3.194E-05 2.640E-05 2.218E-05
 1.890E-05 1.630E-05 1.419E-05 1.248E-05 9.858E-06 7.985E-06 6.599E-06 5.545E-06
 4.725E-06 4.074E-06 3.549E-06 1.996E-06 1.278E-06 8.872E-07 4.990E-07 3.194E-07
 1.419E-07 7.984E-08 3.548E-08 1.996E-08 1.277E-08 8.871E-09 4.990E-09 3.193E-09
 1.419E-09 7.984E-10 3.548E-10 1.996E-10 1.277E-10 8.871E-11 4.990E-11 3.193E-11
 1.419E-11 7.984E-12 3.548E-12 1.996E-12 1.277E-12 8.871E-13 4.990E-13 3.193E-13
 1.836E-01 3.902E-01 6.452E-01 1.221E+00 1.796E+00 2.320E+00 2.774E+00 3.473E+00
 3.949E+00 4.603E+00 4.926E+00 5.214E+00 5.287E+00 5.264E+00 5.198E+00 5.017E+00
 4.823E+00 4.388E+00 4.038E+00 3.523E+00 3.161E+00 2.889E+00 2.673E+00 2.350E+00
 2.113E+00 2.091E+00 1.889E+00 1.718E+00 1.466E+00 1.448E+00 1.153E+00 9.620E-01
 8.308E-01 7.343E-01 6.600E-01 6.006E-01 5.521E-01 5.116E-01 4.771E-01 4.475E-01
 4.216E-01 3.988E-01 3.786E-01 3.606E-01 3.295E-01 3.039E-01 2.823E-01 2.638E-01
 2.477E-01 2.336E-01 2.212E-01 1.758E-01 1.467E-01 1.264E-01 9.972E-02 8.276E-02
 5.894E-02 4.621E-02 3.275E-02 2.565E-02 2.123E-02 1.818E-02 1.420E-02 1.168E-02
 8.159E-03 6.314E-03 4.390E-03 3.389E-03 2.771E-03 2.350E-03 1.810E-03 1.478E-03
 1.021E-03 7.853E-04 5.416E-04 4.158E-04 3.386E-04 2.862E-04 2.195E-04 1.785E-04
 2.482E+05 8.928E+04 4.159E+04 1.353E+04 5.939E+03 3.095E+03 1.804E+03 7.586E+02
 3.837E+02 1.090E+02 4.401E+01 1.204E+01 4.753E+00 2.301E+00 1.269E+00 4.952E-01
 2.386E-01 6.378E-02 2.536E-02 7.201E-03 3.099E-03 1.674E-03 1.043E-03 5.271E-04
 3.277E-04 3.074E-04 2.086E-04 1.512E-04 9.481E-05 9.169E-05 5.274E-05 3.611E-05
 2.733E-05 2.195E-05 1.832E-05 1.571E-05 1.374E-05 1.221E-05 1.099E-05 9.985E-06
 9.149E-06 8.442E-06 7.836E-06 7.311E-06 6.446E-06 5.764E-06 5.212E-06 4.756E-06
 4.374E-06 4.048E-06 3.768E-06 2.798E-06 2.225E-06 1.847E-06 1.378E-06 1.099E-06
 7.298E-07 5.462E-07 3.634E-07 2.723E-07 2.177E-07 1.813E-07 1.359E-07 1.087E-07
 7.245E-08 5.433E-08 3.621E-08 2.715E-08 2.172E-08 1.810E-08 1.358E-08 1.086E-08
 7.240E-09 5.430E-09 3.620E-09 2.715E-09 2.172E-09 1.810E-09 1.357E-09 1.086E-09
 0.000E-01 0.000E-01 0.000E-01 0.000E-01 0.000E-01 0.000E-01 0.000E-01 0.000E-01
 0.000E-01 0.000E-01 0.000E-01 0.000E-01 0.000E-01 0.000E-01 0.000E-01 0.000E-01
 0.000E-01 0.000E-01 0.000E-01 0.000E-01 0.000E-01 0.000E-01 0.000E-01 0.000E-01
 0.000E-01 0.000E-01 8.090E-04 4.464E-03 1.775E-02 1.913E-02 5.068E-02 8.214E-02
 1.102E-01 1.353E-01 1.576E-01 1.778E-01 1.961E-01 2.127E-01 2.277E-01 2.416E-01
 2.544E-01 2.664E-01 2.775E-01 2.880E-01 3.073E-01 3.245E-01 3.401E-01 3.543E-01
 3.673E-01 3.793E-01 3.904E-01 4.361E-01 4.705E-01 4.977E-01 5.390E-01 5.690E-01
 6.177E-01 6.473E-01 6.820E-01 7.021E-01 7.154E-01 7.249E-01 7.376E-01 7.459E-01
 7.578E-01 7.643E-01 7.714E-01 7.752E-01 7.776E-01 7.793E-01 7.814E-01 7.828E-01
 7.847E-01 7.857E-01 7.868E-01 7.874E-01 7.877E-01 7.880E-01 7.883E-01 7.885E-01
 0.000E-01 0.000E-01 0.000E-01 0.000E-01 0.000E-01 0.000E-01 0.000E-01 0.000E-01
 0.000E-01 0.000E-01 0.000E-01 0.000E-01 0.000E-01 0.000E-01 0.000E-01 0.000E-01
 0.000E-01 0.000E-01 0.000E-01 0.000E-01 0.000E-01 0.000E-01 0.000E-01 0.000E-01
 0.000E-01 0.000E-01 0.000E-01 0.000E-01 0.000E-01 0.000E-01 4.035E-04 1.647E-03
 3.283E-03 5.042E-03 6.798E-03 8.503E-03 1.014E-02 1.170E-02 1.317E-02 1.457E-02
 1.589E-02 1.715E-02 1.835E-02 1.949E-02 2.161E-02 2.355E-02 2.533E-02 2.698E-02
 2.852E-02 2.994E-02 3.128E-02 3.689E-02 4.124E-02 4.477E-02 5.021E-02 5.428E-02
 6.121E-02 6.567E-02 7.123E-02 7.460E-02 7.691E-02 7.861E-02 8.094E-02 8.250E-02
 8.480E-02 8.610E-02 8.751E-02 8.834E-02 8.884E-02 8.920E-02 8.967E-02 8.997E-02
 9.037E-02 9.061E-02 9.082E-02 9.097E-02 9.106E-02 9.111E-02 9.117E-02 9.121E-02
