     3    6.941000
     0    80
 1.000000E+03 1.500000E+03 2.000000E+03 3.000000E+03 4.000000E+03 5.000000E+03
 6.000000E+03 8.000000E+03 1.000000E+04 1.500000E+04 2.000000E+04 3.000000E+04
 4.000000E+04 5.000000E+04 6.000000E+04 8.000000E+04 1.000000E+05 1.500000E+05
 2.000000E+05 3.000000E+05 4.000000E+05 5.000000E+05 6.000000E+05 8.000000E+05
 1.000000E+06 1.022000E+06 1.250000E+06 1.500000E+06 2.000000E+06 2.044000E+06
 3.000000E+06 4.000000E+06 5.000000E+06 6.000000E+06 7.000000E+06 8.000000E+06
 9.000000E+06 1.000000E+07 1.100000E+07 1.200000E+07 1.300000E+07 1.400000E+07
 1.500000E+07 1.600000E+07 1.800000E+07 2.000000E+07 2.200000E+07 2.400000E+07
 2.600000E+07 2.800000E+07 3.000000E+07 4.000000E+07 5.000000E+07 6.000000E+07
 8.000000E+07 1.000000E+08 1.500000E+08 2.000000E+08 3.000000E+08 4.000000E+08
 5.000000E+08 6.000000E+08 8.000000E+08 1.000000E+09 1.500000E+09 2.000000E+09
 3.000000E+09 4.000000E+09 5.000000E+09 6.000000E+09 8.000000E+09 1.000000E+10
 1.500000E+10 2.000000E+10 3.000000E+10 4.000000E+10 5.000000E+10 6.000000E+10
 8.000000E+10 1.000000E+11
 4.734E+00 3.941E+00 3.366E+00 2.669E+00 2.231E+00 1.889E+00 1.602E+00 1.163E+00
 8.627E-01 4.626E-01 2.851E-01 1.382E-01 8.075E-02 5.270E-02 3.701E-02 2.106E-02
 1.356E-02 6.059E-03 3.415E-03 1.520E-03 8.553E-04 5.475E-04 3.803E-04 2.139E-04
 1.369E-04 1.311E-04 8.764E-05 6.086E-05 3.423E-05 3.278E-05 1.521E-05 8.559E-06
 5.478E-06 3.804E-06 2.795E-06 2.140E-06 1.691E-06 1.369E-06 1.132E-06 9.510E-07
 8.103E-07 6.987E-07 6.086E-07 5.349E-07 4.227E-07 3.424E-07 2.829E-07 2.377E-07
 2.026E-07 1.747E-07 1.522E-07 8.558E-08 5.477E-08 3.804E-08 2.139E-08 1.369E-08
 6.084E-09 3.422E-09 1.521E-09 8.556E-10 5.476E-10 3.803E-10 2.139E-10 1.369E-10
 6.084E-11 3.422E-11 1.521E-11 8.556E-12 5.476E-12 3.803E-12 2.139E-12 1.369E-12
 6.084E-13 3.422E-13 1.521E-13 8.556E-14 5.476E-14 3.803E-14 2.139E-14 1.369E-14
 3.549E-01 5.273E-01 6.378E-01 7.970E-01 9.361E-01 1.063E+00 1.177E+00 1.357E+00
 1.483E+00 1.644E+00 1.702E+00 1.718E+00 1.692E+00 1.656E+00 1.617E+00 1.540E+00
 1.471E+00 1.328E+00 1.218E+00 1.060E+00 9.499E-01 8.676E-01 8.027E-01 7.053E-01
 6.341E-01 6.274E-01 5.670E-01 5.154E-01 4.398E-01 4.344E-01 3.460E-01 2.886E-01
 2.492E-01 2.203E-01 1.980E-01 1.802E-01 1.656E-01 1.535E-01 1.431E-01 1.342E-01
 1.265E-01 1.196E-01 1.136E-01 1.082E-01 9.887E-02 9.117E-02 8.468E-02 7.913E-02
 7.430E-02 7.009E-02 6.637E-02 5.274E-02 4.403E-02 3.793E-02 2.992E-02 2.483E-02
 1.768E-02 1.386E-02 9.826E-03 7.696E-03 6.370E-03 5.454E-03 4.260E-03 3.505E-03
 2.448E-03 1.894E-03 1.317E-03 1.017E-03 8.313E-04 7.049E-04 5.431E-04 4.434E-04
 3.064E-04 2.356E-04 1.625E-04 1.247E-04 1.016E-04 8.586E-05 6.584E-05 5.356E-05
 2.690E+03 7.641E+02 3.080E+02 8.354E+01 3.273E+01 1.571E+01 8.604E+00 3.305E+00
 1.568E+00 4.009E-01 1.516E-01 3.841E-02 1.445E-02 6.770E-03 3.645E-03 1.373E-03
 6.464E-04 1.666E-04 6.481E-05 1.796E-05 7.615E-06 4.081E-06 2.533E-06 1.276E-06
 7.939E-07 7.038E-07 4.788E-07 3.486E-07 2.212E-07 2.141E-07 1.250E-07 8.643E-08
 6.586E-08 5.313E-08 4.450E-08 3.826E-08 3.355E-08 2.987E-08 2.691E-08 2.448E-08
 2.246E-08 2.074E-08 1.927E-08 1.799E-08 1.588E-08 1.421E-08 1.286E-08 1.175E-08
 1.081E-08 1.001E-08 9.319E-09 6.931E-09 5.517E-09 4.582E-09 3.422E-09 2.730E-09
 1.814E-09 1.358E-09 9.039E-10 6.774E-10 5.416E-10 4.512E-10 3.383E-10 2.705E-10
 1.803E-10 1.352E-10 9.012E-11 6.758E-11 5.406E-11 4.505E-11 3.379E-11 2.703E-11
 1.802E-11 1.351E-11 9.009E-12 6.757E-12 5.405E-12 4.504E-12 3.378E-12 2.703E-12
 0.000E-01 0.000E-01 0.000E-01 0.000E-01 0.000E-01 0.000E-01 0.000E-01 0.000E-01
 0.000E-01 0.000E-01 0.000E-01 0.000E-01 0.000E-01 0.000E-01 0.000E-01 0.000E-01
 0.000E-01 0.000E-01 0.000E-01 0.000E-01 0.000E-01 0.000E-01 0.000E-01 0.000E-01
 0.000E-01 0.000E-01 7.052E-05 3.953E-04 1.583E-03 1.707E-03 4.545E-03 7.383E-03
 9.914E-03 1.219E-02 1.422E-02 1.606E-02 1.772E-02 1.924E-02 2.062E-02 2.189E-02
 2.308E-02 2.418E-02 2.521E-02 2.619E-02 2.798E-02 2.959E-02 3.106E-02 3.240E-02
 3.364E-02 3.478E-02 3.585E-02 4.024E-02 4.355E-02 4.621E-02 5.029E-02 5.321E-02
 5.801E-02 6.100E-02 6.465E-02 6.683E-02 6.831E-02 6.938E-02 7.085E-02 7.182E-02
 7.324E-02 7.404E-02 7.491E-02 7.538E-02 7.568E-02 7.590E-02 7.617E-02 7.635E-02
 7.659E-02 7.673E-02 7.687E-02 7.694E-02 7.699E-02 7.702E-02 7.706E-02 7.708E-02
 0.000E-01 0.000E-01 0.000E-01 0.000E-01 0.000E-01 0.000E-01 0.000E-01 0.000E-01
 0.000E-01 0.000E-01 0.000E-01 0.000E-01 0.000E-01 0.000E-01 0.000E-01 0.000E-01
 0.000E-01 0.000E-01 0.000E-01 0.000E-01 0.000E-01 0.000E-01 0.000E-01 0.000E-01
 0.000E-01 0.000E-01 0.000E-01 0.000E-01 0.000E-01 0.000E-01 1.210E-04 4.942E-04
 9.848E-04 1.513E-03 2.039E-03 2.551E-03 3.042E-03 3.509E-03 3.953E-03 4.373E-03
 4.769E-03 5.148E-03 5.508E-03 5.852E-03 6.491E-03 7.077E-03 7.618E-03 8.118E-03
 8.584E-03 9.019E-03 9.427E-03 1.115E-02 1.250E-02 1.361E-02 1.533E-02 1.664E-02
 1.892E-02 2.042E-02 2.238E-02 2.363E-02 2.453E-02 2.521E-02 2.619E-02 2.687E-02
 2.793E-02 2.856E-02 2.928E-02 2.970E-02 2.997E-02 3.016E-02 3.042E-02 3.058E-02
 3.082E-02 3.095E-02 3.108E-02 3.116E-02 3.121E-02 3.125E-02 3.128E-02 3.131E-02
