    99  252.082993
    13   106
    43    35    33    31    25    23    20    17    15    10     8     5
     3
 K  L1 L2 L3 M1 M2 M3 M4 M5 N1 N2 N3 N4
 139490.0  26900.0  26020.0  20410.0   6977.0   6574.0   5252.0   4630.0
   4374.0   1868.0   1680.0   1321.0   1032.0
  1.00000E+03  1.03190E+03  1.03200E+03  1.32090E+03  1.32100E+03  1.50000E+03
  1.67990E+03  1.68000E+03  1.86790E+03  1.86800E+03  2.00000E+03  3.00000E+03
  4.00000E+03  4.37390E+03  4.37400E+03  4.62990E+03  4.63000E+03  5.00000E+03
  5.25190E+03  5.25200E+03  6.00000E+03  6.57390E+03  6.57400E+03  6.97690E+03
  6.97700E+03  8.00000E+03  1.00000E+04  1.50000E+04  2.00000E+04  2.04099E+04
  2.04100E+04  2.60199E+04  2.60200E+04  2.68999E+04  2.69000E+04  3.00000E+04
  4.00000E+04  5.00000E+04  6.00000E+04  8.00000E+04  1.00000E+05  1.39490E+05
  1.39490E+05  1.50000E+05  2.00000E+05  3.00000E+05  4.00000E+05  5.00000E+05
  6.00000E+05  8.00000E+05  1.00000E+06  1.02200E+06  1.25000E+06  1.50000E+06
  2.00000E+06  2.04400E+06  3.00000E+06  4.00000E+06  5.00000E+06  6.00000E+06
  7.00000E+06  8.00000E+06  9.00000E+06  1.00000E+07  1.10000E+07  1.20000E+07
  1.30000E+07  1.40000E+07  1.50000E+07  1.60000E+07  1.80000E+07  2.00000E+07
  2.20000E+07  2.40000E+07  2.60000E+07  2.80000E+07  3.00000E+07  4.00000E+07
  5.00000E+07  6.00000E+07  8.00000E+07  1.00000E+08  1.50000E+08  2.00000E+08
  3.00000E+08  4.00000E+08  5.00000E+08  6.00000E+08  8.00000E+08  1.00000E+09
  1.50000E+09  2.00000E+09  3.00000E+09  4.00000E+09  5.00000E+09  6.00000E+09
  8.00000E+09  1.00000E+10  1.50000E+10  2.00000E+10  3.00000E+10  4.00000E+10
  5.00000E+10  6.00000E+10  8.00000E+10  1.00000E+11
 6.259E+03 6.243E+03 6.243E+03 6.104E+03 6.104E+03 6.006E+03 5.906E+03 5.906E+03
 5.806E+03 5.806E+03 5.730E+03 5.165E+03 4.628E+03 4.440E+03 4.440E+03 4.317E+03
 4.316E+03 4.145E+03 4.033E+03 4.033E+03 3.725E+03 3.512E+03 3.512E+03 3.373E+03
 3.372E+03 3.055E+03 2.555E+03 1.747E+03 1.271E+03 1.241E+03 1.241E+03 9.099E+02
 9.099E+02 8.710E+02 8.710E+02 7.529E+02 5.043E+02 3.667E+02 2.774E+02 1.745E+02
 1.211E+02 6.929E+01 6.929E+01 6.112E+01 3.671E+01 1.767E+01 1.045E+01 6.901E+00
 4.895E+00 2.830E+00 1.842E+00 1.766E+00 1.195E+00 8.371E-01 4.759E-01 4.560E-01
 2.136E-01 1.206E-01 7.734E-02 5.377E-02 3.954E-02 3.028E-02 2.394E-02 1.939E-02
 1.603E-02 1.347E-02 1.148E-02 9.900E-03 8.625E-03 7.581E-03 5.990E-03 4.852E-03
 4.010E-03 3.370E-03 2.872E-03 2.476E-03 2.157E-03 1.213E-03 7.766E-04 5.393E-04
 3.034E-04 1.942E-04 8.629E-05 4.854E-05 2.157E-05 1.213E-05 7.766E-06 5.393E-06
 3.034E-06 1.941E-06 8.629E-07 4.854E-07 2.157E-07 1.213E-07 7.766E-08 5.393E-08
 3.034E-08 1.941E-08 8.629E-09 4.854E-09 2.157E-09 1.213E-09 7.766E-10 5.393E-10
 3.034E-10 1.941E-10
 1.686E+00 1.759E+00 1.759E+00 2.406E+00 2.406E+00 2.814E+00 3.226E+00 3.227E+00
 3.658E+00 3.658E+00 3.960E+00 6.201E+00 8.289E+00 9.028E+00 9.028E+00 9.519E+00
 9.519E+00 1.021E+01 1.067E+01 1.067E+01 1.196E+01 1.290E+01 1.290E+01 1.354E+01
 1.354E+01 1.507E+01 1.783E+01 2.345E+01 2.749E+01 2.777E+01 2.777E+01 3.094E+01
 3.094E+01 3.135E+01 3.135E+01 3.268E+01 3.582E+01 3.778E+01 3.898E+01 3.998E+01
 4.003E+01 3.902E+01 3.902E+01 3.865E+01 3.671E+01 3.307E+01 3.014E+01 2.781E+01
 2.590E+01 2.292E+01 2.070E+01 2.048E+01 1.856E+01 1.690E+01 1.445E+01 1.428E+01
 1.139E+01 9.509E+00 8.215E+00 7.263E+00 6.529E+00 5.943E+00 5.463E+00 5.062E+00
 4.722E+00 4.429E+00 4.172E+00 3.947E+00 3.747E+00 3.569E+00 3.262E+00 3.008E+00
 2.794E+00 2.611E+00 2.452E+00 2.313E+00 2.190E+00 1.740E+00 1.453E+00 1.252E+00
 9.872E-01 8.193E-01 5.835E-01 4.575E-01 3.243E-01 2.540E-01 2.102E-01 1.800E-01
 1.406E-01 1.157E-01 8.077E-02 6.251E-02 4.347E-02 3.355E-02 2.743E-02 2.326E-02
 1.792E-02 1.463E-02 1.011E-02 7.775E-03 5.362E-03 4.116E-03 3.352E-03 2.834E-03
 2.173E-03 1.768E-03
 3.253E+06 3.096E+06 3.190E+06 2.121E+06 2.257E+06 1.762E+06 1.400E+06 1.416E+06
 1.135E+06 1.155E+06 9.998E+05 4.101E+05 2.117E+05 1.717E+05 3.790E+05 3.407E+05
 4.712E+05 3.973E+05 3.515E+05 4.103E+05 2.939E+05 2.320E+05 2.460E+05 2.120E+05
 2.208E+05 1.574E+05 9.026E+04 3.240E+04 1.548E+04 1.469E+04 3.415E+04 1.774E+04
 2.556E+04 2.343E+04 2.700E+04 2.049E+04 9.884E+03 5.544E+03 3.439E+03 1.609E+03
 8.893E+02 3.667E+02 1.432E+03 1.205E+03 5.837E+02 2.132E+02 1.069E+02 6.389E+01
 4.258E+01 2.308E+01 1.467E+01 1.406E+01 9.516E+00 6.763E+00 4.082E+00 3.935E+00
 2.122E+00 1.382E+00 1.009E+00 7.879E-01 6.436E-01 5.424E-01 4.680E-01 4.110E-01
 3.661E-01 3.299E-01 3.000E-01 2.750E-01 2.538E-01 2.356E-01 2.060E-01 1.829E-01
 1.644E-01 1.493E-01 1.367E-01 1.261E-01 1.170E-01 8.587E-02 6.780E-02 5.601E-02
 4.154E-02 3.301E-02 2.181E-02 1.628E-02 1.081E-02 8.087E-03 6.461E-03 5.379E-03
 4.030E-03 3.221E-03 2.146E-03 1.608E-03 1.072E-03 8.037E-04 6.429E-04 5.357E-04
 4.017E-04 3.213E-04 2.142E-04 1.606E-04 1.071E-04 8.032E-05 6.425E-05 5.354E-05
 4.016E-05 3.213E-05
 0.000E+00 0.000E+00 0.000E+00 0.000E+00 0.000E+00 0.000E+00 0.000E+00 0.000E+00
 0.000E+00 0.000E+00 0.000E+00 0.000E+00 0.000E+00 0.000E+00 0.000E+00 0.000E+00
 0.000E+00 0.000E+00 0.000E+00 0.000E+00 0.000E+00 0.000E+00 0.000E+00 0.000E+00
 0.000E+00 0.000E+00 0.000E+00 0.000E+00 0.000E+00 0.000E+00 0.000E+00 0.000E+00
 0.000E+00 0.000E+00 0.000E+00 0.000E+00 0.000E+00 0.000E+00 0.000E+00 0.000E+00
 0.000E+00 0.000E+00 0.000E+00 0.000E+00 0.000E+00 0.000E+00 0.000E+00 0.000E+00
 0.000E+00 0.000E+00 0.000E+00 0.000E+00 2.103E-01 1.068E+00 3.076E+00 3.241E+00
 6.203E+00 8.541E+00 1.049E+01 1.211E+01 1.360E+01 1.495E+01 1.619E+01 1.734E+01
 1.840E+01 1.940E+01 2.033E+01 2.120E+01 2.202E+01 2.279E+01 2.418E+01 2.542E+01
 2.656E+01 2.760E+01 2.855E+01 2.942E+01 3.022E+01 3.349E+01 3.593E+01 3.782E+01
 4.060E+01 4.256E+01 4.563E+01 4.746E+01 4.959E+01 5.081E+01 5.161E+01 5.218E+01
 5.293E+01 5.342E+01 5.412E+01 5.452E+01 5.491E+01 5.517E+01 5.531E+01 5.541E+01
 5.554E+01 5.562E+01 5.572E+01 5.579E+01 5.584E+01 5.589E+01 5.592E+01 5.593E+01
 5.594E+01 5.595E+01
 0.000E+00 0.000E+00 0.000E+00 0.000E+00 0.000E+00 0.000E+00 0.000E+00 0.000E+00
 0.000E+00 0.000E+00 0.000E+00 0.000E+00 0.000E+00 0.000E+00 0.000E+00 0.000E+00
 0.000E+00 0.000E+00 0.000E+00 0.000E+00 0.000E+00 0.000E+00 0.000E+00 0.000E+00
 0.000E+00 0.000E+00 0.000E+00 0.000E+00 0.000E+00 0.000E+00 0.000E+00 0.000E+00
 0.000E+00 0.000E+00 0.000E+00 0.000E+00 0.000E+00 0.000E+00 0.000E+00 0.000E+00
 0.000E+00 0.000E+00 0.000E+00 0.000E+00 0.000E+00 0.000E+00 0.000E+00 0.000E+00
 0.000E+00 0.000E+00 0.000E+00 0.000E+00 0.000E+00 0.000E+00 0.000E+00 0.000E+00
 3.978E-03 1.620E-02 3.221E-02 4.935E-02 6.637E-02 8.280E-02 9.848E-02 1.133E-01
 1.273E-01 1.405E-01 1.529E-01 1.646E-01 1.757E-01 1.862E-01 2.056E-01 2.232E-01
 2.392E-01 2.539E-01 2.674E-01 2.798E-01 2.914E-01 3.388E-01 3.744E-01 4.023E-01
 4.438E-01 4.736E-01 5.223E-01 5.524E-01 5.888E-01 6.103E-01 6.250E-01 6.357E-01
 6.504E-01 6.601E-01 6.745E-01 6.827E-01 6.916E-01 6.969E-01 7.001E-01 7.023E-01
 7.053E-01 7.072E-01 7.098E-01 7.113E-01 7.127E-01 7.136E-01 7.142E-01 7.145E-01
 7.149E-01 7.152E-01
    13
     3     3     3     3     5     3     3     3     3     6     3     3
     8
  1.0000E-03  1.0159E-03  1.0320E-03
  1.0320E-03  1.1676E-03  1.3210E-03
  1.3210E-03  1.5000E-03  1.6800E-03
  1.6800E-03  1.7715E-03  1.8680E-03
  1.8680E-03  2.0000E-03  3.0000E-03  4.0000E-03  4.3740E-03
  4.3740E-03  4.5002E-03  4.6300E-03
  4.6300E-03  5.0000E-03  5.2520E-03
  5.2520E-03  6.0000E-03  6.5740E-03
  6.5740E-03  6.7725E-03  6.9770E-03
  6.9770E-03  8.0000E-03  1.0000E-02  1.5000E-02  2.0000E-02  2.0410E-02
  2.0410E-02  2.3045E-02  2.6020E-02
  2.6020E-02  2.6456E-02  2.6900E-02
  2.6900E-02  3.0000E-02  4.0000E-02  5.0000E-02  6.0000E-02  8.0000E-02
  1.0000E-01  1.3949E-01
  3.2530E+06  3.1734E+06  3.0960E+06
  3.1900E+06  2.6013E+06  2.1210E+06
  2.2570E+06  1.7620E+06  1.4000E+06
  1.4160E+06  1.2680E+06  1.1350E+06
  1.1550E+06  9.9980E+05  4.1010E+05  2.1170E+05  1.7170E+05
  3.7900E+05  3.5935E+05  3.4070E+05
  4.7120E+05  3.9730E+05  3.5150E+05
  4.1030E+05  2.9390E+05  2.3200E+05
  2.4600E+05  2.2833E+05  2.1200E+05
  2.2080E+05  1.5740E+05  9.0260E+04  3.2400E+04  1.5480E+04  1.4690E+04
  3.4150E+04  2.4617E+04  1.7740E+04
  2.5560E+04  2.4476E+04  2.3430E+04
  2.7000E+04  2.0490E+04  9.8840E+03  5.5440E+03  3.4390E+03  1.6090E+03
  8.8930E+02  3.6670E+02
