    94  239.052002
    12   104
    41    33    31    28    22    20    17    14    12     8     5     3
 K  L1 L2 L3 M1 M2 M3 M4 M5 N1 N2 N3
 121818.0  23097.2  22266.2  18056.8   5932.9   5541.2   4556.6   3972.6
   3778.1   1558.6   1372.1   1114.8
  1.00000E+03  1.11470E+03  1.11480E+03  1.37200E+03  1.37210E+03  1.50000E+03
  1.55850E+03  1.55860E+03  2.00000E+03  3.00000E+03  3.77800E+03  3.77810E+03
  3.97250E+03  3.97260E+03  4.00000E+03  4.55650E+03  4.55660E+03  5.00000E+03
  5.54110E+03  5.54120E+03  5.93280E+03  5.93290E+03  6.00000E+03  8.00000E+03
  1.00000E+04  1.50000E+04  1.80567E+04  1.80568E+04  2.00000E+04  2.22661E+04
  2.22662E+04  2.30971E+04  2.30972E+04  3.00000E+04  4.00000E+04  5.00000E+04
  6.00000E+04  8.00000E+04  1.00000E+05  1.21818E+05  1.21818E+05  1.50000E+05
  2.00000E+05  3.00000E+05  4.00000E+05  5.00000E+05  6.00000E+05  8.00000E+05
  1.00000E+06  1.02200E+06  1.25000E+06  1.50000E+06  2.00000E+06  2.04400E+06
  3.00000E+06  4.00000E+06  5.00000E+06  6.00000E+06  7.00000E+06  8.00000E+06
  9.00000E+06  1.00000E+07  1.10000E+07  1.20000E+07  1.30000E+07  1.40000E+07
  1.50000E+07  1.60000E+07  1.80000E+07  2.00000E+07  2.20000E+07  2.40000E+07
  2.60000E+07  2.80000E+07  3.00000E+07  4.00000E+07  5.00000E+07  6.00000E+07
  8.00000E+07  1.00000E+08  1.50000E+08  2.00000E+08  3.00000E+08  4.00000E+08
  5.00000E+08  6.00000E+08  8.00000E+08  1.00000E+09  1.50000E+09  2.00000E+09
  3.00000E+09  4.00000E+09  5.00000E+09  6.00000E+09  8.00000E+09  1.00000E+10
  1.50000E+10  2.00000E+10  3.00000E+10  4.00000E+10  5.00000E+10  6.00000E+10
  8.00000E+10  1.00000E+11
 5.618E+03 5.565E+03 5.565E+03 5.444E+03 5.444E+03 5.378E+03 5.348E+03 5.348E+03
 5.120E+03 4.598E+03 4.213E+03 4.213E+03 4.122E+03 4.122E+03 4.109E+03 3.863E+03
 3.863E+03 3.680E+03 3.473E+03 3.473E+03 3.334E+03 3.334E+03 3.311E+03 2.723E+03
 2.279E+03 1.552E+03 1.264E+03 1.264E+03 1.121E+03 9.825E+02 9.825E+02 9.380E+02
 9.380E+02 6.612E+02 4.443E+02 3.211E+02 2.420E+02 1.520E+02 1.055E+02 7.571E+01
 7.571E+01 5.290E+01 3.171E+01 1.523E+01 8.976E+00 5.913E+00 4.187E+00 2.414E+00
 1.568E+00 1.503E+00 1.015E+00 7.105E-01 4.033E-01 3.863E-01 1.806E-01 1.019E-01
 6.534E-02 4.541E-02 3.338E-02 2.557E-02 2.021E-02 1.637E-02 1.353E-02 1.137E-02
 9.690E-03 8.356E-03 7.279E-03 6.398E-03 5.056E-03 4.095E-03 3.385E-03 2.844E-03
 2.423E-03 2.090E-03 1.820E-03 1.024E-03 6.554E-04 4.551E-04 2.560E-04 1.638E-04
 7.282E-05 4.096E-05 1.820E-05 1.024E-05 6.554E-06 4.551E-06 2.560E-06 1.638E-06
 7.282E-07 4.096E-07 1.820E-07 1.024E-07 6.554E-08 4.551E-08 2.560E-08 1.638E-08
 7.282E-09 4.096E-09 1.820E-09 1.024E-09 6.554E-10 4.551E-10 2.560E-10 1.638E-10
 1.762E+00 2.030E+00 2.030E+00 2.614E+00 2.614E+00 2.909E+00 3.043E+00 3.044E+00
 4.054E+00 6.259E+00 7.855E+00 7.855E+00 8.236E+00 8.236E+00 8.290E+00 9.342E+00
 9.343E+00 1.014E+01 1.107E+01 1.107E+01 1.171E+01 1.171E+01 1.182E+01 1.480E+01
 1.742E+01 2.276E+01 2.522E+01 2.522E+01 2.655E+01 2.792E+01 2.792E+01 2.837E+01
 2.837E+01 3.144E+01 3.444E+01 3.630E+01 3.741E+01 3.830E+01 3.829E+01 3.783E+01
 3.783E+01 3.690E+01 3.501E+01 3.148E+01 2.868E+01 2.645E+01 2.462E+01 2.179E+01
 1.966E+01 1.946E+01 1.763E+01 1.606E+01 1.373E+01 1.356E+01 1.082E+01 9.030E+00
 7.801E+00 6.897E+00 6.200E+00 5.643E+00 5.188E+00 4.807E+00 4.483E+00 4.205E+00
 3.961E+00 3.748E+00 3.558E+00 3.389E+00 3.097E+00 2.856E+00 2.653E+00 2.479E+00
 2.328E+00 2.196E+00 2.079E+00 1.652E+00 1.379E+00 1.189E+00 9.373E-01 7.780E-01
 5.540E-01 4.344E-01 3.079E-01 2.411E-01 1.996E-01 1.709E-01 1.335E-01 1.098E-01
 7.669E-02 5.936E-02 4.127E-02 3.186E-02 2.605E-02 2.209E-02 1.702E-02 1.389E-02
 9.602E-03 7.382E-03 5.091E-03 3.908E-03 3.183E-03 2.690E-03 2.063E-03 1.678E-03
 2.850E+06 2.352E+06 2.502E+06 1.688E+06 1.711E+06 1.432E+06 1.326E+06 1.351E+06
 8.033E+05 3.286E+05 1.937E+05 4.645E+05 4.057E+05 5.501E+05 5.621E+05 4.103E+05
 4.782E+05 3.793E+05 2.915E+05 3.093E+05 2.613E+05 2.725E+05 2.650E+05 1.303E+05
 7.452E+04 2.647E+04 1.639E+04 3.885E+04 2.945E+04 2.203E+04 3.142E+04 2.855E+04
 3.293E+04 1.698E+04 8.045E+03 4.475E+03 2.758E+03 1.278E+03 7.012E+02 4.121E+02
 1.708E+03 1.009E+03 4.854E+02 1.742E+02 8.636E+01 5.118E+01 3.392E+01 1.826E+01
 1.157E+01 1.109E+01 7.495E+00 5.329E+00 3.218E+00 3.102E+00 1.675E+00 1.093E+00
 7.985E-01 6.243E-01 5.102E-01 4.303E-01 3.714E-01 3.264E-01 2.908E-01 2.621E-01
 2.385E-01 2.187E-01 2.019E-01 1.874E-01 1.639E-01 1.456E-01 1.309E-01 1.189E-01
 1.089E-01 1.004E-01 9.317E-02 6.843E-02 5.405E-02 4.466E-02 3.313E-02 2.633E-02
 1.740E-02 1.299E-02 8.624E-03 6.453E-03 5.156E-03 4.293E-03 3.216E-03 2.571E-03
 1.712E-03 1.284E-03 8.555E-04 6.414E-04 5.131E-04 4.275E-04 3.206E-04 2.565E-04
 1.710E-04 1.282E-04 8.548E-05 6.411E-05 5.128E-05 4.274E-05 3.205E-05 2.564E-05
 0.000E+00 0.000E+00 0.000E+00 0.000E+00 0.000E+00 0.000E+00 0.000E+00 0.000E+00
 0.000E+00 0.000E+00 0.000E+00 0.000E+00 0.000E+00 0.000E+00 0.000E+00 0.000E+00
 0.000E+00 0.000E+00 0.000E+00 0.000E+00 0.000E+00 0.000E+00 0.000E+00 0.000E+00
 0.000E+00 0.000E+00 0.000E+00 0.000E+00 0.000E+00 0.000E+00 0.000E+00 0.000E+00
 0.000E+00 0.000E+00 0.000E+00 0.000E+00 0.000E+00 0.000E+00 0.000E+00 0.000E+00
 0.000E+00 0.000E+00 0.000E+00 0.000E+00 0.000E+00 0.000E+00 0.000E+00 0.000E+00
 0.000E+00 0.000E+00 1.857E-01 9.236E-01 2.692E+00 2.840E+00 5.546E+00 7.733E+00
 9.557E+00 1.111E+01 1.250E+01 1.375E+01 1.490E+01 1.596E+01 1.695E+01 1.787E+01
 1.872E+01 1.953E+01 2.028E+01 2.098E+01 2.226E+01 2.340E+01 2.444E+01 2.539E+01
 2.626E+01 2.705E+01 2.778E+01 3.076E+01 3.298E+01 3.470E+01 3.723E+01 3.902E+01
 4.183E+01 4.350E+01 4.545E+01 4.656E+01 4.729E+01 4.782E+01 4.851E+01 4.896E+01
 4.960E+01 4.996E+01 5.033E+01 5.056E+01 5.069E+01 5.078E+01 5.090E+01 5.098E+01
 5.107E+01 5.113E+01 5.118E+01 5.122E+01 5.125E+01 5.126E+01 5.127E+01 5.128E+01
 0.000E+00 0.000E+00 0.000E+00 0.000E+00 0.000E+00 0.000E+00 0.000E+00 0.000E+00
 0.000E+00 0.000E+00 0.000E+00 0.000E+00 0.000E+00 0.000E+00 0.000E+00 0.000E+00
 0.000E+00 0.000E+00 0.000E+00 0.000E+00 0.000E+00 0.000E+00 0.000E+00 0.000E+00
 0.000E+00 0.000E+00 0.000E+00 0.000E+00 0.000E+00 0.000E+00 0.000E+00 0.000E+00
 0.000E+00 0.000E+00 0.000E+00 0.000E+00 0.000E+00 0.000E+00 0.000E+00 0.000E+00
 0.000E+00 0.000E+00 0.000E+00 0.000E+00 0.000E+00 0.000E+00 0.000E+00 0.000E+00
 0.000E+00 0.000E+00 0.000E+00 0.000E+00 0.000E+00 0.000E+00 3.778E-03 1.539E-02
 3.060E-02 4.689E-02 6.307E-02 7.870E-02 9.361E-02 1.077E-01 1.211E-01 1.336E-01
 1.454E-01 1.566E-01 1.671E-01 1.772E-01 1.956E-01 2.124E-01 2.277E-01 2.416E-01
 2.545E-01 2.664E-01 2.774E-01 3.227E-01 3.566E-01 3.833E-01 4.231E-01 4.517E-01
 4.984E-01 5.273E-01 5.624E-01 5.832E-01 5.974E-01 6.078E-01 6.220E-01 6.315E-01
 6.456E-01 6.536E-01 6.622E-01 6.674E-01 6.705E-01 6.727E-01 6.757E-01 6.776E-01
 6.801E-01 6.816E-01 6.829E-01 6.839E-01 6.844E-01 6.847E-01 6.851E-01 6.854E-01
    12
     3     3     3     4     3     3     3     3     6     3     3     8
  1.0000E-03  1.0558E-03  1.1148E-03
  1.1148E-03  1.2368E-03  1.3721E-03
  1.3721E-03  1.5000E-03  1.5586E-03
  1.5586E-03  2.0000E-03  3.0000E-03  3.7781E-03
  3.7781E-03  3.8741E-03  3.9726E-03
  3.9726E-03  4.0000E-03  4.5566E-03
  4.5566E-03  5.0000E-03  5.5412E-03
  5.5412E-03  5.7337E-03  5.9329E-03
  5.9329E-03  6.0000E-03  8.0000E-03  1.0000E-02  1.5000E-02  1.8057E-02
  1.8057E-02  2.0000E-02  2.2266E-02
  2.2266E-02  2.2678E-02  2.3097E-02
  2.3097E-02  3.0000E-02  4.0000E-02  5.0000E-02  6.0000E-02  8.0000E-02
  1.0000E-01  1.2182E-01
  2.8500E+06  2.5893E+06  2.3520E+06
  2.5020E+06  2.0553E+06  1.6880E+06
  1.7110E+06  1.4320E+06  1.3260E+06
  1.3510E+06  8.0330E+05  3.2860E+05  1.9370E+05
  4.6450E+05  4.3408E+05  4.0570E+05
  5.5010E+05  5.6210E+05  4.1030E+05
  4.7820E+05  3.7930E+05  2.9150E+05
  3.0930E+05  2.8429E+05  2.6130E+05
  2.7250E+05  2.6500E+05  1.3030E+05  7.4520E+04  2.6470E+04  1.6390E+04
  3.8850E+04  2.9450E+04  2.2030E+04
  3.1420E+04  2.9949E+04  2.8550E+04
  3.2930E+04  1.6980E+04  8.0450E+03  4.4750E+03  2.7580E+03  1.2780E+03
  7.0120E+02  4.1210E+02
