    89  227.027802
    11   102
    39    30    28    26    20    17    14    12    10     5     3
 K  L1 L2 L3 M1 M2 M3 M4 M5 N1 N2
 106755.5  19840.0  19083.2  15871.0   5002.0   4656.0   3909.0   3370.2
   3219.0   1269.0   1080.0
  1.00000E+03  1.07990E+03  1.08000E+03  1.26890E+03  1.26900E+03  1.50000E+03
  2.00000E+03  3.00000E+03  3.21890E+03  3.21900E+03  3.37010E+03  3.37020E+03
  3.90890E+03  3.90900E+03  4.00000E+03  4.65590E+03  4.65600E+03  5.00000E+03
  5.00190E+03  5.00200E+03  6.00000E+03  8.00000E+03  1.00000E+04  1.50000E+04
  1.58709E+04  1.58710E+04  1.90831E+04  1.90832E+04  1.98399E+04  1.98400E+04
  2.00000E+04  3.00000E+04  4.00000E+04  5.00000E+04  6.00000E+04  8.00000E+04
  1.00000E+05  1.06755E+05  1.06756E+05  1.50000E+05  2.00000E+05  3.00000E+05
  4.00000E+05  5.00000E+05  6.00000E+05  8.00000E+05  1.00000E+06  1.02200E+06
  1.25000E+06  1.50000E+06  2.00000E+06  2.04400E+06  3.00000E+06  4.00000E+06
  5.00000E+06  6.00000E+06  7.00000E+06  8.00000E+06  9.00000E+06  1.00000E+07
  1.10000E+07  1.20000E+07  1.30000E+07  1.40000E+07  1.50000E+07  1.60000E+07
  1.80000E+07  2.00000E+07  2.20000E+07  2.40000E+07  2.60000E+07  2.80000E+07
  3.00000E+07  4.00000E+07  5.00000E+07  6.00000E+07  8.00000E+07  1.00000E+08
  1.50000E+08  2.00000E+08  3.00000E+08  4.00000E+08  5.00000E+08  6.00000E+08
  8.00000E+08  1.00000E+09  1.50000E+09  2.00000E+09  3.00000E+09  4.00000E+09
  5.00000E+09  6.00000E+09  8.00000E+09  1.00000E+10  1.50000E+10  2.00000E+10
  3.00000E+10  4.00000E+10  5.00000E+10  6.00000E+10  8.00000E+10  1.00000E+11
 4.999E+03 4.962E+03 4.962E+03 4.875E+03 4.875E+03 4.761E+03 4.517E+03 4.049E+03
 3.953E+03 3.953E+03 3.888E+03 3.888E+03 3.664E+03 3.664E+03 3.628E+03 3.381E+03
 3.381E+03 3.260E+03 3.260E+03 3.260E+03 2.943E+03 2.425E+03 2.027E+03 1.369E+03
 1.287E+03 1.287E+03 1.038E+03 1.038E+03 9.902E+02 9.902E+02 9.805E+02 5.772E+02
 3.879E+02 2.786E+02 2.092E+02 1.314E+02 9.110E+01 8.164E+01 8.164E+01 4.536E+01
 2.713E+01 1.300E+01 7.635E+00 5.016E+00 3.545E+00 2.038E+00 1.322E+00 1.267E+00
 8.548E-01 5.975E-01 3.387E-01 3.244E-01 1.515E-01 8.542E-02 5.474E-02 3.804E-02
 2.796E-02 2.141E-02 1.692E-02 1.371E-02 1.133E-02 9.521E-03 8.113E-03 6.996E-03
 6.095E-03 5.357E-03 4.233E-03 3.429E-03 2.834E-03 2.381E-03 2.029E-03 1.749E-03
 1.524E-03 8.573E-04 5.487E-04 3.810E-04 2.143E-04 1.372E-04 6.096E-05 3.429E-05
 1.524E-05 8.572E-06 5.486E-06 3.810E-06 2.143E-06 1.372E-06 6.096E-07 3.429E-07
 1.524E-07 8.572E-08 5.486E-08 3.810E-08 2.143E-08 1.372E-08 6.096E-09 3.429E-09
 1.524E-09 8.572E-10 5.486E-10 3.810E-10 2.143E-10 1.372E-10
 1.837E+00 2.027E+00 2.027E+00 2.454E+00 2.454E+00 2.982E+00 4.101E+00 6.264E+00
 6.724E+00 6.724E+00 7.036E+00 7.036E+00 8.106E+00 8.107E+00 8.281E+00 9.491E+00
 9.491E+00 1.009E+01 1.009E+01 1.009E+01 1.170E+01 1.453E+01 1.705E+01 2.203E+01
 2.273E+01 2.273E+01 2.495E+01 2.495E+01 2.542E+01 2.542E+01 2.551E+01 3.018E+01
 3.306E+01 3.480E+01 3.581E+01 3.658E+01 3.654E+01 3.642E+01 3.642E+01 3.513E+01
 3.328E+01 2.989E+01 2.721E+01 2.508E+01 2.335E+01 2.065E+01 1.863E+01 1.844E+01
 1.671E+01 1.521E+01 1.300E+01 1.284E+01 1.024E+01 8.550E+00 7.387E+00 6.530E+00
 5.870E+00 5.343E+00 4.912E+00 4.551E+00 4.245E+00 3.981E+00 3.751E+00 3.549E+00
 3.369E+00 3.208E+00 2.932E+00 2.704E+00 2.512E+00 2.347E+00 2.204E+00 2.079E+00
 1.969E+00 1.565E+00 1.306E+00 1.125E+00 8.875E-01 7.366E-01 5.246E-01 4.113E-01
 2.915E-01 2.283E-01 1.890E-01 1.618E-01 1.264E-01 1.040E-01 7.261E-02 5.620E-02
 3.908E-02 3.016E-02 2.466E-02 2.091E-02 1.611E-02 1.315E-02 9.091E-03 6.989E-03
 4.820E-03 3.701E-03 3.013E-03 2.547E-03 1.953E-03 1.589E-03
 2.434E+06 2.115E+06 2.145E+06 1.580E+06 1.612E+06 1.157E+06 6.347E+05 2.591E+05
 2.207E+05 5.752E+05 4.886E+05 7.094E+05 4.851E+05 5.635E+05 5.340E+05 3.640E+05
 3.864E+05 3.242E+05 3.239E+05 3.380E+05 2.168E+05 1.061E+05 6.028E+04 2.123E+04
 1.834E+04 4.445E+04 2.693E+04 3.801E+04 3.443E+04 3.962E+04 3.901E+04 1.376E+04
 6.451E+03 3.558E+03 2.180E+03 1.001E+03 5.456E+02 4.567E+02 2.001E+03 8.370E+02
 3.969E+02 1.403E+02 6.879E+01 4.047E+01 2.668E+01 1.427E+01 9.025E+00 8.642E+00
 5.838E+00 4.152E+00 2.509E+00 2.419E+00 1.308E+00 8.546E-01 6.252E-01 4.893E-01
 4.002E-01 3.377E-01 2.917E-01 2.564E-01 2.286E-01 2.061E-01 1.875E-01 1.720E-01
 1.588E-01 1.475E-01 1.290E-01 1.146E-01 1.031E-01 9.365E-02 8.578E-02 7.913E-02
 7.343E-02 5.396E-02 4.263E-02 3.523E-02 2.614E-02 2.078E-02 1.374E-02 1.026E-02
 6.809E-03 5.095E-03 4.071E-03 3.390E-03 2.539E-03 2.030E-03 1.352E-03 1.014E-03
 6.756E-04 5.066E-04 4.052E-04 3.376E-04 2.532E-04 2.025E-04 1.350E-04 1.013E-04
 6.750E-05 5.063E-05 4.050E-05 3.375E-05 2.531E-05 2.025E-05
 0.000E+00 0.000E+00 0.000E+00 0.000E+00 0.000E+00 0.000E+00 0.000E+00 0.000E+00
 0.000E+00 0.000E+00 0.000E+00 0.000E+00 0.000E+00 0.000E+00 0.000E+00 0.000E+00
 0.000E+00 0.000E+00 0.000E+00 0.000E+00 0.000E+00 0.000E+00 0.000E+00 0.000E+00
 0.000E+00 0.000E+00 0.000E+00 0.000E+00 0.000E+00 0.000E+00 0.000E+00 0.000E+00
 0.000E+00 0.000E+00 0.000E+00 0.000E+00 0.000E+00 0.000E+00 0.000E+00 0.000E+00
 0.000E+00 0.000E+00 0.000E+00 0.000E+00 0.000E+00 0.000E+00 0.000E+00 0.000E+00
 1.618E-01 7.897E-01 2.332E+00 2.464E+00 4.920E+00 6.945E+00 8.636E+00 1.009E+01
 1.137E+01 1.253E+01 1.359E+01 1.457E+01 1.547E+01 1.632E+01 1.710E+01 1.784E+01
 1.853E+01 1.917E+01 2.034E+01 2.138E+01 2.232E+01 2.319E+01 2.398E+01 2.470E+01
 2.537E+01 2.808E+01 3.010E+01 3.166E+01 3.396E+01 3.558E+01 3.814E+01 3.966E+01
 4.143E+01 4.245E+01 4.311E+01 4.359E+01 4.422E+01 4.463E+01 4.523E+01 4.555E+01
 4.590E+01 4.609E+01 4.621E+01 4.629E+01 4.640E+01 4.647E+01 4.656E+01 4.661E+01
 4.667E+01 4.670E+01 4.671E+01 4.672E+01 4.674E+01 4.675E+01
 0.000E+00 0.000E+00 0.000E+00 0.000E+00 0.000E+00 0.000E+00 0.000E+00 0.000E+00
 0.000E+00 0.000E+00 0.000E+00 0.000E+00 0.000E+00 0.000E+00 0.000E+00 0.000E+00
 0.000E+00 0.000E+00 0.000E+00 0.000E+00 0.000E+00 0.000E+00 0.000E+00 0.000E+00
 0.000E+00 0.000E+00 0.000E+00 0.000E+00 0.000E+00 0.000E+00 0.000E+00 0.000E+00
 0.000E+00 0.000E+00 0.000E+00 0.000E+00 0.000E+00 0.000E+00 0.000E+00 0.000E+00
 0.000E+00 0.000E+00 0.000E+00 0.000E+00 0.000E+00 0.000E+00 0.000E+00 0.000E+00
 0.000E+00 0.000E+00 0.000E+00 0.000E+00 3.578E-03 1.458E-02 2.899E-02 4.443E-02
 5.977E-02 7.459E-02 8.873E-02 1.021E-01 1.148E-01 1.267E-01 1.379E-01 1.485E-01
 1.585E-01 1.680E-01 1.856E-01 2.015E-01 2.160E-01 2.293E-01 2.416E-01 2.529E-01
 2.634E-01 3.065E-01 3.388E-01 3.643E-01 4.022E-01 4.296E-01 4.743E-01 5.021E-01
 5.358E-01 5.559E-01 5.696E-01 5.796E-01 5.934E-01 6.026E-01 6.163E-01 6.241E-01
 6.326E-01 6.376E-01 6.407E-01 6.428E-01 6.457E-01 6.475E-01 6.500E-01 6.515E-01
 6.529E-01 6.538E-01 6.543E-01 6.546E-01 6.550E-01 6.553E-01
    11
     3     3     5     3     3     3     3     6     3     3     9
  1.0000E-03  1.0392E-03  1.0800E-03
  1.0800E-03  1.1707E-03  1.2690E-03
  1.2690E-03  1.5000E-03  2.0000E-03  3.0000E-03  3.2190E-03
  3.2190E-03  3.2937E-03  3.3702E-03
  3.3702E-03  3.6296E-03  3.9090E-03
  3.9090E-03  4.0000E-03  4.6560E-03
  4.6560E-03  5.0000E-03  5.0020E-03
  5.0020E-03  6.0000E-03  8.0000E-03  1.0000E-02  1.5000E-02  1.5871E-02
  1.5871E-02  1.7403E-02  1.9083E-02
  1.9083E-02  1.9458E-02  1.9840E-02
  1.9840E-02  2.0000E-02  3.0000E-02  4.0000E-02  5.0000E-02  6.0000E-02
  8.0000E-02  1.0000E-01  1.067555E-01
  2.4340E+06  2.2689E+06  2.1150E+06
  2.1450E+06  1.8412E+06  1.5800E+06
  1.6120E+06  1.1570E+06  6.3470E+05  2.5910E+05  2.2070E+05
  5.7520E+05  5.3008E+05  4.8860E+05
  7.0940E+05  5.8656E+05  4.8510E+05
  5.6350E+05  5.3400E+05  3.6400E+05
  3.8640E+05  3.2420E+05  3.2390E+05
  3.3800E+05  2.1680E+05  1.0610E+05  6.0280E+04  2.1230E+04  1.8340E+04
  4.4450E+04  3.4600E+04  2.6930E+04
  3.8010E+04  3.6168E+04  3.4430E+04
  3.9620E+04  3.9010E+04  1.3760E+04  6.4510E+03  3.5580E+03  2.1800E+03
  1.0010E+03  5.4560E+02  4.5670E+02
