    46  106.419998
     4    88
    19    10     8     6
 K  L1 L2 L3
  24350.3   3604.3   3330.3   3173.3
  1.00000E+03  1.50000E+03  2.00000E+03  3.00000E+03  3.17320E+03  3.17330E+03
  3.33020E+03  3.33030E+03  3.60420E+03  3.60430E+03  4.00000E+03  5.00000E+03
  6.00000E+03  8.00000E+03  1.00000E+04  1.50000E+04  2.00000E+04  2.43502E+04
  2.43503E+04  3.00000E+04  4.00000E+04  5.00000E+04  6.00000E+04  8.00000E+04
  1.00000E+05  1.50000E+05  2.00000E+05  3.00000E+05  4.00000E+05  5.00000E+05
  6.00000E+05  8.00000E+05  1.00000E+06  1.02200E+06  1.25000E+06  1.50000E+06
  2.00000E+06  2.04400E+06  3.00000E+06  4.00000E+06  5.00000E+06  6.00000E+06
  7.00000E+06  8.00000E+06  9.00000E+06  1.00000E+07  1.10000E+07  1.20000E+07
  1.30000E+07  1.40000E+07  1.50000E+07  1.60000E+07  1.80000E+07  2.00000E+07
  2.20000E+07  2.40000E+07  2.60000E+07  2.80000E+07  3.00000E+07  4.00000E+07
  5.00000E+07  6.00000E+07  8.00000E+07  1.00000E+08  1.50000E+08  2.00000E+08
  3.00000E+08  4.00000E+08  5.00000E+08  6.00000E+08  8.00000E+08  1.00000E+09
  1.50000E+09  2.00000E+09  3.00000E+09  4.00000E+09  5.00000E+09  6.00000E+09
  8.00000E+09  1.00000E+10  1.50000E+10  2.00000E+10  3.00000E+10  4.00000E+10
  5.00000E+10  6.00000E+10  8.00000E+10  1.00000E+11
 1.349E+03 1.285E+03 1.209E+03 1.050E+03 1.023E+03 1.023E+03 9.995E+02 9.995E+02
 9.592E+02 9.592E+02 9.041E+02 7.816E+02 6.822E+02 5.373E+02 4.382E+02 2.859E+02
 1.975E+02 1.506E+02 1.506E+02 1.110E+02 7.252E+01 5.110E+01 3.779E+01 2.307E+01
 1.561E+01 7.573E+00 4.456E+00 2.066E+00 1.187E+00 7.688E-01 5.380E-01 3.052E-01
 1.962E-01 1.879E-01 1.260E-01 8.761E-02 4.937E-02 4.727E-02 2.197E-02 1.236E-02
 7.914E-03 5.497E-03 4.039E-03 3.092E-03 2.443E-03 1.979E-03 1.636E-03 1.374E-03
 1.171E-03 1.010E-03 8.796E-04 7.731E-04 6.109E-04 4.948E-04 4.089E-04 3.436E-04
 2.928E-04 2.525E-04 2.199E-04 1.237E-04 7.917E-05 5.498E-05 3.093E-05 1.979E-05
 8.796E-06 4.948E-06 2.199E-06 1.237E-06 7.917E-07 5.498E-07 3.092E-07 1.979E-07
 8.796E-08 4.948E-08 2.199E-08 1.237E-08 7.917E-09 5.498E-09 3.092E-09 1.979E-09
 8.796E-10 4.948E-10 2.199E-10 1.237E-10 7.917E-11 5.498E-11 3.092E-11 1.979E-11
 7.546E-01 1.496E+00 2.294E+00 3.808E+00 4.049E+00 4.049E+00 4.265E+00 4.265E+00
 4.635E+00 4.635E+00 5.156E+00 6.395E+00 7.553E+00 9.612E+00 1.130E+01 1.428E+01
 1.624E+01 1.746E+01 1.746E+01 1.860E+01 1.983E+01 2.045E+01 2.073E+01 2.073E+01
 2.038E+01 1.912E+01 1.788E+01 1.585E+01 1.433E+01 1.315E+01 1.220E+01 1.075E+01
 9.685E+00 9.583E+00 8.670E+00 7.885E+00 6.734E+00 6.651E+00 5.301E+00 4.423E+00
 3.820E+00 3.377E+00 3.035E+00 2.762E+00 2.539E+00 2.353E+00 2.195E+00 2.058E+00
 1.939E+00 1.834E+00 1.742E+00 1.658E+00 1.516E+00 1.398E+00 1.298E+00 1.213E+00
 1.139E+00 1.075E+00 1.018E+00 8.087E-01 6.750E-01 5.816E-01 4.587E-01 3.807E-01
 2.711E-01 2.126E-01 1.507E-01 1.180E-01 9.768E-02 8.363E-02 6.532E-02 5.374E-02
 3.753E-02 2.905E-02 2.020E-02 1.559E-02 1.275E-02 1.081E-02 8.327E-03 6.799E-03
 4.699E-03 3.612E-03 2.491E-03 1.913E-03 1.558E-03 1.317E-03 1.010E-03 8.213E-04
 1.154E+06 4.544E+05 2.271E+05 8.252E+04 7.155E+04 2.385E+05 2.138E+05 2.931E+05
 2.428E+05 2.786E+05 2.159E+05 1.214E+05 7.543E+04 3.510E+04 1.917E+04 6.264E+03
 2.798E+03 1.604E+03 1.026E+04 5.993E+03 2.759E+03 1.492E+03 8.955E+02 3.945E+02
 2.073E+02 6.370E+01 2.763E+01 8.706E+00 3.969E+00 2.224E+00 1.418E+00 7.308E-01
 4.558E-01 4.338E-01 2.927E-01 2.099E-01 1.280E-01 1.235E-01 6.822E-02 4.535E-02
 3.362E-02 2.658E-02 2.192E-02 1.863E-02 1.617E-02 1.428E-02 1.278E-02 1.156E-02
 1.056E-02 9.707E-03 8.983E-03 8.359E-03 7.337E-03 6.537E-03 5.894E-03 5.365E-03
 4.923E-03 4.548E-03 4.226E-03 3.120E-03 2.472E-03 2.047E-03 1.523E-03 1.212E-03
 8.031E-04 6.003E-04 3.989E-04 2.987E-04 2.387E-04 1.988E-04 1.490E-04 1.191E-04
 7.936E-05 5.950E-05 3.966E-05 2.974E-05 2.379E-05 1.982E-05 1.486E-05 1.189E-05
 7.927E-06 5.945E-06 3.963E-06 2.972E-06 2.378E-06 1.982E-06 1.486E-06 1.189E-06
 0.000E+00 0.000E+00 0.000E+00 0.000E+00 0.000E+00 0.000E+00 0.000E+00 0.000E+00
 0.000E+00 0.000E+00 0.000E+00 0.000E+00 0.000E+00 0.000E+00 0.000E+00 0.000E+00
 0.000E+00 0.000E+00 0.000E+00 0.000E+00 0.000E+00 0.000E+00 0.000E+00 0.000E+00
 0.000E+00 0.000E+00 0.000E+00 0.000E+00 0.000E+00 0.000E+00 0.000E+00 0.000E+00
 0.000E+00 0.000E+00 2.713E-02 1.272E-01 4.433E-01 4.745E-01 1.153E+00 1.789E+00
 2.341E+00 2.818E+00 3.245E+00 3.629E+00 3.977E+00 4.296E+00 4.590E+00 4.860E+00
 5.111E+00 5.341E+00 5.554E+00 5.753E+00 6.117E+00 6.443E+00 6.739E+00 7.008E+00
 7.253E+00 7.477E+00 7.684E+00 8.525E+00 9.148E+00 9.634E+00 1.035E+01 1.086E+01
 1.167E+01 1.215E+01 1.272E+01 1.304E+01 1.325E+01 1.341E+01 1.361E+01 1.374E+01
 1.393E+01 1.404E+01 1.415E+01 1.421E+01 1.425E+01 1.427E+01 1.431E+01 1.433E+01
 1.436E+01 1.437E+01 1.439E+01 1.440E+01 1.441E+01 1.441E+01 1.441E+01 1.442E+01
 0.000E+00 0.000E+00 0.000E+00 0.000E+00 0.000E+00 0.000E+00 0.000E+00 0.000E+00
 0.000E+00 0.000E+00 0.000E+00 0.000E+00 0.000E+00 0.000E+00 0.000E+00 0.000E+00
 0.000E+00 0.000E+00 0.000E+00 0.000E+00 0.000E+00 0.000E+00 0.000E+00 0.000E+00
 0.000E+00 0.000E+00 0.000E+00 0.000E+00 0.000E+00 0.000E+00 0.000E+00 0.000E+00
 0.000E+00 0.000E+00 0.000E+00 0.000E+00 0.000E+00 0.000E+00 1.854E-03 7.565E-03
 1.506E-02 2.311E-02 3.113E-02 3.889E-02 4.632E-02 5.337E-02 6.005E-02 6.634E-02
 7.228E-02 7.792E-02 8.326E-02 8.834E-02 9.774E-02 1.063E-01 1.141E-01 1.213E-01
 1.280E-01 1.341E-01 1.399E-01 1.636E-01 1.816E-01 1.959E-01 2.175E-01 2.332E-01
 2.592E-01 2.754E-01 2.953E-01 3.072E-01 3.153E-01 3.213E-01 3.294E-01 3.348E-01
 3.428E-01 3.473E-01 3.522E-01 3.551E-01 3.569E-01 3.581E-01 3.597E-01 3.608E-01
 3.622E-01 3.630E-01 3.638E-01 3.643E-01 3.646E-01 3.647E-01 3.649E-01 3.651E-01
     4
     5     3     3     9
  1.0000E-03  1.5000E-03  2.0000E-03  3.0000E-03  3.1733E-03
  3.1733E-03  3.2509E-03  3.3303E-03
  3.3303E-03  3.4646E-03  3.6043E-03
  3.6043E-03  4.0000E-03  5.0000E-03  6.0000E-03  8.0000E-03  1.0000E-02
  1.5000E-02  2.0000E-02  2.4350E-02
  1.1540E+06  4.5440E+05  2.2710E+05  8.2520E+04  7.1550E+04
  2.3850E+05  2.2579E+05  2.1380E+05
  2.9310E+05  2.6681E+05  2.4280E+05
  2.7860E+05  2.1590E+05  1.2140E+05  7.5430E+04  3.5100E+04  1.9170E+04
  6.2640E+03  2.7980E+03  1.6040E+03
