    40   91.220001
     4    88
    18     9     7     5
 K  L1 L2 L3
  17997.6   2531.6   2306.7   2222.3
  1.00000E+03  1.50000E+03  2.00000E+03  2.22220E+03  2.22230E+03  2.30660E+03
  2.30670E+03  2.53150E+03  2.53160E+03  3.00000E+03  4.00000E+03  5.00000E+03
  6.00000E+03  8.00000E+03  1.00000E+04  1.50000E+04  1.79975E+04  1.79976E+04
  2.00000E+04  3.00000E+04  4.00000E+04  5.00000E+04  6.00000E+04  8.00000E+04
  1.00000E+05  1.50000E+05  2.00000E+05  3.00000E+05  4.00000E+05  5.00000E+05
  6.00000E+05  8.00000E+05  1.00000E+06  1.02200E+06  1.25000E+06  1.50000E+06
  2.00000E+06  2.04400E+06  3.00000E+06  4.00000E+06  5.00000E+06  6.00000E+06
  7.00000E+06  8.00000E+06  9.00000E+06  1.00000E+07  1.10000E+07  1.20000E+07
  1.30000E+07  1.40000E+07  1.50000E+07  1.60000E+07  1.80000E+07  2.00000E+07
  2.20000E+07  2.40000E+07  2.60000E+07  2.80000E+07  3.00000E+07  4.00000E+07
  5.00000E+07  6.00000E+07  8.00000E+07  1.00000E+08  1.50000E+08  2.00000E+08
  3.00000E+08  4.00000E+08  5.00000E+08  6.00000E+08  8.00000E+08  1.00000E+09
  1.50000E+09  2.00000E+09  3.00000E+09  4.00000E+09  5.00000E+09  6.00000E+09
  8.00000E+09  1.00000E+10  1.50000E+10  2.00000E+10  3.00000E+10  4.00000E+10
  5.00000E+10  6.00000E+10  8.00000E+10  1.00000E+11
 9.917E+02 9.279E+02 8.642E+02 8.367E+02 8.367E+02 8.265E+02 8.265E+02 8.014E+02
 8.014E+02 7.489E+02 6.509E+02 5.692E+02 5.020E+02 4.000E+02 3.257E+02 2.050E+02
 1.611E+02 1.611E+02 1.397E+02 7.899E+01 5.126E+01 3.572E+01 2.628E+01 1.602E+01
 1.085E+01 5.236E+00 3.065E+00 1.415E+00 8.111E-01 5.247E-01 3.667E-01 2.078E-01
 1.334E-01 1.278E-01 8.562E-02 5.953E-02 3.353E-02 3.211E-02 1.492E-02 8.394E-03
 5.373E-03 3.732E-03 2.742E-03 2.099E-03 1.659E-03 1.344E-03 1.110E-03 9.331E-04
 7.950E-04 6.855E-04 5.972E-04 5.249E-04 4.147E-04 3.359E-04 2.776E-04 2.333E-04
 1.988E-04 1.714E-04 1.493E-04 8.398E-05 5.375E-05 3.732E-05 2.099E-05 1.344E-05
 5.972E-06 3.359E-06 1.493E-06 8.397E-07 5.374E-07 3.732E-07 2.099E-07 1.344E-07
 5.972E-08 3.359E-08 1.493E-08 8.397E-09 5.374E-09 3.732E-09 2.099E-09 1.344E-09
 5.972E-10 3.359E-10 1.493E-10 8.397E-11 5.374E-11 3.732E-11 2.099E-11 1.344E-11
 1.227E+00 2.027E+00 2.748E+00 3.056E+00 3.056E+00 3.171E+00 3.172E+00 3.471E+00
 3.471E+00 4.077E+00 5.278E+00 6.372E+00 7.363E+00 9.032E+00 1.037E+01 1.287E+01
 1.399E+01 1.399E+01 1.461E+01 1.667E+01 1.770E+01 1.820E+01 1.839E+01 1.829E+01
 1.793E+01 1.676E+01 1.565E+01 1.384E+01 1.249E+01 1.146E+01 1.063E+01 9.360E+00
 8.427E+00 8.339E+00 7.542E+00 6.859E+00 5.857E+00 5.785E+00 4.610E+00 3.846E+00
 3.322E+00 2.936E+00 2.639E+00 2.402E+00 2.208E+00 2.046E+00 1.908E+00 1.790E+00
 1.686E+00 1.595E+00 1.514E+00 1.442E+00 1.318E+00 1.215E+00 1.129E+00 1.055E+00
 9.907E-01 9.345E-01 8.849E-01 7.032E-01 5.870E-01 5.058E-01 3.989E-01 3.311E-01
 2.358E-01 1.848E-01 1.310E-01 1.026E-01 8.494E-02 7.273E-02 5.680E-02 4.673E-02
 3.263E-02 2.526E-02 1.756E-02 1.356E-02 1.108E-02 9.399E-03 7.241E-03 5.912E-03
 4.086E-03 3.141E-03 2.166E-03 1.663E-03 1.354E-03 1.145E-03 8.778E-04 7.142E-04
 6.367E+05 2.462E+05 1.221E+05 9.396E+04 3.614E+05 3.203E+05 4.465E+05 3.565E+05
 4.068E+05 2.677E+05 1.282E+05 7.147E+04 4.395E+04 2.014E+04 1.090E+04 3.512E+03
 2.099E+03 1.417E+04 1.081E+04 3.669E+03 1.656E+03 8.813E+02 5.224E+02 2.264E+02
 1.175E+02 3.542E+01 1.517E+01 4.707E+00 2.126E+00 1.184E+00 7.517E-01 3.861E-01
 2.406E-01 2.288E-01 1.544E-01 1.109E-01 6.785E-02 6.549E-02 3.632E-02 2.423E-02
 1.801E-02 1.427E-02 1.178E-02 1.002E-02 8.713E-03 7.701E-03 6.897E-03 6.243E-03
 5.701E-03 5.245E-03 4.856E-03 4.520E-03 3.970E-03 3.539E-03 3.192E-03 2.906E-03
 2.668E-03 2.465E-03 2.291E-03 1.693E-03 1.342E-03 1.112E-03 8.274E-04 6.589E-04
 4.366E-04 3.264E-04 2.169E-04 1.624E-04 1.298E-04 1.081E-04 8.103E-05 6.480E-05
 4.317E-05 3.237E-05 2.157E-05 1.618E-05 1.294E-05 1.078E-05 8.086E-06 6.469E-06
 4.312E-06 3.234E-06 2.156E-06 1.617E-06 1.294E-06 1.078E-06 8.085E-07 6.468E-07
 0.000E+00 0.000E+00 0.000E+00 0.000E+00 0.000E+00 0.000E+00 0.000E+00 0.000E+00
 0.000E+00 0.000E+00 0.000E+00 0.000E+00 0.000E+00 0.000E+00 0.000E+00 0.000E+00
 0.000E+00 0.000E+00 0.000E+00 0.000E+00 0.000E+00 0.000E+00 0.000E+00 0.000E+00
 0.000E+00 0.000E+00 0.000E+00 0.000E+00 0.000E+00 0.000E+00 0.000E+00 0.000E+00
 0.000E+00 0.000E+00 1.880E-02 9.018E-02 3.227E-01 3.458E-01 8.574E-01 1.343E+00
 1.767E+00 2.137E+00 2.468E+00 2.765E+00 3.035E+00 3.282E+00 3.508E+00 3.716E+00
 3.907E+00 4.083E+00 4.247E+00 4.401E+00 4.681E+00 4.932E+00 5.161E+00 5.368E+00
 5.558E+00 5.731E+00 5.891E+00 6.542E+00 7.024E+00 7.399E+00 7.954E+00 8.349E+00
 8.976E+00 9.352E+00 9.789E+00 1.004E+01 1.021E+01 1.033E+01 1.048E+01 1.059E+01
 1.073E+01 1.082E+01 1.090E+01 1.095E+01 1.098E+01 1.100E+01 1.103E+01 1.104E+01
 1.107E+01 1.108E+01 1.109E+01 1.110E+01 1.111E+01 1.111E+01 1.111E+01 1.111E+01
 0.000E+00 0.000E+00 0.000E+00 0.000E+00 0.000E+00 0.000E+00 0.000E+00 0.000E+00
 0.000E+00 0.000E+00 0.000E+00 0.000E+00 0.000E+00 0.000E+00 0.000E+00 0.000E+00
 0.000E+00 0.000E+00 0.000E+00 0.000E+00 0.000E+00 0.000E+00 0.000E+00 0.000E+00
 0.000E+00 0.000E+00 0.000E+00 0.000E+00 0.000E+00 0.000E+00 0.000E+00 0.000E+00
 0.000E+00 0.000E+00 0.000E+00 0.000E+00 0.000E+00 0.000E+00 1.613E-03 6.582E-03
 1.311E-02 2.011E-02 2.709E-02 3.386E-02 4.033E-02 4.648E-02 5.231E-02 5.780E-02
 6.298E-02 6.791E-02 7.258E-02 7.702E-02 8.524E-02 9.273E-02 9.959E-02 1.059E-01
 1.117E-01 1.171E-01 1.222E-01 1.430E-01 1.589E-01 1.715E-01 1.905E-01 2.044E-01
 2.275E-01 2.421E-01 2.600E-01 2.709E-01 2.784E-01 2.839E-01 2.915E-01 2.966E-01
 3.043E-01 3.087E-01 3.136E-01 3.164E-01 3.182E-01 3.194E-01 3.210E-01 3.221E-01
 3.235E-01 3.243E-01 3.251E-01 3.257E-01 3.260E-01 3.262E-01 3.264E-01 3.265E-01
     4
     4     3     3     9
  1.0000E-03  1.5000E-03  2.0000E-03  2.2223E-03
  2.2223E-03  2.2641E-03  2.3067E-03
  2.3067E-03  2.4165E-03  2.5316E-03
  2.5316E-03  3.0000E-03  4.0000E-03  5.0000E-03  6.0000E-03  8.0000E-03
  1.0000E-02  1.5000E-02  1.7998E-02
  6.3670E+05  2.4620E+05  1.2210E+05  9.3960E+04
  3.6140E+05  3.4020E+05  3.2030E+05
  4.4650E+05  3.9893E+05  3.5650E+05
  4.0680E+05  2.6770E+05  1.2820E+05  7.1470E+04  4.3950E+04  2.0140E+04
  1.0900E+04  3.5120E+03  2.0990E+03
