    48  112.410004
     4    88
    19    11     8     6
 K  L1 L2 L3
  26711.2   4018.0   3727.0   3537.5
  1.00000E+03  1.50000E+03  2.00000E+03  3.00000E+03  3.53740E+03  3.53750E+03
  3.72690E+03  3.72700E+03  4.00000E+03  4.01790E+03  4.01800E+03  5.00000E+03
  6.00000E+03  8.00000E+03  1.00000E+04  1.50000E+04  2.00000E+04  2.67111E+04
  2.67112E+04  3.00000E+04  4.00000E+04  5.00000E+04  6.00000E+04  8.00000E+04
  1.00000E+05  1.50000E+05  2.00000E+05  3.00000E+05  4.00000E+05  5.00000E+05
  6.00000E+05  8.00000E+05  1.00000E+06  1.02200E+06  1.25000E+06  1.50000E+06
  2.00000E+06  2.04400E+06  3.00000E+06  4.00000E+06  5.00000E+06  6.00000E+06
  7.00000E+06  8.00000E+06  9.00000E+06  1.00000E+07  1.10000E+07  1.20000E+07
  1.30000E+07  1.40000E+07  1.50000E+07  1.60000E+07  1.80000E+07  2.00000E+07
  2.20000E+07  2.40000E+07  2.60000E+07  2.80000E+07  3.00000E+07  4.00000E+07
  5.00000E+07  6.00000E+07  8.00000E+07  1.00000E+08  1.50000E+08  2.00000E+08
  3.00000E+08  4.00000E+08  5.00000E+08  6.00000E+08  8.00000E+08  1.00000E+09
  1.50000E+09  2.00000E+09  3.00000E+09  4.00000E+09  5.00000E+09  6.00000E+09
  8.00000E+09  1.00000E+10  1.50000E+10  2.00000E+10  3.00000E+10  4.00000E+10
  5.00000E+10  6.00000E+10  8.00000E+10  1.00000E+11
 1.461E+03 1.388E+03 1.306E+03 1.140E+03 1.056E+03 1.056E+03 1.028E+03 1.028E+03
 9.880E+02 9.855E+02 9.854E+02 8.577E+02 7.494E+02 5.888E+02 4.796E+02 3.149E+02
 2.195E+02 1.460E+02 1.460E+02 1.234E+02 8.060E+01 5.697E+01 4.225E+01 2.582E+01
 1.748E+01 8.484E+00 4.999E+00 2.322E+00 1.335E+00 8.650E-01 6.055E-01 3.437E-01
 2.210E-01 2.117E-01 1.419E-01 9.872E-02 5.564E-02 5.327E-02 2.476E-02 1.394E-02
 8.920E-03 6.195E-03 4.552E-03 3.485E-03 2.754E-03 2.231E-03 1.844E-03 1.549E-03
 1.320E-03 1.138E-03 9.915E-04 8.714E-04 6.885E-04 5.577E-04 4.609E-04 3.873E-04
 3.300E-04 2.846E-04 2.479E-04 1.394E-04 8.924E-05 6.197E-05 3.486E-05 2.231E-05
 9.915E-06 5.577E-06 2.479E-06 1.394E-06 8.924E-07 6.197E-07 3.486E-07 2.231E-07
 9.915E-08 5.577E-08 2.479E-08 1.394E-08 8.924E-09 6.197E-09 3.486E-09 2.231E-09
 9.915E-10 5.577E-10 2.479E-10 1.394E-10 8.924E-11 6.197E-11 3.486E-11 2.231E-11
 1.004E+00 1.808E+00 2.585E+00 4.044E+00 4.784E+00 4.784E+00 5.037E+00 5.037E+00
 5.395E+00 5.418E+00 5.418E+00 6.635E+00 7.783E+00 9.849E+00 1.160E+01 1.475E+01
 1.679E+01 1.861E+01 1.861E+01 1.924E+01 2.052E+01 2.119E+01 2.150E+01 2.153E+01
 2.118E+01 1.990E+01 1.862E+01 1.652E+01 1.494E+01 1.371E+01 1.273E+01 1.122E+01
 1.010E+01 9.997E+00 9.045E+00 8.227E+00 7.026E+00 6.940E+00 5.531E+00 4.615E+00
 3.986E+00 3.523E+00 3.167E+00 2.882E+00 2.650E+00 2.455E+00 2.290E+00 2.148E+00
 2.023E+00 1.914E+00 1.817E+00 1.731E+00 1.582E+00 1.459E+00 1.355E+00 1.266E+00
 1.189E+00 1.121E+00 1.062E+00 8.438E-01 7.044E-01 6.069E-01 4.786E-01 3.973E-01
 2.829E-01 2.218E-01 1.572E-01 1.231E-01 1.019E-01 8.727E-02 6.816E-02 5.607E-02
 3.916E-02 3.031E-02 2.107E-02 1.627E-02 1.330E-02 1.128E-02 8.689E-03 7.095E-03
 4.903E-03 3.769E-03 2.600E-03 1.996E-03 1.625E-03 1.374E-03 1.053E-03 8.570E-04
 1.371E+06 5.457E+05 2.737E+05 9.990E+04 6.568E+04 2.140E+05 1.881E+05 2.583E+05
 2.173E+05 2.149E+05 2.466E+05 1.426E+05 8.871E+04 4.147E+04 2.273E+04 7.469E+03
 3.348E+03 1.480E+03 9.289E+03 6.885E+03 3.217E+03 1.747E+03 1.052E+03 4.662E+02
 2.458E+02 7.602E+01 3.310E+01 1.048E+01 4.796E+00 2.691E+00 1.718E+00 8.870E-01
 5.535E-01 5.267E-01 3.553E-01 2.546E-01 1.552E-01 1.498E-01 8.259E-02 5.484E-02
 4.062E-02 3.210E-02 2.646E-02 2.247E-02 1.951E-02 1.723E-02 1.541E-02 1.394E-02
 1.272E-02 1.170E-02 1.082E-02 1.007E-02 8.838E-03 7.873E-03 7.097E-03 6.459E-03
 5.927E-03 5.475E-03 5.087E-03 3.755E-03 2.975E-03 2.463E-03 1.832E-03 1.458E-03
 9.659E-04 7.220E-04 4.797E-04 3.592E-04 2.871E-04 2.391E-04 1.791E-04 1.432E-04
 9.543E-05 7.155E-05 4.768E-05 3.576E-05 2.860E-05 2.383E-05 1.787E-05 1.430E-05
 9.532E-06 7.148E-06 4.765E-06 3.574E-06 2.859E-06 2.383E-06 1.787E-06 1.430E-06
 0.000E+00 0.000E+00 0.000E+00 0.000E+00 0.000E+00 0.000E+00 0.000E+00 0.000E+00
 0.000E+00 0.000E+00 0.000E+00 0.000E+00 0.000E+00 0.000E+00 0.000E+00 0.000E+00
 0.000E+00 0.000E+00 0.000E+00 0.000E+00 0.000E+00 0.000E+00 0.000E+00 0.000E+00
 0.000E+00 0.000E+00 0.000E+00 0.000E+00 0.000E+00 0.000E+00 0.000E+00 0.000E+00
 0.000E+00 0.000E+00 3.038E-02 1.418E-01 4.894E-01 5.236E-01 1.263E+00 1.952E+00
 2.550E+00 3.066E+00 3.526E+00 3.941E+00 4.317E+00 4.662E+00 4.979E+00 5.272E+00
 5.543E+00 5.792E+00 6.023E+00 6.238E+00 6.632E+00 6.985E+00 7.305E+00 7.596E+00
 7.861E+00 8.103E+00 8.327E+00 9.236E+00 9.909E+00 1.043E+01 1.121E+01 1.176E+01
 1.263E+01 1.316E+01 1.376E+01 1.411E+01 1.434E+01 1.451E+01 1.473E+01 1.487E+01
 1.507E+01 1.519E+01 1.531E+01 1.537E+01 1.541E+01 1.544E+01 1.548E+01 1.550E+01
 1.553E+01 1.555E+01 1.557E+01 1.558E+01 1.558E+01 1.559E+01 1.559E+01 1.560E+01
 0.000E+00 0.000E+00 0.000E+00 0.000E+00 0.000E+00 0.000E+00 0.000E+00 0.000E+00
 0.000E+00 0.000E+00 0.000E+00 0.000E+00 0.000E+00 0.000E+00 0.000E+00 0.000E+00
 0.000E+00 0.000E+00 0.000E+00 0.000E+00 0.000E+00 0.000E+00 0.000E+00 0.000E+00
 0.000E+00 0.000E+00 0.000E+00 0.000E+00 0.000E+00 0.000E+00 0.000E+00 0.000E+00
 0.000E+00 0.000E+00 0.000E+00 0.000E+00 0.000E+00 0.000E+00 1.935E-03 7.893E-03
 1.571E-02 2.411E-02 3.247E-02 4.056E-02 4.831E-02 5.566E-02 6.262E-02 6.918E-02
 7.537E-02 8.125E-02 8.681E-02 9.210E-02 1.019E-01 1.108E-01 1.190E-01 1.264E-01
 1.334E-01 1.398E-01 1.457E-01 1.704E-01 1.892E-01 2.040E-01 2.264E-01 2.427E-01
 2.696E-01 2.865E-01 3.071E-01 3.194E-01 3.279E-01 3.341E-01 3.426E-01 3.482E-01
 3.567E-01 3.615E-01 3.667E-01 3.697E-01 3.716E-01 3.729E-01 3.747E-01 3.758E-01
 3.773E-01 3.782E-01 3.790E-01 3.796E-01 3.799E-01 3.801E-01 3.803E-01 3.805E-01
     4
     5     3     3     8
  1.0000E-03  1.5000E-03  2.0000E-03  3.0000E-03  3.5375E-03
  3.5375E-03  3.6310E-03  3.7270E-03
  3.7270E-03  4.0000E-03  4.0180E-03
  4.0180E-03  5.0000E-03  6.0000E-03  8.0000E-03  1.0000E-02  1.5000E-02
  2.0000E-02  2.6711E-02
  1.3710E+06  5.4570E+05  2.7370E+05  9.9900E+04  6.5680E+04
  2.1400E+05  2.0068E+05  1.8810E+05
  2.5830E+05  2.1730E+05  2.1490E+05
  2.4660E+05  1.4260E+05  8.8710E+04  4.1470E+04  2.2730E+04  7.4690E+03
  3.3480E+03  1.4800E+03
