    43   97.906998
     4    88
    19    10     7     5
 K  L1 L2 L3
  21044.0   3042.5   2793.2   2676.9
  1.00000E+03  1.50000E+03  2.00000E+03  2.67680E+03  2.67690E+03  2.79310E+03
  2.79320E+03  3.00000E+03  3.04240E+03  3.04250E+03  4.00000E+03  5.00000E+03
  6.00000E+03  8.00000E+03  1.00000E+04  1.50000E+04  2.00000E+04  2.10439E+04
  2.10440E+04  3.00000E+04  4.00000E+04  5.00000E+04  6.00000E+04  8.00000E+04
  1.00000E+05  1.50000E+05  2.00000E+05  3.00000E+05  4.00000E+05  5.00000E+05
  6.00000E+05  8.00000E+05  1.00000E+06  1.02200E+06  1.25000E+06  1.50000E+06
  2.00000E+06  2.04400E+06  3.00000E+06  4.00000E+06  5.00000E+06  6.00000E+06
  7.00000E+06  8.00000E+06  9.00000E+06  1.00000E+07  1.10000E+07  1.20000E+07
  1.30000E+07  1.40000E+07  1.50000E+07  1.60000E+07  1.80000E+07  2.00000E+07
  2.20000E+07  2.40000E+07  2.60000E+07  2.80000E+07  3.00000E+07  4.00000E+07
  5.00000E+07  6.00000E+07  8.00000E+07  1.00000E+08  1.50000E+08  2.00000E+08
  3.00000E+08  4.00000E+08  5.00000E+08  6.00000E+08  8.00000E+08  1.00000E+09
  1.50000E+09  2.00000E+09  3.00000E+09  4.00000E+09  5.00000E+09  6.00000E+09
  8.00000E+09  1.00000E+10  1.50000E+10  2.00000E+10  3.00000E+10  4.00000E+10
  5.00000E+10  6.00000E+10  8.00000E+10  1.00000E+11
 1.157E+03 1.088E+03 1.015E+03 9.209E+02 9.209E+02 9.052E+02 9.052E+02 8.780E+02
 8.725E+02 8.725E+02 7.598E+02 6.617E+02 5.816E+02 4.624E+02 3.783E+02 2.433E+02
 1.667E+02 1.555E+02 1.555E+02 9.397E+01 6.129E+01 4.295E+01 3.167E+01 1.931E+01
 1.308E+01 6.330E+00 3.715E+00 1.719E+00 9.863E-01 6.385E-01 4.466E-01 2.532E-01
 1.627E-01 1.558E-01 1.044E-01 7.260E-02 4.090E-02 3.917E-02 1.820E-02 1.024E-02
 6.556E-03 4.553E-03 3.345E-03 2.561E-03 2.024E-03 1.639E-03 1.355E-03 1.138E-03
 9.700E-04 8.364E-04 7.286E-04 6.404E-04 5.060E-04 4.098E-04 3.387E-04 2.846E-04
 2.425E-04 2.091E-04 1.822E-04 1.025E-04 6.558E-05 4.554E-05 2.561E-05 1.639E-05
 7.286E-06 4.098E-06 1.822E-06 1.025E-06 6.558E-07 4.554E-07 2.562E-07 1.639E-07
 7.286E-08 4.098E-08 1.822E-08 1.025E-08 6.558E-09 4.554E-09 2.562E-09 1.639E-09
 7.286E-10 4.098E-10 1.822E-10 1.025E-10 6.558E-11 4.554E-11 2.562E-11 1.639E-11
 1.142E+00 1.966E+00 2.721E+00 3.670E+00 3.670E+00 3.827E+00 3.827E+00 4.103E+00
 4.158E+00 4.158E+00 5.361E+00 6.515E+00 7.581E+00 9.435E+00 1.093E+01 1.361E+01
 1.544E+01 1.574E+01 1.574E+01 1.765E+01 1.877E+01 1.934E+01 1.957E+01 1.952E+01
 1.916E+01 1.795E+01 1.677E+01 1.485E+01 1.341E+01 1.230E+01 1.141E+01 1.006E+01
 9.056E+00 8.961E+00 8.106E+00 7.372E+00 6.295E+00 6.218E+00 4.955E+00 4.135E+00
 3.571E+00 3.157E+00 2.837E+00 2.582E+00 2.374E+00 2.199E+00 2.051E+00 1.924E+00
 1.812E+00 1.715E+00 1.628E+00 1.550E+00 1.417E+00 1.307E+00 1.214E+00 1.134E+00
 1.065E+00 1.005E+00 9.513E-01 7.559E-01 6.310E-01 5.437E-01 4.288E-01 3.559E-01
 2.534E-01 1.987E-01 1.408E-01 1.103E-01 9.131E-02 7.818E-02 6.106E-02 5.023E-02
 3.508E-02 2.715E-02 1.888E-02 1.457E-02 1.191E-02 1.010E-02 7.784E-03 6.356E-03
 4.392E-03 3.377E-03 2.329E-03 1.788E-03 1.456E-03 1.231E-03 9.437E-04 7.678E-04
 8.697E+05 3.390E+05 1.687E+05 8.153E+04 2.936E+05 2.596E+05 3.606E+05 3.019E+05
 2.918E+05 3.339E+05 1.677E+05 9.421E+04 5.824E+04 2.689E+04 1.462E+04 4.745E+03
 2.110E+03 1.827E+03 1.199E+04 4.754E+03 2.164E+03 1.161E+03 6.920E+02 3.024E+02
 1.578E+02 4.806E+01 2.071E+01 6.477E+00 2.940E+00 1.641E+00 1.044E+00 5.374E-01
 3.350E-01 3.188E-01 2.151E-01 1.544E-01 9.428E-02 9.099E-02 5.035E-02 3.353E-02
 2.489E-02 1.970E-02 1.626E-02 1.382E-02 1.201E-02 1.061E-02 9.496E-03 8.594E-03
 7.846E-03 7.216E-03 6.680E-03 6.217E-03 5.459E-03 4.865E-03 4.386E-03 3.994E-03
 3.665E-03 3.386E-03 3.147E-03 2.324E-03 1.842E-03 1.526E-03 1.135E-03 9.039E-04
 5.988E-04 4.477E-04 2.975E-04 2.228E-04 1.780E-04 1.483E-04 1.111E-04 8.885E-05
 5.920E-05 4.438E-05 2.958E-05 2.218E-05 1.774E-05 1.478E-05 1.109E-05 8.870E-06
 5.913E-06 4.434E-06 2.956E-06 2.217E-06 1.774E-06 1.478E-06 1.109E-06 8.868E-07
 0.000E+00 0.000E+00 0.000E+00 0.000E+00 0.000E+00 0.000E+00 0.000E+00 0.000E+00
 0.000E+00 0.000E+00 0.000E+00 0.000E+00 0.000E+00 0.000E+00 0.000E+00 0.000E+00
 0.000E+00 0.000E+00 0.000E+00 0.000E+00 0.000E+00 0.000E+00 0.000E+00 0.000E+00
 0.000E+00 0.000E+00 0.000E+00 0.000E+00 0.000E+00 0.000E+00 0.000E+00 0.000E+00
 0.000E+00 0.000E+00 2.270E-02 1.076E-01 3.799E-01 4.069E-01 9.990E-01 1.557E+00
 2.044E+00 2.466E+00 2.844E+00 3.183E+00 3.492E+00 3.774E+00 4.033E+00 4.271E+00
 4.491E+00 4.693E+00 4.880E+00 5.056E+00 5.377E+00 5.665E+00 5.927E+00 6.164E+00
 6.381E+00 6.580E+00 6.763E+00 7.506E+00 8.057E+00 8.485E+00 9.119E+00 9.569E+00
 1.029E+01 1.071E+01 1.121E+01 1.150E+01 1.169E+01 1.183E+01 1.201E+01 1.212E+01
 1.229E+01 1.239E+01 1.249E+01 1.254E+01 1.257E+01 1.260E+01 1.263E+01 1.265E+01
 1.267E+01 1.269E+01 1.270E+01 1.271E+01 1.272E+01 1.272E+01 1.272E+01 1.273E+01
 0.000E+00 0.000E+00 0.000E+00 0.000E+00 0.000E+00 0.000E+00 0.000E+00 0.000E+00
 0.000E+00 0.000E+00 0.000E+00 0.000E+00 0.000E+00 0.000E+00 0.000E+00 0.000E+00
 0.000E+00 0.000E+00 0.000E+00 0.000E+00 0.000E+00 0.000E+00 0.000E+00 0.000E+00
 0.000E+00 0.000E+00 0.000E+00 0.000E+00 0.000E+00 0.000E+00 0.000E+00 0.000E+00
 0.000E+00 0.000E+00 0.000E+00 0.000E+00 0.000E+00 0.000E+00 1.734E-03 7.074E-03
 1.408E-02 2.161E-02 2.911E-02 3.638E-02 4.333E-02 4.993E-02 5.618E-02 6.208E-02
 6.763E-02 7.292E-02 7.793E-02 8.268E-02 9.150E-02 9.952E-02 1.069E-01 1.136E-01
 1.199E-01 1.256E-01 1.310E-01 1.533E-01 1.703E-01 1.837E-01 2.040E-01 2.188E-01
 2.434E-01 2.589E-01 2.779E-01 2.893E-01 2.972E-01 3.030E-01 3.110E-01 3.163E-01
 3.243E-01 3.289E-01 3.339E-01 3.368E-01 3.386E-01 3.399E-01 3.416E-01 3.427E-01
 3.441E-01 3.450E-01 3.458E-01 3.463E-01 3.466E-01 3.468E-01 3.470E-01 3.472E-01
     4
     4     3     3     9
  1.0000E-03  1.5000E-03  2.0000E-03  2.6769E-03
  2.6769E-03  2.7344E-03  2.7932E-03
  2.7932E-03  3.0000E-03  3.0425E-03
  3.0425E-03  4.0000E-03  5.0000E-03  6.0000E-03  8.0000E-03  1.0000E-02
  1.5000E-02  2.0000E-02  2.1044E-02
  8.6970E+05  3.3900E+05  1.6870E+05  8.1530E+04
  2.9360E+05  2.7605E+05  2.5960E+05
  3.6060E+05  3.0190E+05  2.9180E+05
  3.3390E+05  1.6770E+05  9.4210E+04  5.8240E+04  2.6890E+04  1.4620E+04
  4.7450E+03  2.1100E+03  1.8270E+03
