    16   32.060001
     1    82
     5
 K 
   2472.0
  1.00000E+03  1.50000E+03  2.00000E+03  2.47190E+03  2.47200E+03  3.00000E+03
  4.00000E+03  5.00000E+03  6.00000E+03  8.00000E+03  1.00000E+04  1.50000E+04
  2.00000E+04  3.00000E+04  4.00000E+04  5.00000E+04  6.00000E+04  8.00000E+04
  1.00000E+05  1.50000E+05  2.00000E+05  3.00000E+05  4.00000E+05  5.00000E+05
  6.00000E+05  8.00000E+05  1.00000E+06  1.02200E+06  1.25000E+06  1.50000E+06
  2.00000E+06  2.04400E+06  3.00000E+06  4.00000E+06  5.00000E+06  6.00000E+06
  7.00000E+06  8.00000E+06  9.00000E+06  1.00000E+07  1.10000E+07  1.20000E+07
  1.30000E+07  1.40000E+07  1.50000E+07  1.60000E+07  1.80000E+07  2.00000E+07
  2.20000E+07  2.40000E+07  2.60000E+07  2.80000E+07  3.00000E+07  4.00000E+07
  5.00000E+07  6.00000E+07  8.00000E+07  1.00000E+08  1.50000E+08  2.00000E+08
  3.00000E+08  4.00000E+08  5.00000E+08  6.00000E+08  8.00000E+08  1.00000E+09
  1.50000E+09  2.00000E+09  3.00000E+09  4.00000E+09  5.00000E+09  6.00000E+09
  8.00000E+09  1.00000E+10  1.50000E+10  2.00000E+10  3.00000E+10  4.00000E+10
  5.00000E+10  6.00000E+10  8.00000E+10  1.00000E+11
 1.569E+02 1.435E+02 1.292E+02 1.162E+02 1.162E+02 1.038E+02 8.521E+01 7.206E+01
 6.238E+01 4.850E+01 3.849E+01 2.290E+01 1.502E+01 8.049E+00 5.082E+00 3.503E+00
 2.554E+00 1.523E+00 1.009E+00 4.698E-01 2.700E-01 1.222E-01 6.924E-02 4.447E-02
 3.094E-02 1.744E-02 1.117E-02 1.070E-02 7.153E-03 4.969E-03 2.796E-03 2.677E-03
 1.243E-03 6.992E-04 4.475E-04 3.108E-04 2.283E-04 1.748E-04 1.381E-04 1.119E-04
 9.246E-05 7.770E-05 6.620E-05 5.708E-05 4.972E-05 4.370E-05 3.453E-05 2.797E-05
 2.312E-05 1.942E-05 1.655E-05 1.427E-05 1.243E-05 6.992E-06 4.475E-06 3.108E-06
 1.748E-06 1.119E-06 4.972E-07 2.797E-07 1.243E-07 6.992E-08 4.475E-08 3.107E-08
 1.748E-08 1.119E-08 4.972E-09 2.797E-09 1.243E-09 6.992E-10 4.475E-10 3.107E-10
 1.748E-10 1.119E-10 4.972E-11 2.797E-11 1.243E-11 6.992E-12 4.475E-12 3.107E-12
 1.748E-12 1.119E-12
 5.383E-01 1.039E+00 1.553E+00 2.008E+00 2.008E+00 2.469E+00 3.196E+00 3.766E+00
 4.231E+00 4.983E+00 5.592E+00 6.677E+00 7.306E+00 7.874E+00 8.065E+00 8.099E+00
 8.053E+00 7.848E+00 7.590E+00 6.956E+00 6.421E+00 5.618E+00 5.047E+00 4.615E+00
 4.273E+00 3.757E+00 3.379E+00 3.343E+00 3.022E+00 2.747E+00 2.345E+00 2.316E+00
 1.845E+00 1.539E+00 1.329E+00 1.175E+00 1.056E+00 9.610E-01 8.834E-01 8.185E-01
 7.634E-01 7.160E-01 6.745E-01 6.381E-01 6.058E-01 5.769E-01 5.273E-01 4.862E-01
 4.516E-01 4.220E-01 3.963E-01 3.738E-01 3.540E-01 2.813E-01 2.348E-01 2.023E-01
 1.595E-01 1.324E-01 9.430E-02 7.394E-02 5.241E-02 4.104E-02 3.398E-02 2.909E-02
 2.272E-02 1.869E-02 1.305E-02 1.010E-02 7.025E-03 5.422E-03 4.433E-03 3.759E-03
 2.896E-03 2.365E-03 1.634E-03 1.256E-03 8.665E-04 6.653E-04 5.417E-04 4.579E-04
 3.511E-04 2.857E-04
 1.292E+05 4.427E+04 2.038E+04 1.143E+04 1.101E+05 7.117E+04 3.366E+04 1.849E+04
 1.120E+04 4.986E+03 2.625E+03 7.958E+02 3.349E+02 9.657E+01 3.942E+01 1.954E+01
 1.097E+01 4.396E+00 2.157E+00 5.934E-01 2.400E-01 6.954E-02 3.020E-02 1.641E-02
 1.027E-02 5.206E-03 3.236E-03 3.057E-03 2.071E-03 1.499E-03 9.326E-04 9.015E-04
 5.133E-04 3.490E-04 2.630E-04 2.104E-04 1.752E-04 1.499E-04 1.310E-04 1.162E-04
 1.045E-04 9.483E-05 8.682E-05 8.005E-05 7.426E-05 6.925E-05 6.100E-05 5.450E-05
 4.925E-05 4.493E-05 4.129E-05 3.821E-05 3.555E-05 2.637E-05 2.095E-05 1.738E-05
 1.296E-05 1.034E-05 6.859E-06 5.133E-06 3.414E-06 2.558E-06 2.045E-06 1.703E-06
 1.277E-06 1.021E-06 6.803E-07 5.101E-07 3.400E-07 2.550E-07 2.040E-07 1.700E-07
 1.275E-07 1.020E-07 6.798E-08 5.098E-08 3.399E-08 2.549E-08 2.039E-08 1.699E-08
 1.274E-08 1.020E-08
 0.000E+00 0.000E+00 0.000E+00 0.000E+00 0.000E+00 0.000E+00 0.000E+00 0.000E+00
 0.000E+00 0.000E+00 0.000E+00 0.000E+00 0.000E+00 0.000E+00 0.000E+00 0.000E+00
 0.000E+00 0.000E+00 0.000E+00 0.000E+00 0.000E+00 0.000E+00 0.000E+00 0.000E+00
 0.000E+00 0.000E+00 0.000E+00 0.000E+00 2.188E-03 1.177E-02 4.614E-02 4.973E-02
 1.307E-01 2.108E-01 2.819E-01 3.456E-01 4.023E-01 4.533E-01 4.995E-01 5.414E-01
 5.794E-01 6.143E-01 6.467E-01 6.767E-01 7.048E-01 7.312E-01 7.795E-01 8.226E-01
 8.617E-01 8.972E-01 9.297E-01 9.596E-01 9.873E-01 1.102E+00 1.187E+00 1.254E+00
 1.353E+00 1.424E+00 1.540E+00 1.610E+00 1.694E+00 1.743E+00 1.775E+00 1.799E+00
 1.830E+00 1.850E+00 1.880E+00 1.897E+00 1.914E+00 1.924E+00 1.930E+00 1.934E+00
 1.940E+00 1.943E+00 1.948E+00 1.950E+00 1.953E+00 1.955E+00 1.956E+00 1.956E+00
 1.957E+00 1.957E+00
 0.000E+00 0.000E+00 0.000E+00 0.000E+00 0.000E+00 0.000E+00 0.000E+00 0.000E+00
 0.000E+00 0.000E+00 0.000E+00 0.000E+00 0.000E+00 0.000E+00 0.000E+00 0.000E+00
 0.000E+00 0.000E+00 0.000E+00 0.000E+00 0.000E+00 0.000E+00 0.000E+00 0.000E+00
 0.000E+00 0.000E+00 0.000E+00 0.000E+00 0.000E+00 0.000E+00 0.000E+00 0.000E+00
 6.456E-04 2.636E-03 5.252E-03 8.066E-03 1.087E-02 1.360E-02 1.621E-02 1.870E-02
 2.106E-02 2.328E-02 2.539E-02 2.740E-02 2.930E-02 3.111E-02 3.448E-02 3.756E-02
 4.039E-02 4.301E-02 4.543E-02 4.768E-02 4.979E-02 5.860E-02 6.540E-02 7.086E-02
 7.923E-02 8.544E-02 9.599E-02 1.028E-01 1.113E-01 1.166E-01 1.203E-01 1.230E-01
 1.268E-01 1.293E-01 1.331E-01 1.353E-01 1.377E-01 1.391E-01 1.399E-01 1.405E-01
 1.413E-01 1.419E-01 1.426E-01 1.430E-01 1.434E-01 1.436E-01 1.438E-01 1.439E-01
 1.440E-01 1.441E-01
     1
     4
  1.0000E-03  1.5000E-03  2.0000E-03  2.4720E-03
  1.2920E+05  4.4270E+04  2.0380E+04  1.1430E+04
