    31   69.720001
     4    88
    17     7     5     3
 K  L1 L2 L3
  10367.1   1297.7   1142.3   1115.4
  1.00000E+03  1.11530E+03  1.11540E+03  1.14220E+03  1.14230E+03  1.29760E+03
  1.29770E+03  1.50000E+03  2.00000E+03  3.00000E+03  4.00000E+03  5.00000E+03
  6.00000E+03  8.00000E+03  1.00000E+04  1.03670E+04  1.03671E+04  1.50000E+04
  2.00000E+04  3.00000E+04  4.00000E+04  5.00000E+04  6.00000E+04  8.00000E+04
  1.00000E+05  1.50000E+05  2.00000E+05  3.00000E+05  4.00000E+05  5.00000E+05
  6.00000E+05  8.00000E+05  1.00000E+06  1.02200E+06  1.25000E+06  1.50000E+06
  2.00000E+06  2.04400E+06  3.00000E+06  4.00000E+06  5.00000E+06  6.00000E+06
  7.00000E+06  8.00000E+06  9.00000E+06  1.00000E+07  1.10000E+07  1.20000E+07
  1.30000E+07  1.40000E+07  1.50000E+07  1.60000E+07  1.80000E+07  2.00000E+07
  2.20000E+07  2.40000E+07  2.60000E+07  2.80000E+07  3.00000E+07  4.00000E+07
  5.00000E+07  6.00000E+07  8.00000E+07  1.00000E+08  1.50000E+08  2.00000E+08
  3.00000E+08  4.00000E+08  5.00000E+08  6.00000E+08  8.00000E+08  1.00000E+09
  1.50000E+09  2.00000E+09  3.00000E+09  4.00000E+09  5.00000E+09  6.00000E+09
  8.00000E+09  1.00000E+10  1.50000E+10  2.00000E+10  3.00000E+10  4.00000E+10
  5.00000E+10  6.00000E+10  8.00000E+10  1.00000E+11
 6.047E+02 5.973E+02 5.973E+02 5.955E+02 5.955E+02 5.858E+02 5.858E+02 5.715E+02
 5.362E+02 4.683E+02 4.077E+02 3.542E+02 3.076E+02 2.339E+02 1.821E+02 1.746E+02
 1.746E+02 1.100E+02 7.549E+01 4.229E+01 2.674E+01 1.846E+01 1.357E+01 8.288E+00
 5.596E+00 2.666E+00 1.550E+00 7.115E-01 4.063E-01 2.622E-01 1.829E-01 1.034E-01
 6.635E-02 6.353E-02 4.253E-02 2.956E-02 1.664E-02 1.593E-02 7.401E-03 4.164E-03
 2.665E-03 1.851E-03 1.360E-03 1.041E-03 8.228E-04 6.664E-04 5.508E-04 4.628E-04
 3.943E-04 3.400E-04 2.962E-04 2.603E-04 2.057E-04 1.666E-04 1.377E-04 1.157E-04
 9.859E-05 8.501E-05 7.405E-05 4.165E-05 2.666E-05 1.851E-05 1.041E-05 6.664E-06
 2.962E-06 1.666E-06 7.404E-07 4.165E-07 2.666E-07 1.851E-07 1.041E-07 6.664E-08
 2.962E-08 1.666E-08 7.404E-09 4.165E-09 2.666E-09 1.851E-09 1.041E-09 6.664E-10
 2.962E-10 1.666E-10 7.404E-11 4.165E-11 2.666E-11 1.851E-11 1.041E-11 6.664E-12
 7.498E-01 8.888E-01 8.889E-01 9.215E-01 9.217E-01 1.114E+00 1.114E+00 1.362E+00
 1.953E+00 3.013E+00 3.971E+00 4.865E+00 5.696E+00 7.167E+00 8.412E+00 8.617E+00
 8.617E+00 1.070E+01 1.212E+01 1.367E+01 1.437E+01 1.465E+01 1.470E+01 1.452E+01
 1.417E+01 1.317E+01 1.224E+01 1.079E+01 9.721E+00 8.904E+00 8.252E+00 7.264E+00
 6.537E+00 6.468E+00 5.850E+00 5.319E+00 4.540E+00 4.485E+00 3.573E+00 2.981E+00
 2.575E+00 2.276E+00 2.046E+00 1.862E+00 1.711E+00 1.586E+00 1.479E+00 1.387E+00
 1.307E+00 1.236E+00 1.174E+00 1.118E+00 1.022E+00 9.420E-01 8.750E-01 8.176E-01
 7.678E-01 7.243E-01 6.858E-01 5.450E-01 4.549E-01 3.920E-01 3.091E-01 2.566E-01
 1.827E-01 1.433E-01 1.015E-01 7.952E-02 6.583E-02 5.636E-02 4.402E-02 3.621E-02
 2.529E-02 1.957E-02 1.361E-02 1.051E-02 8.590E-03 7.284E-03 5.612E-03 4.582E-03
 3.167E-03 2.434E-03 1.679E-03 1.289E-03 1.050E-03 8.873E-04 6.803E-04 5.535E-04
 1.959E+05 1.513E+05 4.416E+05 6.533E+05 8.496E+05 7.356E+05 8.336E+05 5.884E+05
 2.907E+05 1.021E+05 4.740E+04 2.587E+04 1.569E+04 7.056E+03 3.769E+03 3.406E+03
 2.545E+04 9.763E+03 4.460E+03 1.427E+03 6.218E+02 3.230E+02 1.880E+02 7.934E+01
 4.041E+01 1.180E+01 4.956E+00 1.501E+00 6.686E-01 3.689E-01 2.329E-01 1.190E-01
 7.407E-02 7.037E-02 4.756E-02 3.424E-02 2.105E-02 2.032E-02 1.136E-02 7.624E-03
 5.692E-03 4.524E-03 3.746E-03 3.193E-03 2.780E-03 2.460E-03 2.206E-03 1.999E-03
 1.827E-03 1.682E-03 1.558E-03 1.451E-03 1.276E-03 1.138E-03 1.027E-03 9.361E-04
 8.596E-04 7.947E-04 7.388E-04 5.466E-04 4.337E-04 3.594E-04 2.677E-04 2.133E-04
 1.414E-04 1.057E-04 7.030E-05 5.265E-05 4.208E-05 3.505E-05 2.627E-05 2.101E-05
 1.400E-05 1.049E-05 6.994E-06 5.245E-06 4.195E-06 3.496E-06 2.622E-06 2.097E-06
 1.398E-06 1.049E-06 6.990E-07 5.243E-07 4.194E-07 3.495E-07 2.621E-07 2.097E-07
 0.000E+00 0.000E+00 0.000E+00 0.000E+00 0.000E+00 0.000E+00 0.000E+00 0.000E+00
 0.000E+00 0.000E+00 0.000E+00 0.000E+00 0.000E+00 0.000E+00 0.000E+00 0.000E+00
 0.000E+00 0.000E+00 0.000E+00 0.000E+00 0.000E+00 0.000E+00 0.000E+00 0.000E+00
 0.000E+00 0.000E+00 0.000E+00 0.000E+00 0.000E+00 0.000E+00 0.000E+00 0.000E+00
 0.000E+00 0.000E+00 9.935E-03 4.944E-02 1.840E-01 1.976E-01 5.036E-01 7.994E-01
 1.060E+00 1.290E+00 1.496E+00 1.680E+00 1.848E+00 1.999E+00 2.137E+00 2.263E+00
 2.379E+00 2.487E+00 2.588E+00 2.683E+00 2.858E+00 3.013E+00 3.154E+00 3.282E+00
 3.398E+00 3.506E+00 3.604E+00 4.008E+00 4.309E+00 4.545E+00 4.894E+00 5.143E+00
 5.539E+00 5.775E+00 6.050E+00 6.209E+00 6.313E+00 6.387E+00 6.486E+00 6.550E+00
 6.643E+00 6.693E+00 6.748E+00 6.777E+00 6.796E+00 6.809E+00 6.825E+00 6.836E+00
 6.850E+00 6.858E+00 6.867E+00 6.871E+00 6.874E+00 6.876E+00 6.878E+00 6.879E+00
 0.000E+00 0.000E+00 0.000E+00 0.000E+00 0.000E+00 0.000E+00 0.000E+00 0.000E+00
 0.000E+00 0.000E+00 0.000E+00 0.000E+00 0.000E+00 0.000E+00 0.000E+00 0.000E+00
 0.000E+00 0.000E+00 0.000E+00 0.000E+00 0.000E+00 0.000E+00 0.000E+00 0.000E+00
 0.000E+00 0.000E+00 0.000E+00 0.000E+00 0.000E+00 0.000E+00 0.000E+00 0.000E+00
 0.000E+00 0.000E+00 0.000E+00 0.000E+00 0.000E+00 0.000E+00 1.251E-03 5.104E-03
 1.017E-02 1.561E-02 2.103E-02 2.629E-02 3.132E-02 3.611E-02 4.064E-02 4.492E-02
 4.896E-02 5.281E-02 5.645E-02 5.991E-02 6.635E-02 7.221E-02 7.759E-02 8.254E-02
 8.712E-02 9.137E-02 9.534E-02 1.118E-01 1.244E-01 1.345E-01 1.497E-01 1.608E-01
 1.793E-01 1.909E-01 2.052E-01 2.138E-01 2.197E-01 2.241E-01 2.301E-01 2.341E-01
 2.400E-01 2.434E-01 2.471E-01 2.493E-01 2.506E-01 2.515E-01 2.528E-01 2.536E-01
 2.546E-01 2.553E-01 2.559E-01 2.563E-01 2.565E-01 2.566E-01 2.568E-01 2.569E-01
     4
     3     3     3    10
  1.0000E-03  1.0561E-03  1.1154E-03
  1.1154E-03  1.1288E-03  1.1423E-03
  1.1423E-03  1.2175E-03  1.2977E-03
  1.2977E-03  1.5000E-03  2.0000E-03  3.0000E-03  4.0000E-03  5.0000E-03
  6.0000E-03  8.0000E-03  1.0000E-02  1.0367E-02
  1.9590E+05  1.7217E+05  1.5130E+05
  4.4160E+05  5.3732E+05  6.5330E+05
  8.4960E+05  7.9041E+05  7.3560E+05
  8.3360E+05  5.8840E+05  2.9070E+05  1.0210E+05  4.7400E+04  2.5870E+04
  1.5690E+04  7.0560E+03  3.7690E+03  3.4060E+03
