    41   92.906403
     4    88
    18     9     7     5
 K  L1 L2 L3
  18985.6   2697.7   2464.7   2370.5
  1.00000E+03  1.50000E+03  2.00000E+03  2.37040E+03  2.37050E+03  2.46460E+03
  2.46470E+03  2.69760E+03  2.69770E+03  3.00000E+03  4.00000E+03  5.00000E+03
  6.00000E+03  8.00000E+03  1.00000E+04  1.50000E+04  1.89855E+04  1.89856E+04
  2.00000E+04  3.00000E+04  4.00000E+04  5.00000E+04  6.00000E+04  8.00000E+04
  1.00000E+05  1.50000E+05  2.00000E+05  3.00000E+05  4.00000E+05  5.00000E+05
  6.00000E+05  8.00000E+05  1.00000E+06  1.02200E+06  1.25000E+06  1.50000E+06
  2.00000E+06  2.04400E+06  3.00000E+06  4.00000E+06  5.00000E+06  6.00000E+06
  7.00000E+06  8.00000E+06  9.00000E+06  1.00000E+07  1.10000E+07  1.20000E+07
  1.30000E+07  1.40000E+07  1.50000E+07  1.60000E+07  1.80000E+07  2.00000E+07
  2.20000E+07  2.40000E+07  2.60000E+07  2.80000E+07  3.00000E+07  4.00000E+07
  5.00000E+07  6.00000E+07  8.00000E+07  1.00000E+08  1.50000E+08  2.00000E+08
  3.00000E+08  4.00000E+08  5.00000E+08  6.00000E+08  8.00000E+08  1.00000E+09
  1.50000E+09  2.00000E+09  3.00000E+09  4.00000E+09  5.00000E+09  6.00000E+09
  8.00000E+09  1.00000E+10  1.50000E+10  2.00000E+10  3.00000E+10  4.00000E+10
  5.00000E+10  6.00000E+10  8.00000E+10  1.00000E+11
 1.051E+03 9.878E+02 9.215E+02 8.727E+02 8.727E+02 8.620E+02 8.619E+02 8.327E+02
 8.327E+02 7.962E+02 6.887E+02 6.002E+02 5.283E+02 4.208E+02 3.434E+02 2.177E+02
 1.593E+02 1.593E+02 1.484E+02 8.386E+01 5.453E+01 3.807E+01 2.802E+01 1.708E+01
 1.157E+01 5.589E+00 3.274E+00 1.513E+00 8.675E-01 5.613E-01 3.924E-01 2.224E-01
 1.428E-01 1.368E-01 9.165E-02 6.373E-02 3.590E-02 3.437E-02 1.597E-02 8.987E-03
 5.753E-03 3.995E-03 2.935E-03 2.248E-03 1.776E-03 1.438E-03 1.189E-03 9.990E-04
 8.512E-04 7.340E-04 6.394E-04 5.619E-04 4.440E-04 3.597E-04 2.972E-04 2.498E-04
 2.128E-04 1.835E-04 1.598E-04 8.991E-05 5.754E-05 3.996E-05 2.248E-05 1.439E-05
 6.393E-06 3.596E-06 1.598E-06 8.991E-07 5.754E-07 3.996E-07 2.248E-07 1.438E-07
 6.393E-08 3.596E-08 1.598E-08 8.991E-09 5.754E-09 3.996E-09 2.248E-09 1.438E-09
 6.393E-10 3.596E-10 1.598E-10 8.991E-11 5.754E-11 3.996E-11 2.248E-11 1.438E-11
 1.055E+00 1.817E+00 2.546E+00 3.069E+00 3.069E+00 3.197E+00 3.197E+00 3.514E+00
 3.514E+00 3.917E+00 5.171E+00 6.319E+00 7.363E+00 9.128E+00 1.053E+01 1.310E+01
 1.457E+01 1.457E+01 1.488E+01 1.699E+01 1.806E+01 1.858E+01 1.878E+01 1.870E+01
 1.834E+01 1.716E+01 1.602E+01 1.418E+01 1.280E+01 1.174E+01 1.089E+01 9.593E+00
 8.637E+00 8.546E+00 7.730E+00 7.030E+00 6.003E+00 5.929E+00 4.725E+00 3.942E+00
 3.405E+00 3.010E+00 2.705E+00 2.462E+00 2.263E+00 2.097E+00 1.956E+00 1.835E+00
 1.728E+00 1.635E+00 1.552E+00 1.478E+00 1.351E+00 1.246E+00 1.157E+00 1.081E+00
 1.015E+00 9.579E-01 9.070E-01 7.208E-01 6.017E-01 5.184E-01 4.088E-01 3.393E-01
 2.417E-01 1.895E-01 1.343E-01 1.052E-01 8.706E-02 7.454E-02 5.822E-02 4.790E-02
 3.345E-02 2.589E-02 1.800E-02 1.390E-02 1.136E-02 9.634E-03 7.422E-03 6.060E-03
 4.188E-03 3.220E-03 2.220E-03 1.705E-03 1.388E-03 1.173E-03 8.998E-04 7.320E-04
 7.085E+05 2.746E+05 1.363E+05 8.929E+04 3.356E+05 2.977E+05 4.147E+05 3.326E+05
 3.802E+05 2.932E+05 1.407E+05 7.859E+04 4.840E+04 2.223E+04 1.205E+04 3.891E+03
 2.000E+03 1.337E+04 1.173E+04 4.011E+03 1.815E+03 9.683E+02 5.753E+02 2.500E+02
 1.300E+02 3.932E+01 1.687E+01 5.249E+00 2.375E+00 1.324E+00 8.411E-01 4.323E-01
 2.694E-01 2.563E-01 1.730E-01 1.242E-01 7.592E-02 7.327E-02 4.061E-02 2.707E-02
 2.011E-02 1.593E-02 1.315E-02 1.119E-02 9.721E-03 8.591E-03 7.693E-03 6.963E-03
 6.358E-03 5.849E-03 5.415E-03 5.040E-03 4.426E-03 3.945E-03 3.558E-03 3.240E-03
 2.973E-03 2.748E-03 2.553E-03 1.886E-03 1.495E-03 1.239E-03 9.218E-04 7.340E-04
 4.863E-04 3.636E-04 2.416E-04 1.810E-04 1.446E-04 1.204E-04 9.026E-05 7.218E-05
 4.809E-05 3.605E-05 2.403E-05 1.802E-05 1.441E-05 1.201E-05 9.007E-06 7.205E-06
 4.803E-06 3.602E-06 2.401E-06 1.801E-06 1.441E-06 1.201E-06 9.005E-07 7.204E-07
 0.000E+00 0.000E+00 0.000E+00 0.000E+00 0.000E+00 0.000E+00 0.000E+00 0.000E+00
 0.000E+00 0.000E+00 0.000E+00 0.000E+00 0.000E+00 0.000E+00 0.000E+00 0.000E+00
 0.000E+00 0.000E+00 0.000E+00 0.000E+00 0.000E+00 0.000E+00 0.000E+00 0.000E+00
 0.000E+00 0.000E+00 0.000E+00 0.000E+00 0.000E+00 0.000E+00 0.000E+00 0.000E+00
 0.000E+00 0.000E+00 2.005E-02 9.575E-02 3.412E-01 3.655E-01 9.032E-01 1.412E+00
 1.857E+00 2.244E+00 2.590E+00 2.902E+00 3.184E+00 3.443E+00 3.679E+00 3.897E+00
 4.097E+00 4.281E+00 4.453E+00 4.614E+00 4.908E+00 5.172E+00 5.411E+00 5.629E+00
 5.827E+00 6.009E+00 6.177E+00 6.857E+00 7.361E+00 7.754E+00 8.335E+00 8.747E+00
 9.404E+00 9.797E+00 1.025E+01 1.052E+01 1.069E+01 1.082E+01 1.098E+01 1.109E+01
 1.124E+01 1.133E+01 1.142E+01 1.147E+01 1.150E+01 1.152E+01 1.155E+01 1.157E+01
 1.159E+01 1.161E+01 1.162E+01 1.163E+01 1.163E+01 1.163E+01 1.164E+01 1.164E+01
 0.000E+00 0.000E+00 0.000E+00 0.000E+00 0.000E+00 0.000E+00 0.000E+00 0.000E+00
 0.000E+00 0.000E+00 0.000E+00 0.000E+00 0.000E+00 0.000E+00 0.000E+00 0.000E+00
 0.000E+00 0.000E+00 0.000E+00 0.000E+00 0.000E+00 0.000E+00 0.000E+00 0.000E+00
 0.000E+00 0.000E+00 0.000E+00 0.000E+00 0.000E+00 0.000E+00 0.000E+00 0.000E+00
 0.000E+00 0.000E+00 0.000E+00 0.000E+00 0.000E+00 0.000E+00 1.653E-03 6.746E-03
 1.343E-02 2.061E-02 2.777E-02 3.470E-02 4.133E-02 4.763E-02 5.360E-02 5.923E-02
 6.453E-02 6.958E-02 7.436E-02 7.891E-02 8.733E-02 9.500E-02 1.020E-01 1.085E-01
 1.144E-01 1.200E-01 1.251E-01 1.465E-01 1.627E-01 1.756E-01 1.950E-01 2.092E-01
 2.328E-01 2.477E-01 2.659E-01 2.769E-01 2.845E-01 2.900E-01 2.977E-01 3.028E-01
 3.105E-01 3.148E-01 3.196E-01 3.224E-01 3.241E-01 3.253E-01 3.270E-01 3.280E-01
 3.294E-01 3.302E-01 3.310E-01 3.315E-01 3.318E-01 3.319E-01 3.322E-01 3.323E-01
     4
     4     3     3     9
  1.0000E-03  1.5000E-03  2.0000E-03  2.3705E-03
  2.3705E-03  2.4171E-03  2.4647E-03
  2.4647E-03  2.5786E-03  2.6977E-03
  2.6977E-03  3.0000E-03  4.0000E-03  5.0000E-03  6.0000E-03  8.0000E-03
  1.0000E-02  1.5000E-02  1.8986E-02
  7.0850E+05  2.7460E+05  1.3630E+05  8.9290E+04
  3.3560E+05  3.1604E+05  2.9770E+05
  4.1470E+05  3.7135E+05  3.3260E+05
  3.8020E+05  2.9320E+05  1.4070E+05  7.8590E+04  4.8400E+04  2.2230E+04
  1.2050E+04  3.8910E+03  2.0000E+03
