    93  237.048203
    12   104
    41    33    31    28    22    20    17    14    12     8     5     3
 K  L1 L2 L3 M1 M2 M3 M4 M5 N1 N2 N3
 118678.0  22426.8  21600.5  17610.0   5723.2   5366.2   4434.7   3850.3
   3665.8   1500.7   1327.7   1086.8
  1.00000E+03  1.08670E+03  1.08680E+03  1.32760E+03  1.32770E+03  1.50000E+03
  1.50060E+03  1.50070E+03  2.00000E+03  3.00000E+03  3.66570E+03  3.66580E+03
  3.85020E+03  3.85030E+03  4.00000E+03  4.43460E+03  4.43470E+03  5.00000E+03
  5.36610E+03  5.36620E+03  5.72310E+03  5.72320E+03  6.00000E+03  8.00000E+03
  1.00000E+04  1.50000E+04  1.76099E+04  1.76100E+04  2.00000E+04  2.16004E+04
  2.16005E+04  2.24267E+04  2.24268E+04  3.00000E+04  4.00000E+04  5.00000E+04
  6.00000E+04  8.00000E+04  1.00000E+05  1.18678E+05  1.18678E+05  1.50000E+05
  2.00000E+05  3.00000E+05  4.00000E+05  5.00000E+05  6.00000E+05  8.00000E+05
  1.00000E+06  1.02200E+06  1.25000E+06  1.50000E+06  2.00000E+06  2.04400E+06
  3.00000E+06  4.00000E+06  5.00000E+06  6.00000E+06  7.00000E+06  8.00000E+06
  9.00000E+06  1.00000E+07  1.10000E+07  1.20000E+07  1.30000E+07  1.40000E+07
  1.50000E+07  1.60000E+07  1.80000E+07  2.00000E+07  2.20000E+07  2.40000E+07
  2.60000E+07  2.80000E+07  3.00000E+07  4.00000E+07  5.00000E+07  6.00000E+07
  8.00000E+07  1.00000E+08  1.50000E+08  2.00000E+08  3.00000E+08  4.00000E+08
  5.00000E+08  6.00000E+08  8.00000E+08  1.00000E+09  1.50000E+09  2.00000E+09
  3.00000E+09  4.00000E+09  5.00000E+09  6.00000E+09  8.00000E+09  1.00000E+10
  1.50000E+10  2.00000E+10  3.00000E+10  4.00000E+10  5.00000E+10  6.00000E+10
  8.00000E+10  1.00000E+11
 5.487E+03 5.446E+03 5.445E+03 5.331E+03 5.331E+03 5.240E+03 5.240E+03 5.240E+03
 4.979E+03 4.463E+03 4.143E+03 4.143E+03 4.059E+03 4.059E+03 3.991E+03 3.805E+03
 3.805E+03 3.579E+03 3.442E+03 3.442E+03 3.317E+03 3.317E+03 3.224E+03 2.656E+03
 2.224E+03 1.513E+03 1.267E+03 1.267E+03 1.091E+03 9.929E+02 9.929E+02 9.474E+02
 9.474E+02 6.434E+02 4.325E+02 3.122E+02 2.351E+02 1.477E+02 1.025E+02 7.686E+01
 7.686E+01 5.132E+01 3.075E+01 1.477E+01 8.695E+00 5.725E+00 4.052E+00 2.335E+00
 1.516E+00 1.453E+00 9.815E-01 6.867E-01 3.896E-01 3.732E-01 1.745E-01 9.843E-02
 6.309E-02 4.385E-02 3.223E-02 2.469E-02 1.951E-02 1.581E-02 1.307E-02 1.098E-02
 9.356E-03 8.068E-03 7.028E-03 6.177E-03 4.881E-03 3.954E-03 3.268E-03 2.746E-03
 2.340E-03 2.018E-03 1.757E-03 9.886E-04 6.327E-04 4.394E-04 2.472E-04 1.582E-04
 7.030E-05 3.954E-05 1.758E-05 9.886E-06 6.327E-06 4.394E-06 2.472E-06 1.582E-06
 7.030E-07 3.954E-07 1.758E-07 9.886E-08 6.327E-08 4.394E-08 2.472E-08 1.582E-08
 7.030E-09 3.954E-09 1.758E-09 9.886E-10 6.327E-10 4.394E-10 2.472E-10 1.582E-10
 1.779E+00 1.985E+00 1.986E+00 2.539E+00 2.539E+00 2.940E+00 2.941E+00 2.941E+00
 4.086E+00 6.309E+00 7.703E+00 7.703E+00 8.074E+00 8.074E+00 8.370E+00 9.208E+00
 9.209E+00 1.024E+01 1.088E+01 1.088E+01 1.147E+01 1.147E+01 1.192E+01 1.487E+01
 1.747E+01 2.270E+01 2.477E+01 2.477E+01 2.640E+01 2.736E+01 2.736E+01 2.783E+01
 2.783E+01 3.121E+01 3.418E+01 3.602E+01 3.710E+01 3.796E+01 3.795E+01 3.757E+01
 3.757E+01 3.655E+01 3.466E+01 3.117E+01 2.839E+01 2.617E+01 2.437E+01 2.156E+01
 1.946E+01 1.926E+01 1.745E+01 1.589E+01 1.358E+01 1.342E+01 1.070E+01 8.934E+00
 7.718E+00 6.823E+00 6.134E+00 5.583E+00 5.132E+00 4.756E+00 4.436E+00 4.160E+00
 3.919E+00 3.708E+00 3.520E+00 3.352E+00 3.064E+00 2.826E+00 2.625E+00 2.453E+00
 2.303E+00 2.173E+00 2.057E+00 1.635E+00 1.365E+00 1.176E+00 9.273E-01 7.697E-01
 5.481E-01 4.298E-01 3.046E-01 2.386E-01 1.975E-01 1.691E-01 1.321E-01 1.086E-01
 7.587E-02 5.872E-02 4.083E-02 3.152E-02 2.577E-02 2.185E-02 1.684E-02 1.375E-02
 9.500E-03 7.303E-03 5.037E-03 3.867E-03 3.149E-03 2.662E-03 2.041E-03 1.660E-03
 2.731E+06 2.355E+06 2.506E+06 1.720E+06 1.743E+06 1.368E+06 1.367E+06 1.393E+06
 7.672E+05 3.140E+05 1.985E+05 4.745E+05 4.199E+05 5.951E+05 5.432E+05 4.210E+05
 4.906E+05 3.634E+05 3.034E+05 3.220E+05 2.745E+05 2.862E+05 2.553E+05 1.252E+05
 7.154E+04 2.538E+04 1.676E+04 3.990E+04 2.819E+04 2.292E+04 3.265E+04 2.958E+04
 3.413E+04 1.631E+04 7.711E+03 4.281E+03 2.635E+03 1.218E+03 6.677E+02 4.206E+02
 1.763E+03 9.732E+02 4.670E+02 1.671E+02 8.261E+01 4.889E+01 3.236E+01 1.740E+01
 1.102E+01 1.056E+01 7.137E+00 5.074E+00 3.065E+00 2.954E+00 1.596E+00 1.041E+00
 7.611E-01 5.951E-01 4.865E-01 4.104E-01 3.542E-01 3.113E-01 2.774E-01 2.500E-01
 2.275E-01 2.086E-01 1.926E-01 1.788E-01 1.564E-01 1.389E-01 1.249E-01 1.134E-01
 1.039E-01 9.583E-02 8.892E-02 6.531E-02 5.159E-02 4.263E-02 3.163E-02 2.514E-02
 1.661E-02 1.240E-02 8.233E-03 6.161E-03 4.922E-03 4.098E-03 3.070E-03 2.455E-03
 1.635E-03 1.226E-03 8.167E-04 6.124E-04 4.899E-04 4.082E-04 3.061E-04 2.449E-04
 1.632E-04 1.224E-04 8.161E-05 6.121E-05 4.896E-05 4.080E-05 3.060E-05 2.448E-05
 0.000E+00 0.000E+00 0.000E+00 0.000E+00 0.000E+00 0.000E+00 0.000E+00 0.000E+00
 0.000E+00 0.000E+00 0.000E+00 0.000E+00 0.000E+00 0.000E+00 0.000E+00 0.000E+00
 0.000E+00 0.000E+00 0.000E+00 0.000E+00 0.000E+00 0.000E+00 0.000E+00 0.000E+00
 0.000E+00 0.000E+00 0.000E+00 0.000E+00 0.000E+00 0.000E+00 0.000E+00 0.000E+00
 0.000E+00 0.000E+00 0.000E+00 0.000E+00 0.000E+00 0.000E+00 0.000E+00 0.000E+00
 0.000E+00 0.000E+00 0.000E+00 0.000E+00 0.000E+00 0.000E+00 0.000E+00 0.000E+00
 0.000E+00 0.000E+00 1.809E-01 8.961E-01 2.618E+00 2.763E+00 5.420E+00 7.575E+00
 9.374E+00 1.091E+01 1.228E+01 1.351E+01 1.464E+01 1.569E+01 1.666E+01 1.756E+01
 1.840E+01 1.919E+01 1.993E+01 2.063E+01 2.188E+01 2.300E+01 2.402E+01 2.495E+01
 2.580E+01 2.658E+01 2.730E+01 3.023E+01 3.240E+01 3.409E+01 3.657E+01 3.832E+01
 4.108E+01 4.272E+01 4.463E+01 4.573E+01 4.645E+01 4.697E+01 4.765E+01 4.809E+01
 4.872E+01 4.908E+01 4.943E+01 4.967E+01 4.979E+01 4.988E+01 5.000E+01 5.008E+01
 5.017E+01 5.023E+01 5.028E+01 5.032E+01 5.034E+01 5.035E+01 5.036E+01 5.037E+01
 0.000E+00 0.000E+00 0.000E+00 0.000E+00 0.000E+00 0.000E+00 0.000E+00 0.000E+00
 0.000E+00 0.000E+00 0.000E+00 0.000E+00 0.000E+00 0.000E+00 0.000E+00 0.000E+00
 0.000E+00 0.000E+00 0.000E+00 0.000E+00 0.000E+00 0.000E+00 0.000E+00 0.000E+00
 0.000E+00 0.000E+00 0.000E+00 0.000E+00 0.000E+00 0.000E+00 0.000E+00 0.000E+00
 0.000E+00 0.000E+00 0.000E+00 0.000E+00 0.000E+00 0.000E+00 0.000E+00 0.000E+00
 0.000E+00 0.000E+00 0.000E+00 0.000E+00 0.000E+00 0.000E+00 0.000E+00 0.000E+00
 0.000E+00 0.000E+00 0.000E+00 0.000E+00 0.000E+00 0.000E+00 3.738E-03 1.523E-02
 3.028E-02 4.640E-02 6.241E-02 7.787E-02 9.263E-02 1.066E-01 1.198E-01 1.322E-01
 1.439E-01 1.550E-01 1.654E-01 1.753E-01 1.936E-01 2.102E-01 2.253E-01 2.392E-01
 2.519E-01 2.637E-01 2.746E-01 3.195E-01 3.531E-01 3.795E-01 4.190E-01 4.473E-01
 4.938E-01 5.225E-01 5.574E-01 5.781E-01 5.923E-01 6.026E-01 6.168E-01 6.262E-01
 6.403E-01 6.482E-01 6.569E-01 6.621E-01 6.652E-01 6.674E-01 6.703E-01 6.722E-01
 6.747E-01 6.762E-01 6.776E-01 6.785E-01 6.790E-01 6.794E-01 6.797E-01 6.800E-01
    12
     3     3     3     4     3     3     3     3     6     3     3     8
  1.0000E-03  1.0425E-03  1.0868E-03
  1.0868E-03  1.2012E-03  1.3277E-03
  1.3277E-03  1.5000E-03  1.5007E-03
  1.5007E-03  2.0000E-03  3.0000E-03  3.6658E-03
  3.6658E-03  3.7569E-03  3.8503E-03
  3.8503E-03  4.0000E-03  4.4347E-03
  4.4347E-03  5.0000E-03  5.3662E-03
  5.3662E-03  5.5418E-03  5.7232E-03
  5.7232E-03  6.0000E-03  8.0000E-03  1.0000E-02  1.5000E-02  1.7610E-02
  1.7610E-02  2.0000E-02  2.1600E-02
  2.1600E-02  2.2010E-02  2.2427E-02
  2.2427E-02  3.0000E-02  4.0000E-02  5.0000E-02  6.0000E-02  8.0000E-02
  1.0000E-01  1.1868E-01
  2.7310E+06  2.5357E+06  2.3550E+06
  2.5060E+06  2.0760E+06  1.7200E+06
  1.7430E+06  1.3680E+06  1.3670E+06
  1.3930E+06  7.6720E+05  3.1400E+05  1.9850E+05
  4.7450E+05  4.4631E+05  4.1990E+05
  5.9510E+05  5.4320E+05  4.2100E+05
  4.9060E+05  3.6340E+05  3.0340E+05
  3.2200E+05  2.9730E+05  2.7450E+05
  2.8620E+05  2.5530E+05  1.2520E+05  7.1540E+04  2.5380E+04  1.6760E+04
  3.9900E+04  2.8190E+04  2.2920E+04
  3.2650E+04  3.1080E+04  2.9580E+04
  3.4130E+04  1.6310E+04  7.7110E+03  4.2810E+03  2.6350E+03  1.2180E+03
  6.6770E+02  4.2060E+02
