     4    9.012180
     0    80
 1.000000E+03 1.500000E+03 2.000000E+03 3.000000E+03 4.000000E+03 5.000000E+03
 6.000000E+03 8.000000E+03 1.000000E+04 1.500000E+04 2.000000E+04 3.000000E+04
 4.000000E+04 5.000000E+04 6.000000E+04 8.000000E+04 1.000000E+05 1.500000E+05
 2.000000E+05 3.000000E+05 4.000000E+05 5.000000E+05 6.000000E+05 8.000000E+05
 1.000000E+06 1.022000E+06 1.250000E+06 1.500000E+06 2.000000E+06 2.044000E+06
 3.000000E+06 4.000000E+06 5.000000E+06 6.000000E+06 7.000000E+06 8.000000E+06
 9.000000E+06 1.000000E+07 1.100000E+07 1.200000E+07 1.300000E+07 1.400000E+07
 1.500000E+07 1.600000E+07 1.800000E+07 2.000000E+07 2.200000E+07 2.400000E+07
 2.600000E+07 2.800000E+07 3.000000E+07 4.000000E+07 5.000000E+07 6.000000E+07
 8.000000E+07 1.000000E+08 1.500000E+08 2.000000E+08 3.000000E+08 4.000000E+08
 5.000000E+08 6.000000E+08 8.000000E+08 1.000000E+09 1.500000E+09 2.000000E+09
 3.000000E+09 4.000000E+09 5.000000E+09 6.000000E+09 8.000000E+09 1.000000E+10
 1.500000E+10 2.000000E+10 3.000000E+10 4.000000E+10 5.000000E+10 6.000000E+10
 8.000000E+10 1.000000E+11
 8.857E+00 7.404E+00 6.140E+00 4.432E+00 3.474E+00 2.882E+00 2.467E+00 1.877E+00
 1.459E+00 8.350E-01 5.295E-01 2.649E-01 1.577E-01 1.041E-01 7.363E-02 4.224E-02
 2.729E-02 1.225E-02 6.915E-03 3.081E-03 1.735E-03 1.111E-03 7.715E-04 4.341E-04
 2.778E-04 2.660E-04 1.778E-04 1.235E-04 6.947E-05 6.651E-05 3.087E-05 1.737E-05
 1.112E-05 7.719E-06 5.671E-06 4.342E-06 3.431E-06 2.779E-06 2.296E-06 1.930E-06
 1.644E-06 1.418E-06 1.235E-06 1.085E-06 8.576E-07 6.947E-07 5.741E-07 4.824E-07
 4.110E-07 3.544E-07 3.087E-07 1.737E-07 1.111E-07 7.718E-08 4.341E-08 2.778E-08
 1.235E-08 6.945E-09 3.087E-09 1.736E-09 1.111E-09 7.717E-10 4.341E-10 2.778E-10
 1.235E-10 6.945E-11 3.087E-11 1.736E-11 1.111E-11 7.717E-12 4.341E-12 2.778E-12
 1.235E-12 6.945E-13 3.087E-13 1.736E-13 1.111E-13 7.717E-14 4.341E-14 2.778E-14
 3.129E-01 5.675E-01 7.907E-01 1.100E+00 1.291E+00 1.431E+00 1.548E+00 1.740E+00
 1.888E+00 2.112E+00 2.210E+00 2.256E+00 2.235E+00 2.193E+00 2.145E+00 2.048E+00
 1.957E+00 1.768E+00 1.623E+00 1.413E+00 1.266E+00 1.157E+00 1.070E+00 9.403E-01
 8.455E-01 8.365E-01 7.560E-01 6.872E-01 5.864E-01 5.792E-01 4.613E-01 3.848E-01
 3.323E-01 2.937E-01 2.640E-01 2.403E-01 2.209E-01 2.046E-01 1.909E-01 1.790E-01
 1.686E-01 1.595E-01 1.515E-01 1.442E-01 1.318E-01 1.216E-01 1.129E-01 1.055E-01
 9.907E-02 9.346E-02 8.849E-02 7.032E-02 5.870E-02 5.058E-02 3.989E-02 3.311E-02
 2.358E-02 1.848E-02 1.310E-02 1.026E-02 8.494E-03 7.273E-03 5.680E-03 4.673E-03
 3.263E-03 2.526E-03 1.756E-03 1.356E-03 1.108E-03 9.399E-04 7.241E-04 5.912E-04
 4.086E-04 3.141E-04 2.166E-04 1.663E-04 1.354E-04 1.145E-04 8.778E-05 7.142E-05
 9.032E+03 2.681E+03 1.111E+03 3.128E+02 1.252E+02 6.107E+01 3.381E+01 1.320E+01
 6.329E+00 1.647E+00 6.296E-01 1.611E-01 6.106E-02 2.872E-02 1.555E-02 5.891E-03
 2.782E-03 7.210E-04 2.815E-04 7.833E-05 3.328E-05 1.786E-05 1.109E-05 5.591E-06
 3.476E-06 3.144E-06 2.137E-06 1.555E-06 9.844E-07 9.528E-07 5.550E-07 3.831E-07
 2.916E-07 2.351E-07 1.968E-07 1.691E-07 1.482E-07 1.319E-07 1.189E-07 1.081E-07
 9.916E-08 9.156E-08 8.505E-08 7.939E-08 7.007E-08 6.271E-08 5.674E-08 5.181E-08
 4.767E-08 4.414E-08 4.110E-08 3.056E-08 2.432E-08 2.020E-08 1.508E-08 1.203E-08
 7.994E-09 5.985E-09 3.983E-09 2.985E-09 2.386E-09 1.988E-09 1.490E-09 1.192E-09
 7.944E-10 5.957E-10 3.970E-10 2.978E-10 2.382E-10 1.985E-10 1.489E-10 1.191E-10
 7.939E-11 5.954E-11 3.969E-11 2.977E-11 2.381E-11 1.985E-11 1.488E-11 1.191E-11
 0.000E-01 0.000E-01 0.000E-01 0.000E-01 0.000E-01 0.000E-01 0.000E-01 0.000E-01
 0.000E-01 0.000E-01 0.000E-01 0.000E-01 0.000E-01 0.000E-01 0.000E-01 0.000E-01
 0.000E-01 0.000E-01 0.000E-01 0.000E-01 0.000E-01 0.000E-01 0.000E-01 0.000E-01
 0.000E-01 0.000E-01 1.260E-04 7.043E-04 2.818E-03 3.038E-03 8.082E-03 1.313E-02
 1.763E-02 2.167E-02 2.528E-02 2.854E-02 3.150E-02 3.420E-02 3.665E-02 3.890E-02
 4.100E-02 4.296E-02 4.479E-02 4.651E-02 4.968E-02 5.253E-02 5.511E-02 5.748E-02
 5.965E-02 6.166E-02 6.352E-02 7.122E-02 7.699E-02 8.158E-02 8.852E-02 9.355E-02
 1.019E-01 1.072E-01 1.138E-01 1.177E-01 1.203E-01 1.223E-01 1.249E-01 1.267E-01
 1.293E-01 1.307E-01 1.323E-01 1.331E-01 1.337E-01 1.341E-01 1.346E-01 1.349E-01
 1.353E-01 1.356E-01 1.358E-01 1.360E-01 1.360E-01 1.361E-01 1.362E-01 1.362E-01
 0.000E-01 0.000E-01 0.000E-01 0.000E-01 0.000E-01 0.000E-01 0.000E-01 0.000E-01
 0.000E-01 0.000E-01 0.000E-01 0.000E-01 0.000E-01 0.000E-01 0.000E-01 0.000E-01
 0.000E-01 0.000E-01 0.000E-01 0.000E-01 0.000E-01 0.000E-01 0.000E-01 0.000E-01
 0.000E-01 0.000E-01 0.000E-01 0.000E-01 0.000E-01 0.000E-01 1.614E-04 6.590E-04
 1.313E-03 2.017E-03 2.719E-03 3.401E-03 4.055E-03 4.679E-03 5.271E-03 5.830E-03
 6.359E-03 6.865E-03 7.344E-03 7.802E-03 8.655E-03 9.436E-03 1.016E-02 1.082E-02
 1.144E-02 1.202E-02 1.256E-02 1.485E-02 1.665E-02 1.810E-02 2.037E-02 2.209E-02
 2.507E-02 2.706E-02 2.965E-02 3.130E-02 3.248E-02 3.337E-02 3.463E-02 3.550E-02
 3.683E-02 3.761E-02 3.848E-02 3.898E-02 3.930E-02 3.953E-02 3.983E-02 4.003E-02
 4.030E-02 4.045E-02 4.060E-02 4.070E-02 4.075E-02 4.079E-02 4.083E-02 4.086E-02
