    70  173.040009
     9    98
    33    25    22    20    13    11     8     6     4
 K  L1 L2 L3 M1 M2 M3 M4 M5
  61332.3  10486.4   9978.2   8943.6   2398.1   2173.0   1949.8   1576.3
   1527.8
  1.00000E+03  1.50000E+03  1.52770E+03  1.52780E+03  1.57620E+03  1.57630E+03
  1.94970E+03  1.94980E+03  2.00000E+03  2.17290E+03  2.17300E+03  2.39800E+03
  2.39810E+03  3.00000E+03  4.00000E+03  5.00000E+03  6.00000E+03  8.00000E+03
  8.94350E+03  8.94360E+03  9.97810E+03  9.97820E+03  1.00000E+04  1.04863E+04
  1.04864E+04  1.50000E+04  2.00000E+04  3.00000E+04  4.00000E+04  5.00000E+04
  6.00000E+04  6.13322E+04  6.13323E+04  8.00000E+04  1.00000E+05  1.50000E+05
  2.00000E+05  3.00000E+05  4.00000E+05  5.00000E+05  6.00000E+05  8.00000E+05
  1.00000E+06  1.02200E+06  1.25000E+06  1.50000E+06  2.00000E+06  2.04400E+06
  3.00000E+06  4.00000E+06  5.00000E+06  6.00000E+06  7.00000E+06  8.00000E+06
  9.00000E+06  1.00000E+07  1.10000E+07  1.20000E+07  1.30000E+07  1.40000E+07
  1.50000E+07  1.60000E+07  1.80000E+07  2.00000E+07  2.20000E+07  2.40000E+07
  2.60000E+07  2.80000E+07  3.00000E+07  4.00000E+07  5.00000E+07  6.00000E+07
  8.00000E+07  1.00000E+08  1.50000E+08  2.00000E+08  3.00000E+08  4.00000E+08
  5.00000E+08  6.00000E+08  8.00000E+08  1.00000E+09  1.50000E+09  2.00000E+09
  3.00000E+09  4.00000E+09  5.00000E+09  6.00000E+09  8.00000E+09  1.00000E+10
  1.50000E+10  2.00000E+10  3.00000E+10  4.00000E+10  5.00000E+10  6.00000E+10
  8.00000E+10  1.00000E+11
 3.117E+03 2.986E+03 2.979E+03 2.979E+03 2.965E+03 2.965E+03 2.862E+03 2.862E+03
 2.848E+03 2.797E+03 2.797E+03 2.732E+03 2.732E+03 2.565E+03 2.288E+03 2.036E+03
 1.813E+03 1.454E+03 1.318E+03 1.318E+03 1.188E+03 1.188E+03 1.186E+03 1.132E+03
 1.132E+03 7.640E+02 5.406E+02 3.193E+02 2.092E+02 1.479E+02 1.109E+02 1.071E+02
 1.071E+02 6.960E+01 4.763E+01 2.325E+01 1.384E+01 6.554E+00 3.803E+00 2.479E+00
 1.743E+00 9.949E-01 6.422E-01 6.153E-01 4.136E-01 2.883E-01 1.628E-01 1.559E-01
 7.259E-02 4.088E-02 2.618E-02 1.818E-02 1.336E-02 1.023E-02 8.084E-03 6.549E-03
 5.412E-03 4.548E-03 3.875E-03 3.342E-03 2.911E-03 2.559E-03 2.022E-03 1.638E-03
 1.353E-03 1.137E-03 9.690E-04 8.355E-04 7.278E-04 4.094E-04 2.620E-04 1.820E-04
 1.024E-04 6.550E-05 2.911E-05 1.638E-05 7.278E-06 4.094E-06 2.620E-06 1.819E-06
 1.023E-06 6.550E-07 2.911E-07 1.638E-07 7.278E-08 4.094E-08 2.620E-08 1.819E-08
 1.023E-08 6.550E-09 2.911E-09 1.638E-09 7.278E-10 4.094E-10 2.620E-10 1.819E-10
 1.023E-10 6.550E-11
 1.366E+00 2.269E+00 2.319E+00 2.319E+00 2.406E+00 2.406E+00 3.071E+00 3.071E+00
 3.161E+00 3.470E+00 3.470E+00 3.872E+00 3.872E+00 4.940E+00 6.621E+00 8.175E+00
 9.593E+00 1.206E+01 1.308E+01 1.308E+01 1.412E+01 1.412E+01 1.415E+01 1.461E+01
 1.461E+01 1.831E+01 2.143E+01 2.547E+01 2.765E+01 2.885E+01 2.949E+01 2.955E+01
 2.955E+01 2.989E+01 2.969E+01 2.826E+01 2.662E+01 2.377E+01 2.158E+01 1.986E+01
 1.846E+01 1.630E+01 1.469E+01 1.454E+01 1.316E+01 1.198E+01 1.024E+01 1.011E+01
 8.062E+00 6.728E+00 5.811E+00 5.137E+00 4.618E+00 4.203E+00 3.864E+00 3.580E+00
 3.339E+00 3.132E+00 2.950E+00 2.791E+00 2.650E+00 2.524E+00 2.307E+00 2.127E+00
 1.976E+00 1.846E+00 1.734E+00 1.635E+00 1.549E+00 1.231E+00 1.027E+00 8.850E-01
 6.980E-01 5.793E-01 4.126E-01 3.235E-01 2.293E-01 1.796E-01 1.486E-01 1.273E-01
 9.940E-02 8.178E-02 5.711E-02 4.420E-02 3.073E-02 2.372E-02 1.940E-02 1.645E-02
 1.267E-02 1.035E-02 7.150E-03 5.497E-03 3.791E-03 2.911E-03 2.370E-03 2.003E-03
 1.536E-03 1.250E-03
 8.639E+05 3.850E+05 3.706E+05 5.567E+05 1.119E+06 1.301E+06 1.002E+06 1.162E+06
 1.088E+06 8.961E+05 9.522E+05 7.596E+05 7.930E+05 4.688E+05 2.331E+05 1.335E+05
 8.403E+04 4.003E+04 2.993E+04 7.982E+04 5.996E+04 8.442E+04 8.338E+04 7.289E+04
 8.427E+04 3.349E+04 1.561E+04 5.208E+03 2.361E+03 1.271E+03 7.639E+02 7.183E+02
 3.786E+03 1.886E+03 1.038E+03 3.444E+02 1.567E+02 5.248E+01 2.486E+01 1.428E+01
 9.258E+00 4.860E+00 3.050E+00 2.919E+00 1.968E+00 1.404E+00 8.507E-01 8.204E-01
 4.470E-01 2.939E-01 2.161E-01 1.698E-01 1.393E-01 1.179E-01 1.020E-01 8.986E-02
 8.023E-02 7.243E-02 6.599E-02 6.059E-02 5.600E-02 5.204E-02 4.559E-02 4.055E-02
 3.650E-02 3.319E-02 3.042E-02 2.808E-02 2.607E-02 1.919E-02 1.518E-02 1.256E-02
 9.328E-03 7.420E-03 4.908E-03 3.667E-03 2.435E-03 1.823E-03 1.457E-03 1.213E-03
 9.087E-04 7.266E-04 4.840E-04 3.628E-04 2.418E-04 1.813E-04 1.450E-04 1.209E-04
 9.063E-05 7.250E-05 4.833E-05 3.625E-05 2.416E-05 1.812E-05 1.450E-05 1.208E-05
 9.061E-06 7.249E-06
 0.000E+00 0.000E+00 0.000E+00 0.000E+00 0.000E+00 0.000E+00 0.000E+00 0.000E+00
 0.000E+00 0.000E+00 0.000E+00 0.000E+00 0.000E+00 0.000E+00 0.000E+00 0.000E+00
 0.000E+00 0.000E+00 0.000E+00 0.000E+00 0.000E+00 0.000E+00 0.000E+00 0.000E+00
 0.000E+00 0.000E+00 0.000E+00 0.000E+00 0.000E+00 0.000E+00 0.000E+00 0.000E+00
 0.000E+00 0.000E+00 0.000E+00 0.000E+00 0.000E+00 0.000E+00 0.000E+00 0.000E+00
 0.000E+00 0.000E+00 0.000E+00 0.000E+00 8.465E-02 3.937E-01 1.238E+00 1.315E+00
 2.879E+00 4.258E+00 5.423E+00 6.425E+00 7.308E+00 8.102E+00 8.824E+00 9.487E+00
 1.010E+01 1.067E+01 1.120E+01 1.170E+01 1.216E+01 1.259E+01 1.336E+01 1.405E+01
 1.468E+01 1.524E+01 1.577E+01 1.624E+01 1.668E+01 1.848E+01 1.981E+01 2.085E+01
 2.237E+01 2.345E+01 2.515E+01 2.616E+01 2.733E+01 2.800E+01 2.844E+01 2.876E+01
 2.917E+01 2.944E+01 2.983E+01 3.005E+01 3.028E+01 3.040E+01 3.048E+01 3.053E+01
 3.060E+01 3.065E+01 3.071E+01 3.074E+01 3.078E+01 3.079E+01 3.081E+01 3.081E+01
 3.082E+01 3.083E+01
 0.000E+00 0.000E+00 0.000E+00 0.000E+00 0.000E+00 0.000E+00 0.000E+00 0.000E+00
 0.000E+00 0.000E+00 0.000E+00 0.000E+00 0.000E+00 0.000E+00 0.000E+00 0.000E+00
 0.000E+00 0.000E+00 0.000E+00 0.000E+00 0.000E+00 0.000E+00 0.000E+00 0.000E+00
 0.000E+00 0.000E+00 0.000E+00 0.000E+00 0.000E+00 0.000E+00 0.000E+00 0.000E+00
 0.000E+00 0.000E+00 0.000E+00 0.000E+00 0.000E+00 0.000E+00 0.000E+00 0.000E+00
 0.000E+00 0.000E+00 0.000E+00 0.000E+00 0.000E+00 0.000E+00 0.000E+00 0.000E+00
 2.818E-03 1.149E-02 2.285E-02 3.504E-02 4.717E-02 5.889E-02 7.009E-02 8.072E-02
 9.076E-02 1.002E-01 1.091E-01 1.176E-01 1.256E-01 1.331E-01 1.472E-01 1.599E-01
 1.715E-01 1.822E-01 1.920E-01 2.011E-01 2.096E-01 2.444E-01 2.706E-01 2.912E-01
 3.221E-01 3.444E-01 3.809E-01 4.036E-01 4.311E-01 4.475E-01 4.586E-01 4.668E-01
 4.780E-01 4.855E-01 4.965E-01 5.028E-01 5.097E-01 5.137E-01 5.162E-01 5.179E-01
 5.202E-01 5.217E-01 5.237E-01 5.248E-01 5.259E-01 5.266E-01 5.271E-01 5.273E-01
 5.276E-01 5.278E-01
     9
     3     3     3     3     3     7     3     3     8
  1.0000E-03  1.5000E-03  1.5278E-03
  1.5278E-03  1.5519E-03  1.5763E-03
  1.5763E-03  1.7531E-03  1.9498E-03
  1.9498E-03  2.0000E-03  2.1730E-03
  2.1730E-03  2.2828E-03  2.3981E-03
  2.3981E-03  3.0000E-03  4.0000E-03  5.0000E-03  6.0000E-03  8.0000E-03
  8.9436E-03
  8.9436E-03  9.4467E-03  9.9782E-03
  9.9782E-03  1.0000E-02  1.0486E-02
  1.0486E-02  1.5000E-02  2.0000E-02  3.0000E-02  4.0000E-02  5.0000E-02
  6.0000E-02  6.1332E-02
  8.6390E+05  3.8500E+05  3.7060E+05
  5.5670E+05  7.8932E+05  1.1190E+06
  1.3010E+06  1.1414E+06  1.0020E+06
  1.1620E+06  1.0880E+06  8.9610E+05
  9.5220E+05  8.5044E+05  7.5960E+05
  7.9300E+05  4.6880E+05  2.3310E+05  1.3350E+05  8.4030E+04  4.0030E+04
  2.9930E+04
  7.9820E+04  6.9173E+04  5.9960E+04
  8.4420E+04  8.3380E+04  7.2890E+04
  8.4270E+04  3.3490E+04  1.5610E+04  5.2080E+03  2.3610E+03  1.2710E+03
  7.6390E+02  7.1830E+02
