    85  209.987000
    10   100
    36    28    26    23    17    15    12     9     7     3
 K  L1 L2 L3 M1 M2 M3 M4 M5 N1
  95729.9  17493.0  16784.7  14213.5   4317.0   4008.0   3426.0   2908.7
   2786.7   1042.0
  1.00000E+03  1.04190E+03  1.04200E+03  1.50000E+03  2.00000E+03  2.78660E+03
  2.78670E+03  2.90860E+03  2.90870E+03  3.00000E+03  3.42590E+03  3.42600E+03
  4.00000E+03  4.00790E+03  4.00800E+03  4.31690E+03  4.31700E+03  5.00000E+03
  6.00000E+03  8.00000E+03  1.00000E+04  1.42134E+04  1.42135E+04  1.50000E+04
  1.67846E+04  1.67847E+04  1.74929E+04  1.74930E+04  2.00000E+04  3.00000E+04
  4.00000E+04  5.00000E+04  6.00000E+04  8.00000E+04  9.57298E+04  9.57299E+04
  1.00000E+05  1.50000E+05  2.00000E+05  3.00000E+05  4.00000E+05  5.00000E+05
  6.00000E+05  8.00000E+05  1.00000E+06  1.02200E+06  1.25000E+06  1.50000E+06
  2.00000E+06  2.04400E+06  3.00000E+06  4.00000E+06  5.00000E+06  6.00000E+06
  7.00000E+06  8.00000E+06  9.00000E+06  1.00000E+07  1.10000E+07  1.20000E+07
  1.30000E+07  1.40000E+07  1.50000E+07  1.60000E+07  1.80000E+07  2.00000E+07
  2.20000E+07  2.40000E+07  2.60000E+07  2.80000E+07  3.00000E+07  4.00000E+07
  5.00000E+07  6.00000E+07  8.00000E+07  1.00000E+08  1.50000E+08  2.00000E+08
  3.00000E+08  4.00000E+08  5.00000E+08  6.00000E+08  8.00000E+08  1.00000E+09
  1.50000E+09  2.00000E+09  3.00000E+09  4.00000E+09  5.00000E+09  6.00000E+09
  8.00000E+09  1.00000E+10  1.50000E+10  2.00000E+10  3.00000E+10  4.00000E+10
  5.00000E+10  6.00000E+10  8.00000E+10  1.00000E+11
 4.618E+03 4.603E+03 4.603E+03 4.422E+03 4.201E+03 3.852E+03 3.852E+03 3.799E+03
 3.799E+03 3.759E+03 3.585E+03 3.585E+03 3.362E+03 3.359E+03 3.359E+03 3.248E+03
 3.248E+03 3.015E+03 2.713E+03 2.220E+03 1.847E+03 1.311E+03 1.311E+03 1.236E+03
 1.088E+03 1.088E+03 1.034E+03 1.034E+03 8.785E+02 5.168E+02 3.464E+02 2.475E+02
 1.854E+02 1.164E+02 8.671E+01 8.671E+01 8.060E+01 3.990E+01 2.383E+01 1.139E+01
 6.672E+00 4.375E+00 3.087E+00 1.772E+00 1.148E+00 1.100E+00 7.414E-01 5.178E-01
 2.932E-01 2.808E-01 1.310E-01 7.386E-02 4.732E-02 3.288E-02 2.416E-02 1.850E-02
 1.462E-02 1.185E-02 9.791E-03 8.228E-03 7.011E-03 6.045E-03 5.266E-03 4.629E-03
 3.657E-03 2.963E-03 2.448E-03 2.057E-03 1.753E-03 1.512E-03 1.317E-03 7.407E-04
 4.741E-04 3.292E-04 1.852E-04 1.185E-04 5.268E-05 2.963E-05 1.317E-05 7.407E-06
 4.741E-06 3.292E-06 1.852E-06 1.185E-06 5.268E-07 2.963E-07 1.317E-07 7.407E-08
 4.741E-08 3.292E-08 1.852E-08 1.185E-08 5.268E-09 2.963E-09 1.317E-09 7.407E-10
 4.741E-10 3.292E-10 1.852E-10 1.185E-10
 1.198E+00 1.283E+00 1.283E+00 2.280E+00 3.409E+00 5.132E+00 5.132E+00 5.388E+00
 5.388E+00 5.577E+00 6.425E+00 6.425E+00 7.504E+00 7.518E+00 7.518E+00 8.059E+00
 8.059E+00 9.207E+00 1.077E+01 1.363E+01 1.617E+01 2.039E+01 2.039E+01 2.105E+01
 2.240E+01 2.240E+01 2.287E+01 2.287E+01 2.446E+01 2.908E+01 3.189E+01 3.354E+01
 3.448E+01 3.519E+01 3.517E+01 3.517E+01 3.511E+01 3.371E+01 3.190E+01 2.861E+01
 2.603E+01 2.399E+01 2.232E+01 1.973E+01 1.781E+01 1.762E+01 1.596E+01 1.453E+01
 1.242E+01 1.227E+01 9.785E+00 8.167E+00 7.055E+00 6.237E+00 5.606E+00 5.103E+00
 4.691E+00 4.347E+00 4.054E+00 3.802E+00 3.582E+00 3.389E+00 3.218E+00 3.064E+00
 2.801E+00 2.583E+00 2.399E+00 2.242E+00 2.105E+00 1.986E+00 1.880E+00 1.494E+00
 1.247E+00 1.075E+00 8.476E-01 7.035E-01 5.010E-01 3.928E-01 2.784E-01 2.180E-01
 1.805E-01 1.545E-01 1.207E-01 9.930E-02 6.935E-02 5.367E-02 3.732E-02 2.881E-02
 2.355E-02 1.997E-02 1.539E-02 1.256E-02 8.682E-03 6.675E-03 4.603E-03 3.534E-03
 2.878E-03 2.433E-03 1.865E-03 1.518E-03
 2.041E+06 1.892E+06 1.932E+06 9.478E+05 5.169E+05 2.481E+05 8.441E+05 5.843E+05
 9.704E+05 7.806E+05 5.592E+05 6.471E+05 4.414E+05 4.392E+05 4.658E+05 3.894E+05
 4.064E+05 2.847E+05 1.820E+05 8.846E+04 5.007E+04 2.016E+04 4.960E+04 4.332E+04
 3.172E+04 4.431E+04 4.011E+04 4.637E+04 3.293E+04 1.146E+04 5.333E+03 2.925E+03
 1.784E+03 8.138E+02 4.976E+02 2.282E+03 2.037E+03 7.106E+02 3.340E+02 1.166E+02
 5.673E+01 3.319E+01 2.179E+01 1.161E+01 7.325E+00 7.012E+00 4.732E+00 3.369E+00
 2.037E+00 1.964E+00 1.064E+00 6.957E-01 5.095E-01 3.990E-01 3.266E-01 2.758E-01
 2.382E-01 2.095E-01 1.868E-01 1.685E-01 1.534E-01 1.407E-01 1.299E-01 1.207E-01
 1.056E-01 9.383E-02 8.440E-02 7.669E-02 7.026E-02 6.482E-02 6.015E-02 4.422E-02
 3.495E-02 2.888E-02 2.144E-02 1.704E-02 1.127E-02 8.415E-03 5.586E-03 4.181E-03
 3.340E-03 2.781E-03 2.084E-03 1.666E-03 1.110E-03 8.319E-04 5.543E-04 4.157E-04
 3.325E-04 2.770E-04 2.078E-04 1.662E-04 1.108E-04 8.309E-05 5.539E-05 4.154E-05
 3.323E-05 2.769E-05 2.077E-05 1.662E-05
 0.000E+00 0.000E+00 0.000E+00 0.000E+00 0.000E+00 0.000E+00 0.000E+00 0.000E+00
 0.000E+00 0.000E+00 0.000E+00 0.000E+00 0.000E+00 0.000E+00 0.000E+00 0.000E+00
 0.000E+00 0.000E+00 0.000E+00 0.000E+00 0.000E+00 0.000E+00 0.000E+00 0.000E+00
 0.000E+00 0.000E+00 0.000E+00 0.000E+00 0.000E+00 0.000E+00 0.000E+00 0.000E+00
 0.000E+00 0.000E+00 0.000E+00 0.000E+00 0.000E+00 0.000E+00 0.000E+00 0.000E+00
 0.000E+00 0.000E+00 0.000E+00 0.000E+00 0.000E+00 0.000E+00 1.432E-01 6.900E-01
 2.062E+00 2.181E+00 4.444E+00 6.334E+00 7.915E+00 9.278E+00 1.048E+01 1.156E+01
 1.254E+01 1.345E+01 1.429E+01 1.508E+01 1.581E+01 1.649E+01 1.713E+01 1.773E+01
 1.881E+01 1.977E+01 2.065E+01 2.144E+01 2.217E+01 2.284E+01 2.346E+01 2.597E+01
 2.784E+01 2.928E+01 3.141E+01 3.290E+01 3.527E+01 3.667E+01 3.831E+01 3.924E+01
 3.985E+01 4.029E+01 4.087E+01 4.125E+01 4.179E+01 4.209E+01 4.241E+01 4.258E+01
 4.269E+01 4.277E+01 4.287E+01 4.293E+01 4.302E+01 4.306E+01 4.311E+01 4.314E+01
 4.315E+01 4.316E+01 4.318E+01 4.319E+01
 0.000E+00 0.000E+00 0.000E+00 0.000E+00 0.000E+00 0.000E+00 0.000E+00 0.000E+00
 0.000E+00 0.000E+00 0.000E+00 0.000E+00 0.000E+00 0.000E+00 0.000E+00 0.000E+00
 0.000E+00 0.000E+00 0.000E+00 0.000E+00 0.000E+00 0.000E+00 0.000E+00 0.000E+00
 0.000E+00 0.000E+00 0.000E+00 0.000E+00 0.000E+00 0.000E+00 0.000E+00 0.000E+00
 0.000E+00 0.000E+00 0.000E+00 0.000E+00 0.000E+00 0.000E+00 0.000E+00 0.000E+00
 0.000E+00 0.000E+00 0.000E+00 0.000E+00 0.000E+00 0.000E+00 0.000E+00 0.000E+00
 0.000E+00 0.000E+00 3.418E-03 1.393E-02 2.770E-02 4.246E-02 5.712E-02 7.129E-02
 8.482E-02 9.764E-02 1.097E-01 1.211E-01 1.319E-01 1.420E-01 1.516E-01 1.607E-01
 1.776E-01 1.928E-01 2.067E-01 2.195E-01 2.312E-01 2.421E-01 2.521E-01 2.935E-01
 3.245E-01 3.489E-01 3.853E-01 4.116E-01 4.544E-01 4.810E-01 5.131E-01 5.322E-01
 5.451E-01 5.546E-01 5.675E-01 5.761E-01 5.888E-01 5.959E-01 6.036E-01 6.082E-01
 6.110E-01 6.129E-01 6.155E-01 6.171E-01 6.193E-01 6.206E-01 6.218E-01 6.226E-01
 6.231E-01 6.233E-01 6.237E-01 6.239E-01
    10
     3     4     3     3     3     3     6     3     3     8
  1.0000E-03  1.0208E-03  1.0420E-03
  1.0420E-03  1.5000E-03  2.0000E-03  2.7867E-03
  2.7867E-03  2.8470E-03  2.9087E-03
  2.9087E-03  3.0000E-03  3.4260E-03
  3.4260E-03  4.0000E-03  4.0080E-03
  4.0080E-03  4.1596E-03  4.3170E-03
  4.3170E-03  5.0000E-03  6.0000E-03  8.0000E-03  1.0000E-02  1.4213E-02
  1.4213E-02  1.5000E-02  1.6785E-02
  1.6785E-02  1.7135E-02  1.7493E-02
  1.7493E-02  2.0000E-02  3.0000E-02  4.0000E-02  5.0000E-02  6.0000E-02
  8.0000E-02  9.5730E-02
  2.0410E+06  1.9651E+06  1.8920E+06
  1.9320E+06  9.4780E+05  5.1690E+05  2.4810E+05
  8.4410E+05  7.0223E+05  5.8430E+05
  9.7040E+05  7.8060E+05  5.5920E+05
  6.4710E+05  4.4140E+05  4.3920E+05
  4.6580E+05  4.2585E+05  3.8940E+05
  4.0640E+05  2.8470E+05  1.8200E+05  8.8460E+04  5.0070E+04  2.0160E+04
  4.9600E+04  4.3320E+04  3.1720E+04
  4.4310E+04  4.2157E+04  4.0110E+04
  4.6370E+04  3.2930E+04  1.1460E+04  5.3330E+03  2.9250E+03  1.7840E+03
  8.1380E+02  4.9760E+02
