    62  150.360001
     9    98
    31    23    21    19    12    10     7     5     3
 K  L1 L2 L3 M1 M2 M3 M4 M5
  46834.2   7736.8   7311.8   6716.2   1722.8   1540.7   1419.8   1106.0
   1080.2
  1.00000E+03  1.08010E+03  1.08020E+03  1.10590E+03  1.10600E+03  1.41970E+03
  1.41980E+03  1.50000E+03  1.54060E+03  1.54070E+03  1.72270E+03  1.72280E+03
  2.00000E+03  3.00000E+03  4.00000E+03  5.00000E+03  6.00000E+03  6.71610E+03
  6.71620E+03  7.31170E+03  7.31180E+03  7.73670E+03  7.73680E+03  8.00000E+03
  1.00000E+04  1.50000E+04  2.00000E+04  3.00000E+04  4.00000E+04  4.68341E+04
  4.68342E+04  5.00000E+04  6.00000E+04  8.00000E+04  1.00000E+05  1.50000E+05
  2.00000E+05  3.00000E+05  4.00000E+05  5.00000E+05  6.00000E+05  8.00000E+05
  1.00000E+06  1.02200E+06  1.25000E+06  1.50000E+06  2.00000E+06  2.04400E+06
  3.00000E+06  4.00000E+06  5.00000E+06  6.00000E+06  7.00000E+06  8.00000E+06
  9.00000E+06  1.00000E+07  1.10000E+07  1.20000E+07  1.30000E+07  1.40000E+07
  1.50000E+07  1.60000E+07  1.80000E+07  2.00000E+07  2.20000E+07  2.40000E+07
  2.60000E+07  2.80000E+07  3.00000E+07  4.00000E+07  5.00000E+07  6.00000E+07
  8.00000E+07  1.00000E+08  1.50000E+08  2.00000E+08  3.00000E+08  4.00000E+08
  5.00000E+08  6.00000E+08  8.00000E+08  1.00000E+09  1.50000E+09  2.00000E+09
  3.00000E+09  4.00000E+09  5.00000E+09  6.00000E+09  8.00000E+09  1.00000E+10
  1.50000E+10  2.00000E+10  3.00000E+10  4.00000E+10  5.00000E+10  6.00000E+10
  8.00000E+10  1.00000E+11
 2.414E+03 2.394E+03 2.394E+03 2.388E+03 2.388E+03 2.311E+03 2.311E+03 2.290E+03
 2.280E+03 2.280E+03 2.233E+03 2.233E+03 2.163E+03 1.913E+03 1.682E+03 1.481E+03
 1.311E+03 1.206E+03 1.206E+03 1.128E+03 1.128E+03 1.076E+03 1.076E+03 1.046E+03
 8.514E+02 5.534E+02 3.966E+02 2.323E+02 1.511E+02 1.187E+02 1.187E+02 1.072E+02
 8.057E+01 5.022E+01 3.416E+01 1.664E+01 9.890E+00 4.653E+00 2.690E+00 1.749E+00
 1.228E+00 6.996E-01 4.509E-01 4.319E-01 2.901E-01 2.020E-01 1.140E-01 1.091E-01
 5.077E-02 2.859E-02 1.830E-02 1.271E-02 9.341E-03 7.152E-03 5.651E-03 4.578E-03
 3.783E-03 3.179E-03 2.709E-03 2.336E-03 2.035E-03 1.788E-03 1.413E-03 1.145E-03
 9.460E-04 7.949E-04 6.773E-04 5.840E-04 5.087E-04 2.862E-04 1.831E-04 1.272E-04
 7.154E-05 4.578E-05 2.035E-05 1.145E-05 5.087E-06 2.861E-06 1.831E-06 1.272E-06
 7.154E-07 4.578E-07 2.035E-07 1.145E-07 5.087E-08 2.861E-08 1.831E-08 1.272E-08
 7.154E-09 4.578E-09 2.035E-09 1.145E-09 5.087E-10 2.861E-10 1.831E-10 1.272E-10
 7.154E-11 4.578E-11
 1.482E+00 1.637E+00 1.637E+00 1.686E+00 1.687E+00 2.266E+00 2.266E+00 2.415E+00
 2.490E+00 2.491E+00 2.826E+00 2.826E+00 3.329E+00 5.105E+00 6.749E+00 8.245E+00
 9.580E+00 1.045E+01 1.045E+01 1.112E+01 1.112E+01 1.158E+01 1.158E+01 1.185E+01
 1.376E+01 1.756E+01 2.030E+01 2.359E+01 2.531E+01 2.601E+01 2.601E+01 2.624E+01
 2.673E+01 2.696E+01 2.669E+01 2.527E+01 2.374E+01 2.116E+01 1.918E+01 1.763E+01
 1.638E+01 1.446E+01 1.303E+01 1.289E+01 1.167E+01 1.062E+01 9.069E+00 8.958E+00
 7.142E+00 5.960E+00 5.148E+00 4.550E+00 4.090E+00 3.723E+00 3.422E+00 3.171E+00
 2.958E+00 2.774E+00 2.613E+00 2.472E+00 2.347E+00 2.235E+00 2.043E+00 1.884E+00
 1.750E+00 1.635E+00 1.536E+00 1.449E+00 1.372E+00 1.090E+00 9.098E-01 7.839E-01
 6.182E-01 5.131E-01 3.654E-01 2.865E-01 2.031E-01 1.590E-01 1.317E-01 1.127E-01
 8.804E-02 7.243E-02 5.058E-02 3.915E-02 2.722E-02 2.101E-02 1.718E-02 1.457E-02
 1.122E-02 9.164E-03 6.333E-03 4.869E-03 3.358E-03 2.578E-03 2.099E-03 1.775E-03
 1.361E-03 1.107E-03
 5.236E+05 4.539E+05 6.278E+05 1.386E+06 1.694E+06 1.312E+06 1.514E+06 1.335E+06
 1.258E+06 1.335E+06 1.044E+06 1.091E+06 7.769E+05 2.961E+05 1.449E+05 8.231E+04
 5.149E+04 3.842E+04 1.070E+05 8.615E+04 1.176E+05 1.023E+05 1.182E+05 1.088E+05
 6.154E+04 2.098E+04 9.633E+03 3.153E+03 1.412E+03 9.062E+02 5.098E+03 4.297E+03
 2.657E+03 1.224E+03 6.636E+02 2.145E+02 9.601E+01 3.151E+01 1.474E+01 8.390E+00
 5.407E+00 2.820E+00 1.765E+00 1.689E+00 1.139E+00 8.136E-01 4.939E-01 4.763E-01
 2.605E-01 1.719E-01 1.267E-01 9.972E-02 8.196E-02 6.943E-02 6.015E-02 5.302E-02
 4.737E-02 4.279E-02 3.901E-02 3.584E-02 3.313E-02 3.081E-02 2.700E-02 2.403E-02
 2.164E-02 1.968E-02 1.805E-02 1.666E-02 1.548E-02 1.140E-02 9.026E-03 7.467E-03
 5.550E-03 4.416E-03 2.922E-03 2.184E-03 1.450E-03 1.086E-03 8.676E-04 7.225E-04
 5.413E-04 4.328E-04 2.883E-04 2.162E-04 1.441E-04 1.080E-04 8.641E-05 7.200E-05
 5.400E-05 4.320E-05 2.880E-05 2.160E-05 1.440E-05 1.080E-05 8.638E-06 7.198E-06
 5.398E-06 4.319E-06
 0.000E+00 0.000E+00 0.000E+00 0.000E+00 0.000E+00 0.000E+00 0.000E+00 0.000E+00
 0.000E+00 0.000E+00 0.000E+00 0.000E+00 0.000E+00 0.000E+00 0.000E+00 0.000E+00
 0.000E+00 0.000E+00 0.000E+00 0.000E+00 0.000E+00 0.000E+00 0.000E+00 0.000E+00
 0.000E+00 0.000E+00 0.000E+00 0.000E+00 0.000E+00 0.000E+00 0.000E+00 0.000E+00
 0.000E+00 0.000E+00 0.000E+00 0.000E+00 0.000E+00 0.000E+00 0.000E+00 0.000E+00
 0.000E+00 0.000E+00 0.000E+00 0.000E+00 6.072E-02 2.807E-01 9.102E-01 9.695E-01
 2.202E+00 3.310E+00 4.258E+00 5.074E+00 5.796E+00 6.444E+00 7.033E+00 7.573E+00
 8.072E+00 8.535E+00 8.967E+00 9.367E+00 9.739E+00 1.008E+01 1.071E+01 1.127E+01
 1.177E+01 1.223E+01 1.265E+01 1.304E+01 1.339E+01 1.484E+01 1.591E+01 1.674E+01
 1.797E+01 1.885E+01 2.023E+01 2.106E+01 2.202E+01 2.257E+01 2.294E+01 2.320E+01
 2.354E+01 2.377E+01 2.409E+01 2.427E+01 2.446E+01 2.456E+01 2.463E+01 2.467E+01
 2.473E+01 2.477E+01 2.482E+01 2.485E+01 2.488E+01 2.489E+01 2.490E+01 2.491E+01
 2.492E+01 2.492E+01
 0.000E+00 0.000E+00 0.000E+00 0.000E+00 0.000E+00 0.000E+00 0.000E+00 0.000E+00
 0.000E+00 0.000E+00 0.000E+00 0.000E+00 0.000E+00 0.000E+00 0.000E+00 0.000E+00
 0.000E+00 0.000E+00 0.000E+00 0.000E+00 0.000E+00 0.000E+00 0.000E+00 0.000E+00
 0.000E+00 0.000E+00 0.000E+00 0.000E+00 0.000E+00 0.000E+00 0.000E+00 0.000E+00
 0.000E+00 0.000E+00 0.000E+00 0.000E+00 0.000E+00 0.000E+00 0.000E+00 0.000E+00
 0.000E+00 0.000E+00 0.000E+00 0.000E+00 0.000E+00 0.000E+00 0.000E+00 0.000E+00
 2.497E-03 1.018E-02 2.026E-02 3.107E-02 4.183E-02 5.224E-02 6.219E-02 7.163E-02
 8.056E-02 8.897E-02 9.688E-02 1.044E-01 1.115E-01 1.183E-01 1.308E-01 1.421E-01
 1.525E-01 1.621E-01 1.708E-01 1.790E-01 1.866E-01 2.178E-01 2.414E-01 2.601E-01
 2.881E-01 3.084E-01 3.419E-01 3.628E-01 3.883E-01 4.037E-01 4.141E-01 4.218E-01
 4.324E-01 4.395E-01 4.501E-01 4.561E-01 4.627E-01 4.665E-01 4.689E-01 4.706E-01
 4.728E-01 4.743E-01 4.762E-01 4.773E-01 4.784E-01 4.791E-01 4.795E-01 4.798E-01
 4.800E-01 4.803E-01
     9
     3     3     3     3     3     7     3     3     8
  1.0000E-03  1.0393E-03  1.0802E-03
  1.0802E-03  1.0930E-03  1.1060E-03
  1.1060E-03  1.2531E-03  1.4198E-03
  1.4198E-03  1.5000E-03  1.5407E-03
  1.5407E-03  1.6292E-03  1.7228E-03
  1.7228E-03  2.0000E-03  3.0000E-03  4.0000E-03  5.0000E-03  6.0000E-03
  6.7162E-03
  6.7162E-03  7.0077E-03  7.3118E-03
  7.3118E-03  7.5213E-03  7.7368E-03
  7.7368E-03  8.0000E-03  1.0000E-02  1.5000E-02  2.0000E-02  3.0000E-02
  4.0000E-02  4.6834E-02
  5.2360E+05  4.8746E+05  4.5390E+05
  6.2780E+05  9.3385E+05  1.3860E+06
  1.6940E+06  1.4907E+06  1.3120E+06
  1.5140E+06  1.3350E+06  1.2580E+06
  1.3350E+06  1.1803E+06  1.0440E+06
  1.0910E+06  7.7690E+05  2.9610E+05  1.4490E+05  8.2310E+04  5.1490E+04
  3.8420E+04
  1.0700E+05  9.6007E+04  8.6150E+04
  1.1760E+05  1.0970E+05  1.0230E+05
  1.1820E+05  1.0880E+05  6.1540E+04  2.0980E+04  9.6330E+03  3.1530E+03
  1.4120E+03  9.0620E+02
