    90  232.038101
    11   102
    39    31    28    26    20    17    15    12    10     5     3
 K  L1 L2 L3 M1 M2 M3 M4 M5 N1 N2
 109650.9  20472.1  19693.2  16300.3   5182.3   4830.4   4046.1   3490.8
   3332.0   1329.5   1168.3
  1.00000E+03  1.16820E+03  1.16830E+03  1.32940E+03  1.32950E+03  1.50000E+03
  2.00000E+03  3.00000E+03  3.33190E+03  3.33200E+03  3.49070E+03  3.49080E+03
  4.00000E+03  4.04600E+03  4.04610E+03  4.83030E+03  4.83040E+03  5.00000E+03
  5.18220E+03  5.18230E+03  6.00000E+03  8.00000E+03  1.00000E+04  1.50000E+04
  1.63002E+04  1.63003E+04  1.96931E+04  1.96932E+04  2.00000E+04  2.04720E+04
  2.04721E+04  3.00000E+04  4.00000E+04  5.00000E+04  6.00000E+04  8.00000E+04
  1.00000E+05  1.09651E+05  1.09651E+05  1.50000E+05  2.00000E+05  3.00000E+05
  4.00000E+05  5.00000E+05  6.00000E+05  8.00000E+05  1.00000E+06  1.02200E+06
  1.25000E+06  1.50000E+06  2.00000E+06  2.04400E+06  3.00000E+06  4.00000E+06
  5.00000E+06  6.00000E+06  7.00000E+06  8.00000E+06  9.00000E+06  1.00000E+07
  1.10000E+07  1.20000E+07  1.30000E+07  1.40000E+07  1.50000E+07  1.60000E+07
  1.80000E+07  2.00000E+07  2.20000E+07  2.40000E+07  2.60000E+07  2.80000E+07
  3.00000E+07  4.00000E+07  5.00000E+07  6.00000E+07  8.00000E+07  1.00000E+08
  1.50000E+08  2.00000E+08  3.00000E+08  4.00000E+08  5.00000E+08  6.00000E+08
  8.00000E+08  1.00000E+09  1.50000E+09  2.00000E+09  3.00000E+09  4.00000E+09
  5.00000E+09  6.00000E+09  8.00000E+09  1.00000E+10  1.50000E+10  2.00000E+10
  3.00000E+10  4.00000E+10  5.00000E+10  6.00000E+10  8.00000E+10  1.00000E+11
 5.114E+03 5.032E+03 5.032E+03 4.955E+03 4.955E+03 4.866E+03 4.610E+03 4.125E+03
 3.977E+03 3.977E+03 3.908E+03 3.908E+03 3.695E+03 3.677E+03 3.677E+03 3.382E+03
 3.382E+03 3.323E+03 3.260E+03 3.260E+03 3.001E+03 2.476E+03 2.072E+03 1.402E+03
 1.280E+03 1.280E+03 1.026E+03 1.026E+03 1.007E+03 9.783E+02 9.783E+02 5.929E+02
 3.986E+02 2.867E+02 2.154E+02 1.353E+02 9.384E+01 8.039E+01 8.039E+01 4.679E+01
 2.800E+01 1.342E+01 7.889E+00 5.186E+00 3.666E+00 2.109E+00 1.368E+00 1.311E+00
 8.851E-01 6.188E-01 3.508E-01 3.361E-01 1.570E-01 8.852E-02 5.673E-02 3.942E-02
 2.898E-02 2.219E-02 1.754E-02 1.421E-02 1.174E-02 9.869E-03 8.409E-03 7.251E-03
 6.317E-03 5.552E-03 4.387E-03 3.554E-03 2.937E-03 2.468E-03 2.103E-03 1.813E-03
 1.580E-03 8.885E-04 5.687E-04 3.949E-04 2.221E-04 1.422E-04 6.319E-05 3.554E-05
 1.580E-05 8.886E-06 5.687E-06 3.949E-06 2.221E-06 1.422E-06 6.319E-07 3.554E-07
 1.580E-07 8.886E-08 5.687E-08 3.949E-08 2.221E-08 1.422E-08 6.319E-09 3.554E-09
 1.580E-09 8.886E-10 5.687E-10 3.949E-10 2.221E-10 1.422E-10
 1.852E+00 2.262E+00 2.262E+00 2.636E+00 2.636E+00 3.038E+00 4.184E+00 6.380E+00
 7.080E+00 7.080E+00 7.407E+00 7.407E+00 8.421E+00 8.510E+00 8.510E+00 9.969E+00
 9.969E+00 1.027E+01 1.058E+01 1.058E+01 1.190E+01 1.476E+01 1.727E+01 2.228E+01
 2.331E+01 2.331E+01 2.560E+01 2.560E+01 2.578E+01 2.606E+01 2.606E+01 3.046E+01
 3.335E+01 3.511E+01 3.614E+01 3.693E+01 3.689E+01 3.672E+01 3.672E+01 3.549E+01
 3.363E+01 3.021E+01 2.751E+01 2.536E+01 2.360E+01 2.088E+01 1.884E+01 1.864E+01
 1.689E+01 1.538E+01 1.315E+01 1.299E+01 1.036E+01 8.646E+00 7.470E+00 6.604E+00
 5.936E+00 5.403E+00 4.967E+00 4.602E+00 4.293E+00 4.026E+00 3.793E+00 3.588E+00
 3.407E+00 3.244E+00 2.965E+00 2.735E+00 2.540E+00 2.374E+00 2.229E+00 2.103E+00
 1.991E+00 1.582E+00 1.321E+00 1.138E+00 8.974E-01 7.449E-01 5.305E-01 4.159E-01
 2.948E-01 2.309E-01 1.911E-01 1.636E-01 1.278E-01 1.051E-01 7.343E-02 5.683E-02
 3.951E-02 3.050E-02 2.494E-02 2.115E-02 1.629E-02 1.330E-02 9.193E-03 7.068E-03
 4.874E-03 3.742E-03 3.047E-03 2.576E-03 1.975E-03 1.607E-03
 2.543E+06 1.913E+06 1.940E+06 1.513E+06 1.543E+06 1.213E+06 6.664E+05 2.725E+05
 2.145E+05 5.330E+05 4.683E+05 6.701E+05 4.791E+05 4.653E+05 5.414E+05 3.474E+05
 3.686E+05 3.387E+05 3.100E+05 3.234E+05 2.261E+05 1.107E+05 6.300E+04 2.224E+04
 1.793E+04 4.325E+04 2.586E+04 3.698E+04 3.506E+04 3.310E+04 3.822E+04 1.437E+04
 6.754E+03 3.731E+03 2.288E+03 1.052E+03 5.744E+02 4.473E+02 1.939E+03 8.702E+02
 4.138E+02 1.467E+02 7.208E+01 4.247E+01 2.802E+01 1.501E+01 9.495E+00 9.092E+00
 6.144E+00 4.369E+00 2.640E+00 2.545E+00 1.376E+00 8.986E-01 6.572E-01 5.142E-01
 4.205E-01 3.549E-01 3.064E-01 2.693E-01 2.401E-01 2.164E-01 1.970E-01 1.806E-01
 1.668E-01 1.549E-01 1.355E-01 1.203E-01 1.082E-01 9.832E-02 9.006E-02 8.307E-02
 7.708E-02 5.664E-02 4.474E-02 3.697E-02 2.744E-02 2.181E-02 1.442E-02 1.076E-02
 7.145E-03 5.347E-03 4.272E-03 3.557E-03 2.665E-03 2.130E-03 1.419E-03 1.064E-03
 7.089E-04 5.316E-04 4.252E-04 3.543E-04 2.657E-04 2.125E-04 1.417E-04 1.063E-04
 7.083E-05 5.312E-05 4.250E-05 3.542E-05 2.656E-05 2.125E-05
 0.000E+00 0.000E+00 0.000E+00 0.000E+00 0.000E+00 0.000E+00 0.000E+00 0.000E+00
 0.000E+00 0.000E+00 0.000E+00 0.000E+00 0.000E+00 0.000E+00 0.000E+00 0.000E+00
 0.000E+00 0.000E+00 0.000E+00 0.000E+00 0.000E+00 0.000E+00 0.000E+00 0.000E+00
 0.000E+00 0.000E+00 0.000E+00 0.000E+00 0.000E+00 0.000E+00 0.000E+00 0.000E+00
 0.000E+00 0.000E+00 0.000E+00 0.000E+00 0.000E+00 0.000E+00 0.000E+00 0.000E+00
 0.000E+00 0.000E+00 0.000E+00 0.000E+00 0.000E+00 0.000E+00 0.000E+00 0.000E+00
 1.665E-01 8.157E-01 2.402E+00 2.537E+00 5.043E+00 7.102E+00 8.820E+00 1.030E+01
 1.160E+01 1.278E+01 1.386E+01 1.485E+01 1.577E+01 1.663E+01 1.743E+01 1.818E+01
 1.888E+01 1.954E+01 2.072E+01 2.178E+01 2.275E+01 2.363E+01 2.443E+01 2.517E+01
 2.585E+01 2.861E+01 3.067E+01 3.226E+01 3.461E+01 3.626E+01 3.887E+01 4.042E+01
 4.223E+01 4.326E+01 4.394E+01 4.443E+01 4.507E+01 4.549E+01 4.610E+01 4.643E+01
 4.679E+01 4.698E+01 4.710E+01 4.719E+01 4.730E+01 4.736E+01 4.746E+01 4.751E+01
 4.757E+01 4.760E+01 4.762E+01 4.763E+01 4.764E+01 4.765E+01
 0.000E+00 0.000E+00 0.000E+00 0.000E+00 0.000E+00 0.000E+00 0.000E+00 0.000E+00
 0.000E+00 0.000E+00 0.000E+00 0.000E+00 0.000E+00 0.000E+00 0.000E+00 0.000E+00
 0.000E+00 0.000E+00 0.000E+00 0.000E+00 0.000E+00 0.000E+00 0.000E+00 0.000E+00
 0.000E+00 0.000E+00 0.000E+00 0.000E+00 0.000E+00 0.000E+00 0.000E+00 0.000E+00
 0.000E+00 0.000E+00 0.000E+00 0.000E+00 0.000E+00 0.000E+00 0.000E+00 0.000E+00
 0.000E+00 0.000E+00 0.000E+00 0.000E+00 0.000E+00 0.000E+00 0.000E+00 0.000E+00
 0.000E+00 0.000E+00 0.000E+00 0.000E+00 3.618E-03 1.474E-02 2.931E-02 4.492E-02
 6.043E-02 7.541E-02 8.971E-02 1.033E-01 1.160E-01 1.281E-01 1.394E-01 1.501E-01
 1.603E-01 1.699E-01 1.876E-01 2.037E-01 2.184E-01 2.318E-01 2.442E-01 2.556E-01
 2.662E-01 3.097E-01 3.424E-01 3.681E-01 4.064E-01 4.341E-01 4.793E-01 5.074E-01
 5.415E-01 5.618E-01 5.757E-01 5.858E-01 5.998E-01 6.091E-01 6.230E-01 6.308E-01
 6.394E-01 6.445E-01 6.476E-01 6.498E-01 6.527E-01 6.546E-01 6.571E-01 6.586E-01
 6.599E-01 6.609E-01 6.614E-01 6.617E-01 6.621E-01 6.624E-01
    11
     3     3     5     3     3     3     3     6     3     3     8
  1.0000E-03  1.0809E-03  1.1683E-03
  1.1683E-03  1.2463E-03  1.3295E-03
  1.3295E-03  1.5000E-03  2.0000E-03  3.0000E-03  3.3320E-03
  3.3320E-03  3.4105E-03  3.4908E-03
  3.4908E-03  4.0000E-03  4.0461E-03
  4.0461E-03  4.4209E-03  4.8304E-03
  4.8304E-03  5.0000E-03  5.1823E-03
  5.1823E-03  6.0000E-03  8.0000E-03  1.0000E-02  1.5000E-02  1.6300E-02
  1.6300E-02  1.7917E-02  1.9693E-02
  1.9693E-02  2.0000E-02  2.0472E-02
  2.0472E-02  3.0000E-02  4.0000E-02  5.0000E-02  6.0000E-02  8.0000E-02
  1.0000E-01  1.0965E-01
  2.5430E+06  2.2054E+06  1.9130E+06
  1.9400E+06  1.7130E+06  1.5130E+06
  1.5430E+06  1.2130E+06  6.6640E+05  2.7250E+05  2.1450E+05
  5.3300E+05  4.9964E+05  4.6830E+05
  6.7010E+05  4.7910E+05  4.6530E+05
  5.4140E+05  4.3369E+05  3.4740E+05
  3.6860E+05  3.3870E+05  3.1000E+05
  3.2340E+05  2.2610E+05  1.1070E+05  6.3000E+04  2.2240E+04  1.7930E+04
  4.3250E+04  3.3437E+04  2.5860E+04
  3.6980E+04  3.5060E+04  3.3100E+04
  3.8220E+04  1.4370E+04  6.7540E+03  3.7310E+03  2.2880E+03  1.0520E+03
  5.7440E+02  4.4730E+02
