    55  132.905396
     6    92
    24    16    14    12     5     3
 K  L1 L2 L3 M1 M2
  35984.6   5714.3   5359.4   5011.9   1217.1   1065.0
  1.00000E+03  1.06490E+03  1.06500E+03  1.21700E+03  1.21710E+03  1.50000E+03
  2.00000E+03  3.00000E+03  4.00000E+03  5.00000E+03  5.01180E+03  5.01190E+03
  5.35930E+03  5.35940E+03  5.71420E+03  5.71430E+03  6.00000E+03  8.00000E+03
  1.00000E+04  1.50000E+04  2.00000E+04  3.00000E+04  3.59845E+04  3.59846E+04
  4.00000E+04  5.00000E+04  6.00000E+04  8.00000E+04  1.00000E+05  1.50000E+05
  2.00000E+05  3.00000E+05  4.00000E+05  5.00000E+05  6.00000E+05  8.00000E+05
  1.00000E+06  1.02200E+06  1.25000E+06  1.50000E+06  2.00000E+06  2.04400E+06
  3.00000E+06  4.00000E+06  5.00000E+06  6.00000E+06  7.00000E+06  8.00000E+06
  9.00000E+06  1.00000E+07  1.10000E+07  1.20000E+07  1.30000E+07  1.40000E+07
  1.50000E+07  1.60000E+07  1.80000E+07  2.00000E+07  2.20000E+07  2.40000E+07
  2.60000E+07  2.80000E+07  3.00000E+07  4.00000E+07  5.00000E+07  6.00000E+07
  8.00000E+07  1.00000E+08  1.50000E+08  2.00000E+08  3.00000E+08  4.00000E+08
  5.00000E+08  6.00000E+08  8.00000E+08  1.00000E+09  1.50000E+09  2.00000E+09
  3.00000E+09  4.00000E+09  5.00000E+09  6.00000E+09  8.00000E+09  1.00000E+10
  1.50000E+10  2.00000E+10  3.00000E+10  4.00000E+10  5.00000E+10  6.00000E+10
  8.00000E+10  1.00000E+11
 1.887E+03 1.874E+03 1.874E+03 1.842E+03 1.842E+03 1.782E+03 1.672E+03 1.455E+03
 1.268E+03 1.113E+03 1.111E+03 1.111E+03 1.064E+03 1.064E+03 1.019E+03 1.019E+03
 9.840E+02 7.830E+02 6.370E+02 4.190E+02 3.000E+02 1.719E+02 1.312E+02 1.312E+02
 1.119E+02 7.955E+01 5.954E+01 3.673E+01 2.489E+01 1.211E+01 7.174E+00 3.354E+00
 1.932E+00 1.255E+00 8.794E-01 5.001E-01 3.219E-01 3.084E-01 2.069E-01 1.440E-01
 8.120E-02 7.775E-02 3.615E-02 2.035E-02 1.303E-02 9.049E-03 6.649E-03 5.091E-03
 4.022E-03 3.258E-03 2.693E-03 2.263E-03 1.928E-03 1.662E-03 1.448E-03 1.273E-03
 1.006E-03 8.147E-04 6.733E-04 5.657E-04 4.820E-04 4.156E-04 3.621E-04 2.037E-04
 1.303E-04 9.052E-05 5.092E-05 3.259E-05 1.448E-05 8.146E-06 3.621E-06 2.037E-06
 1.303E-06 9.051E-07 5.091E-07 3.258E-07 1.448E-07 8.146E-08 3.621E-08 2.037E-08
 1.303E-08 9.051E-09 5.091E-09 3.258E-09 1.448E-09 8.146E-10 3.621E-10 2.037E-10
 1.303E-10 9.051E-11 5.091E-11 3.258E-11
 1.298E+00 1.410E+00 1.411E+00 1.676E+00 1.676E+00 2.177E+00 3.088E+00 4.863E+00
 6.490E+00 7.905E+00 7.921E+00 7.921E+00 8.366E+00 8.366E+00 8.794E+00 8.794E+00
 9.130E+00 1.121E+01 1.300E+01 1.647E+01 1.880E+01 2.154E+01 2.251E+01 2.251E+01
 2.299E+01 2.377E+01 2.416E+01 2.429E+01 2.397E+01 2.260E+01 2.119E+01 1.885E+01
 1.707E+01 1.568E+01 1.456E+01 1.284E+01 1.157E+01 1.145E+01 1.036E+01 9.422E+00
 8.048E+00 7.949E+00 6.337E+00 5.287E+00 4.567E+00 4.037E+00 3.629E+00 3.303E+00
 3.036E+00 2.813E+00 2.624E+00 2.461E+00 2.318E+00 2.193E+00 2.082E+00 1.983E+00
 1.812E+00 1.671E+00 1.552E+00 1.451E+00 1.362E+00 1.285E+00 1.217E+00 9.669E-01
 8.071E-01 6.954E-01 5.484E-01 4.552E-01 3.242E-01 2.542E-01 1.801E-01 1.411E-01
 1.168E-01 1.000E-01 7.810E-02 6.425E-02 4.487E-02 3.473E-02 2.415E-02 1.864E-02
 1.524E-02 1.292E-02 9.957E-03 8.129E-03 5.618E-03 4.319E-03 2.979E-03 2.287E-03
 1.862E-03 1.574E-03 1.207E-03 9.820E-04
 2.065E+06 1.811E+06 1.915E+06 1.452E+06 1.519E+06 9.550E+05 4.895E+05 1.821E+05
 8.821E+04 4.972E+04 4.943E+04 1.462E+05 1.235E+05 1.687E+05 1.437E+05 1.655E+05
 1.471E+05 7.015E+04 3.892E+04 1.304E+04 5.909E+03 1.905E+03 1.140E+03 6.783E+03
 5.119E+03 2.853E+03 1.737E+03 7.856E+02 4.200E+02 1.328E+02 5.861E+01 1.890E+01
 8.741E+00 4.940E+00 3.168E+00 1.644E+00 1.027E+00 9.828E-01 6.627E-01 4.741E-01
 2.884E-01 2.782E-01 1.527E-01 1.011E-01 7.467E-02 5.889E-02 4.847E-02 4.111E-02
 3.565E-02 3.145E-02 2.812E-02 2.542E-02 2.318E-02 2.130E-02 1.971E-02 1.833E-02
 1.607E-02 1.431E-02 1.290E-02 1.173E-02 1.076E-02 9.938E-03 9.231E-03 6.808E-03
 5.391E-03 4.462E-03 3.317E-03 2.640E-03 1.748E-03 1.306E-03 8.678E-04 6.497E-04
 5.192E-04 4.324E-04 3.240E-04 2.590E-04 1.726E-04 1.294E-04 8.623E-05 6.466E-05
 5.172E-05 4.310E-05 3.232E-05 2.586E-05 1.724E-05 1.293E-05 8.617E-06 6.463E-06
 5.170E-06 4.308E-06 3.231E-06 2.585E-06
 0.000E+00 0.000E+00 0.000E+00 0.000E+00 0.000E+00 0.000E+00 0.000E+00 0.000E+00
 0.000E+00 0.000E+00 0.000E+00 0.000E+00 0.000E+00 0.000E+00 0.000E+00 0.000E+00
 0.000E+00 0.000E+00 0.000E+00 0.000E+00 0.000E+00 0.000E+00 0.000E+00 0.000E+00
 0.000E+00 0.000E+00 0.000E+00 0.000E+00 0.000E+00 0.000E+00 0.000E+00 0.000E+00
 0.000E+00 0.000E+00 0.000E+00 0.000E+00 0.000E+00 0.000E+00 4.386E-02 2.028E-01
 6.774E-01 7.231E-01 1.693E+00 2.583E+00 3.350E+00 4.010E+00 4.597E+00 5.124E+00
 5.603E+00 6.042E+00 6.447E+00 6.822E+00 7.171E+00 7.494E+00 7.792E+00 8.069E+00
 8.572E+00 9.023E+00 9.432E+00 9.804E+00 1.014E+01 1.045E+01 1.074E+01 1.190E+01
 1.276E+01 1.344E+01 1.443E+01 1.513E+01 1.625E+01 1.692E+01 1.770E+01 1.815E+01
 1.845E+01 1.866E+01 1.894E+01 1.913E+01 1.939E+01 1.953E+01 1.969E+01 1.977E+01
 1.983E+01 1.986E+01 1.991E+01 1.994E+01 1.999E+01 2.001E+01 2.003E+01 2.004E+01
 2.005E+01 2.006E+01 2.006E+01 2.007E+01
 0.000E+00 0.000E+00 0.000E+00 0.000E+00 0.000E+00 0.000E+00 0.000E+00 0.000E+00
 0.000E+00 0.000E+00 0.000E+00 0.000E+00 0.000E+00 0.000E+00 0.000E+00 0.000E+00
 0.000E+00 0.000E+00 0.000E+00 0.000E+00 0.000E+00 0.000E+00 0.000E+00 0.000E+00
 0.000E+00 0.000E+00 0.000E+00 0.000E+00 0.000E+00 0.000E+00 0.000E+00 0.000E+00
 0.000E+00 0.000E+00 0.000E+00 0.000E+00 0.000E+00 0.000E+00 0.000E+00 0.000E+00
 0.000E+00 0.000E+00 2.216E-03 9.038E-03 1.799E-02 2.759E-02 3.716E-02 4.641E-02
 5.526E-02 6.366E-02 7.161E-02 7.909E-02 8.614E-02 9.285E-02 9.919E-02 1.052E-01
 1.164E-01 1.265E-01 1.358E-01 1.443E-01 1.522E-01 1.594E-01 1.662E-01 1.942E-01
 2.154E-01 2.322E-01 2.575E-01 2.759E-01 3.064E-01 3.255E-01 3.489E-01 3.629E-01
 3.726E-01 3.796E-01 3.894E-01 3.959E-01 4.056E-01 4.111E-01 4.172E-01 4.208E-01
 4.229E-01 4.245E-01 4.265E-01 4.279E-01 4.296E-01 4.307E-01 4.317E-01 4.323E-01
 4.327E-01 4.329E-01 4.332E-01 4.334E-01
     6
     3     3     7     3     3     8
  1.0000E-03  1.0320E-03  1.0650E-03
  1.0650E-03  1.1385E-03  1.2171E-03
  1.2171E-03  1.5000E-03  2.0000E-03  3.0000E-03  4.0000E-03  5.0000E-03
  5.0119E-03
  5.0119E-03  5.1827E-03  5.3594E-03
  5.3594E-03  5.5340E-03  5.7143E-03
  5.7143E-03  6.0000E-03  8.0000E-03  1.0000E-02  1.5000E-02  2.0000E-02
  3.0000E-02  3.5985E-02
  2.0650E+06  1.9338E+06  1.8110E+06
  1.9150E+06  1.6673E+06  1.4520E+06
  1.5190E+06  9.5500E+05  4.8950E+05  1.8210E+05  8.8210E+04  4.9720E+04
  4.9430E+04
  1.4620E+05  1.3436E+05  1.2350E+05
  1.6870E+05  1.5568E+05  1.4370E+05
  1.6550E+05  1.4710E+05  7.0150E+04  3.8920E+04  1.3040E+04  5.9090E+03
  1.9050E+03  1.1400E+03
