    56  137.330002
     7    94
    26    18    16    14     7     5     3
 K  L1 L2 L3 M1 M2 M3
  37440.6   5988.8   5623.6   5247.0   1292.8   1136.7   1062.2
  1.00000E+03  1.06210E+03  1.06220E+03  1.13660E+03  1.13670E+03  1.29270E+03
  1.29280E+03  1.50000E+03  2.00000E+03  3.00000E+03  4.00000E+03  5.00000E+03
  5.24690E+03  5.24700E+03  5.62350E+03  5.62360E+03  5.98870E+03  5.98880E+03
  6.00000E+03  8.00000E+03  1.00000E+04  1.50000E+04  2.00000E+04  3.00000E+04
  3.74405E+04  3.74406E+04  4.00000E+04  5.00000E+04  6.00000E+04  8.00000E+04
  1.00000E+05  1.50000E+05  2.00000E+05  3.00000E+05  4.00000E+05  5.00000E+05
  6.00000E+05  8.00000E+05  1.00000E+06  1.02200E+06  1.25000E+06  1.50000E+06
  2.00000E+06  2.04400E+06  3.00000E+06  4.00000E+06  5.00000E+06  6.00000E+06
  7.00000E+06  8.00000E+06  9.00000E+06  1.00000E+07  1.10000E+07  1.20000E+07
  1.30000E+07  1.40000E+07  1.50000E+07  1.60000E+07  1.80000E+07  2.00000E+07
  2.20000E+07  2.40000E+07  2.60000E+07  2.80000E+07  3.00000E+07  4.00000E+07
  5.00000E+07  6.00000E+07  8.00000E+07  1.00000E+08  1.50000E+08  2.00000E+08
  3.00000E+08  4.00000E+08  5.00000E+08  6.00000E+08  8.00000E+08  1.00000E+09
  1.50000E+09  2.00000E+09  3.00000E+09  4.00000E+09  5.00000E+09  6.00000E+09
  8.00000E+09  1.00000E+10  1.50000E+10  2.00000E+10  3.00000E+10  4.00000E+10
  5.00000E+10  6.00000E+10  8.00000E+10  1.00000E+11
 1.943E+03 1.929E+03 1.929E+03 1.912E+03 1.912E+03 1.877E+03 1.877E+03 1.828E+03
 1.713E+03 1.497E+03 1.306E+03 1.148E+03 1.113E+03 1.113E+03 1.063E+03 1.063E+03
 1.017E+03 1.017E+03 1.016E+03 8.106E+02 6.607E+02 4.345E+02 3.118E+02 1.794E+02
 1.290E+02 1.290E+02 1.168E+02 8.305E+01 6.223E+01 3.845E+01 2.607E+01 1.269E+01
 7.521E+00 3.519E+00 2.029E+00 1.317E+00 9.237E-01 5.254E-01 3.383E-01 3.241E-01
 2.175E-01 1.514E-01 8.535E-02 8.173E-02 3.801E-02 2.139E-02 1.370E-02 9.513E-03
 6.990E-03 5.352E-03 4.229E-03 3.425E-03 2.831E-03 2.379E-03 2.027E-03 1.748E-03
 1.523E-03 1.338E-03 1.057E-03 8.564E-04 7.078E-04 5.948E-04 5.068E-04 4.370E-04
 3.807E-04 2.141E-04 1.370E-04 9.516E-05 5.353E-05 3.426E-05 1.523E-05 8.564E-06
 3.806E-06 2.141E-06 1.370E-06 9.516E-07 5.353E-07 3.426E-07 1.523E-07 8.564E-08
 3.806E-08 2.141E-08 1.370E-08 9.516E-09 5.353E-09 3.426E-09 1.523E-09 8.564E-10
 3.806E-10 2.141E-10 1.370E-10 9.516E-11 5.353E-11 3.426E-11
 1.565E+00 1.686E+00 1.686E+00 1.829E+00 1.829E+00 2.111E+00 2.111E+00 2.494E+00
 3.397E+00 5.133E+00 6.738E+00 8.164E+00 8.485E+00 8.485E+00 8.955E+00 8.955E+00
 9.387E+00 9.387E+00 9.400E+00 1.148E+01 1.326E+01 1.674E+01 1.910E+01 2.188E+01
 2.305E+01 2.305E+01 2.335E+01 2.414E+01 2.454E+01 2.468E+01 2.436E+01 2.299E+01
 2.156E+01 1.918E+01 1.737E+01 1.596E+01 1.482E+01 1.307E+01 1.178E+01 1.165E+01
 1.055E+01 9.593E+00 8.194E+00 8.093E+00 6.452E+00 5.383E+00 4.650E+00 4.110E+00
 3.695E+00 3.363E+00 3.091E+00 2.864E+00 2.672E+00 2.505E+00 2.360E+00 2.233E+00
 2.120E+00 2.019E+00 1.845E+00 1.702E+00 1.581E+00 1.477E+00 1.387E+00 1.308E+00
 1.239E+00 9.845E-01 8.218E-01 7.080E-01 5.584E-01 4.635E-01 3.301E-01 2.588E-01
 1.834E-01 1.437E-01 1.189E-01 1.018E-01 7.952E-02 6.542E-02 4.569E-02 3.536E-02
 2.459E-02 1.898E-02 1.552E-02 1.316E-02 1.014E-02 8.277E-03 5.720E-03 4.398E-03
 3.033E-03 2.328E-03 1.896E-03 1.603E-03 1.229E-03 9.999E-04
 1.946E+06 1.701E+06 1.947E+06 1.687E+06 1.785E+06 1.364E+06 1.425E+06 1.024E+06
 5.270E+05 1.968E+05 9.550E+04 5.389E+04 4.757E+04 1.379E+05 1.168E+05 1.589E+05
 1.361E+05 1.571E+05 1.563E+05 7.522E+04 4.174E+04 1.402E+04 6.368E+03 2.057E+03
 1.102E+03 6.504E+03 5.463E+03 3.037E+03 1.854E+03 8.406E+02 4.502E+02 1.428E+02
 6.317E+01 2.042E+01 9.459E+00 5.352E+00 3.435E+00 1.783E+00 1.114E+00 1.066E+00
 7.190E-01 5.144E-01 3.127E-01 3.017E-01 1.656E-01 1.095E-01 8.087E-02 6.376E-02
 5.247E-02 4.449E-02 3.858E-02 3.403E-02 3.042E-02 2.750E-02 2.508E-02 2.304E-02
 2.131E-02 1.982E-02 1.738E-02 1.548E-02 1.394E-02 1.269E-02 1.163E-02 1.074E-02
 9.980E-03 7.359E-03 5.827E-03 4.822E-03 3.585E-03 2.853E-03 1.889E-03 1.412E-03
 9.377E-04 7.021E-04 5.610E-04 4.672E-04 3.501E-04 2.799E-04 1.865E-04 1.398E-04
 9.317E-05 6.987E-05 5.589E-05 4.657E-05 3.492E-05 2.794E-05 1.862E-05 1.397E-05
 9.311E-06 6.983E-06 5.587E-06 4.656E-06 3.492E-06 2.793E-06
 0.000E+00 0.000E+00 0.000E+00 0.000E+00 0.000E+00 0.000E+00 0.000E+00 0.000E+00
 0.000E+00 0.000E+00 0.000E+00 0.000E+00 0.000E+00 0.000E+00 0.000E+00 0.000E+00
 0.000E+00 0.000E+00 0.000E+00 0.000E+00 0.000E+00 0.000E+00 0.000E+00 0.000E+00
 0.000E+00 0.000E+00 0.000E+00 0.000E+00 0.000E+00 0.000E+00 0.000E+00 0.000E+00
 0.000E+00 0.000E+00 0.000E+00 0.000E+00 0.000E+00 0.000E+00 0.000E+00 0.000E+00
 4.605E-02 2.128E-01 7.078E-01 7.554E-01 1.761E+00 2.681E+00 3.473E+00 4.155E+00
 4.761E+00 5.305E+00 5.799E+00 6.252E+00 6.670E+00 7.057E+00 7.419E+00 7.752E+00
 8.060E+00 8.346E+00 8.866E+00 9.332E+00 9.754E+00 1.014E+01 1.049E+01 1.081E+01
 1.110E+01 1.231E+01 1.320E+01 1.389E+01 1.491E+01 1.564E+01 1.680E+01 1.749E+01
 1.830E+01 1.876E+01 1.907E+01 1.929E+01 1.958E+01 1.977E+01 2.004E+01 2.019E+01
 2.035E+01 2.044E+01 2.049E+01 2.053E+01 2.058E+01 2.061E+01 2.066E+01 2.068E+01
 2.070E+01 2.072E+01 2.073E+01 2.073E+01 2.074E+01 2.074E+01
 0.000E+00 0.000E+00 0.000E+00 0.000E+00 0.000E+00 0.000E+00 0.000E+00 0.000E+00
 0.000E+00 0.000E+00 0.000E+00 0.000E+00 0.000E+00 0.000E+00 0.000E+00 0.000E+00
 0.000E+00 0.000E+00 0.000E+00 0.000E+00 0.000E+00 0.000E+00 0.000E+00 0.000E+00
 0.000E+00 0.000E+00 0.000E+00 0.000E+00 0.000E+00 0.000E+00 0.000E+00 0.000E+00
 0.000E+00 0.000E+00 0.000E+00 0.000E+00 0.000E+00 0.000E+00 0.000E+00 0.000E+00
 0.000E+00 0.000E+00 0.000E+00 0.000E+00 2.256E-03 9.201E-03 1.831E-02 2.809E-02
 3.782E-02 4.725E-02 5.625E-02 6.480E-02 7.289E-02 8.050E-02 8.768E-02 9.450E-02
 1.010E-01 1.071E-01 1.184E-01 1.287E-01 1.382E-01 1.468E-01 1.548E-01 1.622E-01
 1.691E-01 1.976E-01 2.192E-01 2.363E-01 2.620E-01 2.807E-01 3.116E-01 3.311E-01
 3.549E-01 3.693E-01 3.791E-01 3.864E-01 3.964E-01 4.031E-01 4.132E-01 4.190E-01
 4.253E-01 4.290E-01 4.313E-01 4.330E-01 4.351E-01 4.365E-01 4.384E-01 4.395E-01
 4.405E-01 4.412E-01 4.416E-01 4.418E-01 4.421E-01 4.423E-01
     7
     3     3     3     7     3     3     8
  1.0000E-03  1.0306E-03  1.0622E-03
  1.0622E-03  1.0988E-03  1.1367E-03
  1.1367E-03  1.2122E-03  1.2928E-03
  1.2928E-03  1.5000E-03  2.0000E-03  3.0000E-03  4.0000E-03  5.0000E-03
  5.2470E-03
  5.2470E-03  5.4320E-03  5.6236E-03
  5.6236E-03  5.8033E-03  5.9888E-03
  5.9888E-03  6.0000E-03  8.0000E-03  1.0000E-02  1.5000E-02  2.0000E-02
  3.0000E-02  3.7441E-02
  1.9460E+06  1.8190E+06  1.7010E+06
  1.9470E+06  1.8121E+06  1.6870E+06
  1.7850E+06  1.5601E+06  1.3640E+06
  1.4250E+06  1.0240E+06  5.2700E+05  1.9680E+05  9.5500E+04  5.3890E+04
  4.7570E+04
  1.3790E+05  1.2693E+05  1.1680E+05
  1.5890E+05  1.4707E+05  1.3610E+05
  1.5710E+05  1.5630E+05  7.5220E+04  4.1740E+04  1.4020E+04  6.3680E+03
  2.0570E+03  1.1020E+03
