    72  178.490005
     9    98
    33    25    23    20    13    11     9     6     4
 K  L1 L2 L3 M1 M2 M3 M4 M5
  65350.8  11270.7  10739.4   9560.7   2600.9   2365.4   2107.6   1716.4
   1661.7
  1.00000E+03  1.50000E+03  1.66160E+03  1.66170E+03  1.71630E+03  1.71640E+03
  2.00000E+03  2.10750E+03  2.10760E+03  2.36530E+03  2.36540E+03  2.60080E+03
  2.60090E+03  3.00000E+03  4.00000E+03  5.00000E+03  6.00000E+03  8.00000E+03
  9.56060E+03  9.56070E+03  1.00000E+04  1.07393E+04  1.07394E+04  1.12706E+04
  1.12707E+04  1.50000E+04  2.00000E+04  3.00000E+04  4.00000E+04  5.00000E+04
  6.00000E+04  6.53507E+04  6.53508E+04  8.00000E+04  1.00000E+05  1.50000E+05
  2.00000E+05  3.00000E+05  4.00000E+05  5.00000E+05  6.00000E+05  8.00000E+05
  1.00000E+06  1.02200E+06  1.25000E+06  1.50000E+06  2.00000E+06  2.04400E+06
  3.00000E+06  4.00000E+06  5.00000E+06  6.00000E+06  7.00000E+06  8.00000E+06
  9.00000E+06  1.00000E+07  1.10000E+07  1.20000E+07  1.30000E+07  1.40000E+07
  1.50000E+07  1.60000E+07  1.80000E+07  2.00000E+07  2.20000E+07  2.40000E+07
  2.60000E+07  2.80000E+07  3.00000E+07  4.00000E+07  5.00000E+07  6.00000E+07
  8.00000E+07  1.00000E+08  1.50000E+08  2.00000E+08  3.00000E+08  4.00000E+08
  5.00000E+08  6.00000E+08  8.00000E+08  1.00000E+09  1.50000E+09  2.00000E+09
  3.00000E+09  4.00000E+09  5.00000E+09  6.00000E+09  8.00000E+09  1.00000E+10
  1.50000E+10  2.00000E+10  3.00000E+10  4.00000E+10  5.00000E+10  6.00000E+10
  8.00000E+10  1.00000E+11
 3.300E+03 3.159E+03 3.109E+03 3.109E+03 3.092E+03 3.092E+03 3.007E+03 2.973E+03
 2.973E+03 2.892E+03 2.892E+03 2.826E+03 2.826E+03 2.704E+03 2.418E+03 2.158E+03
 1.929E+03 1.554E+03 1.327E+03 1.327E+03 1.272E+03 1.186E+03 1.185E+03 1.129E+03
 1.129E+03 8.215E+02 5.802E+02 3.430E+02 2.254E+02 1.593E+02 1.194E+02 1.042E+02
 1.042E+02 7.500E+01 5.142E+01 2.512E+01 1.496E+01 7.096E+00 4.122E+00 2.689E+00
 1.891E+00 1.080E+00 6.975E-01 6.683E-01 4.494E-01 3.133E-01 1.770E-01 1.695E-01
 7.893E-02 4.445E-02 2.847E-02 1.977E-02 1.453E-02 1.113E-02 8.792E-03 7.122E-03
 5.886E-03 4.946E-03 4.215E-03 3.634E-03 3.166E-03 2.783E-03 2.199E-03 1.781E-03
 1.472E-03 1.237E-03 1.054E-03 9.086E-04 7.915E-04 4.452E-04 2.850E-04 1.979E-04
 1.113E-04 7.124E-05 3.166E-05 1.781E-05 7.915E-06 4.452E-06 2.849E-06 1.979E-06
 1.113E-06 7.124E-07 3.166E-07 1.781E-07 7.915E-08 4.452E-08 2.849E-08 1.979E-08
 1.113E-08 7.124E-09 3.166E-09 1.781E-09 7.915E-10 4.452E-10 2.849E-10 1.979E-10
 1.113E-10 7.124E-11
 1.368E+00 2.323E+00 2.624E+00 2.624E+00 2.724E+00 2.725E+00 3.233E+00 3.428E+00
 3.428E+00 3.891E+00 3.891E+00 4.310E+00 4.310E+00 5.008E+00 6.689E+00 8.262E+00
 9.716E+00 1.226E+01 1.395E+01 1.395E+01 1.439E+01 1.510E+01 1.510E+01 1.559E+01
 1.559E+01 1.860E+01 2.176E+01 2.593E+01 2.822E+01 2.948E+01 3.016E+01 3.038E+01
 3.038E+01 3.061E+01 3.042E+01 2.900E+01 2.733E+01 2.442E+01 2.218E+01 2.041E+01
 1.898E+01 1.676E+01 1.511E+01 1.495E+01 1.354E+01 1.232E+01 1.053E+01 1.040E+01
 8.291E+00 6.920E+00 5.977E+00 5.284E+00 4.750E+00 4.323E+00 3.974E+00 3.682E+00
 3.435E+00 3.221E+00 3.035E+00 2.871E+00 2.726E+00 2.596E+00 2.372E+00 2.188E+00
 2.032E+00 1.899E+00 1.783E+00 1.682E+00 1.593E+00 1.266E+00 1.057E+00 9.103E-01
 7.179E-01 5.959E-01 4.244E-01 3.327E-01 2.358E-01 1.847E-01 1.529E-01 1.309E-01
 1.022E-01 8.411E-02 5.874E-02 4.546E-02 3.161E-02 2.440E-02 1.995E-02 1.692E-02
 1.303E-02 1.064E-02 7.355E-03 5.654E-03 3.899E-03 2.994E-03 2.438E-03 2.061E-03
 1.580E-03 1.286E-03
 9.853E+05 4.382E+05 3.534E+05 4.376E+05 9.551E+05 1.077E+06 1.063E+06 9.315E+05
 1.081E+06 8.179E+05 8.694E+05 6.976E+05 7.279E+05 5.214E+05 2.601E+05 1.494E+05
 9.422E+04 4.499E+04 2.829E+04 7.444E+04 6.692E+04 5.495E+04 7.554E+04 6.719E+04
 7.768E+04 3.738E+04 1.744E+04 5.850E+03 2.659E+03 1.435E+03 8.641E+02 6.808E+02
 3.530E+03 2.073E+03 1.149E+03 3.837E+02 1.752E+02 5.902E+01 2.805E+01 1.615E+01
 1.049E+01 5.514E+00 3.463E+00 3.314E+00 2.234E+00 1.593E+00 9.652E-01 9.308E-01
 5.067E-01 3.329E-01 2.447E-01 1.921E-01 1.576E-01 1.333E-01 1.154E-01 1.016E-01
 9.067E-02 8.184E-02 7.456E-02 6.845E-02 6.325E-02 5.878E-02 5.148E-02 4.578E-02
 4.121E-02 3.747E-02 3.434E-02 3.169E-02 2.943E-02 2.166E-02 1.713E-02 1.417E-02
 1.052E-02 8.369E-03 5.536E-03 4.136E-03 2.746E-03 2.056E-03 1.643E-03 1.368E-03
 1.025E-03 8.193E-04 5.458E-04 4.092E-04 2.727E-04 2.045E-04 1.636E-04 1.363E-04
 1.022E-04 8.176E-05 5.450E-05 4.087E-05 2.725E-05 2.044E-05 1.635E-05 1.362E-05
 1.022E-05 8.174E-06
 0.000E+00 0.000E+00 0.000E+00 0.000E+00 0.000E+00 0.000E+00 0.000E+00 0.000E+00
 0.000E+00 0.000E+00 0.000E+00 0.000E+00 0.000E+00 0.000E+00 0.000E+00 0.000E+00
 0.000E+00 0.000E+00 0.000E+00 0.000E+00 0.000E+00 0.000E+00 0.000E+00 0.000E+00
 0.000E+00 0.000E+00 0.000E+00 0.000E+00 0.000E+00 0.000E+00 0.000E+00 0.000E+00
 0.000E+00 0.000E+00 0.000E+00 0.000E+00 0.000E+00 0.000E+00 0.000E+00 0.000E+00
 0.000E+00 0.000E+00 0.000E+00 0.000E+00 9.144E-02 4.264E-01 1.332E+00 1.414E+00
 3.065E+00 4.515E+00 5.735E+00 6.783E+00 7.708E+00 8.540E+00 9.296E+00 9.990E+00
 1.063E+01 1.123E+01 1.179E+01 1.231E+01 1.279E+01 1.324E+01 1.405E+01 1.478E+01
 1.544E+01 1.603E+01 1.658E+01 1.708E+01 1.755E+01 1.943E+01 2.083E+01 2.192E+01
 2.352E+01 2.465E+01 2.643E+01 2.749E+01 2.872E+01 2.942E+01 2.988E+01 3.021E+01
 3.065E+01 3.093E+01 3.134E+01 3.156E+01 3.180E+01 3.193E+01 3.201E+01 3.207E+01
 3.214E+01 3.219E+01 3.225E+01 3.229E+01 3.232E+01 3.234E+01 3.236E+01 3.236E+01
 3.237E+01 3.238E+01
 0.000E+00 0.000E+00 0.000E+00 0.000E+00 0.000E+00 0.000E+00 0.000E+00 0.000E+00
 0.000E+00 0.000E+00 0.000E+00 0.000E+00 0.000E+00 0.000E+00 0.000E+00 0.000E+00
 0.000E+00 0.000E+00 0.000E+00 0.000E+00 0.000E+00 0.000E+00 0.000E+00 0.000E+00
 0.000E+00 0.000E+00 0.000E+00 0.000E+00 0.000E+00 0.000E+00 0.000E+00 0.000E+00
 0.000E+00 0.000E+00 0.000E+00 0.000E+00 0.000E+00 0.000E+00 0.000E+00 0.000E+00
 0.000E+00 0.000E+00 0.000E+00 0.000E+00 0.000E+00 0.000E+00 0.000E+00 0.000E+00
 2.898E-03 1.181E-02 2.350E-02 3.603E-02 4.850E-02 6.055E-02 7.206E-02 8.298E-02
 9.330E-02 1.030E-01 1.122E-01 1.208E-01 1.291E-01 1.368E-01 1.513E-01 1.643E-01
 1.763E-01 1.872E-01 1.973E-01 2.066E-01 2.153E-01 2.510E-01 2.778E-01 2.989E-01
 3.305E-01 3.533E-01 3.907E-01 4.138E-01 4.419E-01 4.587E-01 4.700E-01 4.784E-01
 4.898E-01 4.974E-01 5.087E-01 5.151E-01 5.221E-01 5.262E-01 5.287E-01 5.305E-01
 5.328E-01 5.343E-01 5.363E-01 5.375E-01 5.386E-01 5.393E-01 5.397E-01 5.400E-01
 5.403E-01 5.405E-01
     9
     3     3     3     3     3     7     3     3     8
  1.0000E-03  1.5000E-03  1.6617E-03
  1.6617E-03  1.6888E-03  1.7164E-03
  1.7164E-03  2.0000E-03  2.1076E-03
  2.1076E-03  2.2328E-03  2.3654E-03
  2.3654E-03  2.4804E-03  2.6009E-03
  2.6009E-03  3.0000E-03  4.0000E-03  5.0000E-03  6.0000E-03  8.0000E-03
  9.5607E-03
  9.5607E-03  1.0000E-02  1.0739E-02
  1.0739E-02  1.1002E-02  1.1271E-02
  1.1271E-02  1.5000E-02  2.0000E-02  3.0000E-02  4.0000E-02  5.0000E-02
  6.0000E-02  6.5351E-02
  9.8530E+05  4.3820E+05  3.5340E+05
  4.3760E+05  6.4674E+05  9.5510E+05
  1.0770E+06  1.0630E+06  9.3150E+05
  1.0810E+06  9.4043E+05  8.1790E+05
  8.6940E+05  7.7876E+05  6.9760E+05
  7.2790E+05  5.2140E+05  2.6010E+05  1.4940E+05  9.4220E+04  4.4990E+04
  2.8290E+04
  7.4440E+04  6.6920E+04  5.4950E+04
  7.5540E+04  7.1244E+04  6.7190E+04
  7.7680E+04  3.7380E+04  1.7440E+04  5.8500E+03  2.6590E+03  1.4350E+03
  8.6410E+02  6.8080E+02
