    21   44.955898
     1    82
     7
 K 
   4492.8
  1.00000E+03  1.50000E+03  2.00000E+03  3.00000E+03  4.00000E+03  4.49270E+03
  4.49280E+03  5.00000E+03  6.00000E+03  8.00000E+03  1.00000E+04  1.50000E+04
  2.00000E+04  3.00000E+04  4.00000E+04  5.00000E+04  6.00000E+04  8.00000E+04
  1.00000E+05  1.50000E+05  2.00000E+05  3.00000E+05  4.00000E+05  5.00000E+05
  6.00000E+05  8.00000E+05  1.00000E+06  1.02200E+06  1.25000E+06  1.50000E+06
  2.00000E+06  2.04400E+06  3.00000E+06  4.00000E+06  5.00000E+06  6.00000E+06
  7.00000E+06  8.00000E+06  9.00000E+06  1.00000E+07  1.10000E+07  1.20000E+07
  1.30000E+07  1.40000E+07  1.50000E+07  1.60000E+07  1.80000E+07  2.00000E+07
  2.20000E+07  2.40000E+07  2.60000E+07  2.80000E+07  3.00000E+07  4.00000E+07
  5.00000E+07  6.00000E+07  8.00000E+07  1.00000E+08  1.50000E+08  2.00000E+08
  3.00000E+08  4.00000E+08  5.00000E+08  6.00000E+08  8.00000E+08  1.00000E+09
  1.50000E+09  2.00000E+09  3.00000E+09  4.00000E+09  5.00000E+09  6.00000E+09
  8.00000E+09  1.00000E+10  1.50000E+10  2.00000E+10  3.00000E+10  4.00000E+10
  5.00000E+10  6.00000E+10  8.00000E+10  1.00000E+11
 2.652E+02 2.422E+02 2.204E+02 1.833E+02 1.530E+02 1.401E+02 1.401E+02 1.284E+02
 1.092E+02 8.267E+01 6.597E+01 4.197E+01 2.852E+01 1.540E+01 9.736E+00 6.765E+00
 4.983E+00 3.017E+00 2.013E+00 9.449E-01 5.460E-01 2.487E-01 1.413E-01 9.090E-02
 6.331E-02 3.571E-02 2.289E-02 2.192E-02 1.466E-02 1.019E-02 5.733E-03 5.489E-03
 2.549E-03 1.434E-03 9.178E-04 6.373E-04 4.683E-04 3.585E-04 2.833E-04 2.294E-04
 1.896E-04 1.593E-04 1.358E-04 1.171E-04 1.020E-04 8.963E-05 7.082E-05 5.736E-05
 4.741E-05 3.984E-05 3.394E-05 2.927E-05 2.550E-05 1.434E-05 9.178E-06 6.374E-06
 3.585E-06 2.294E-06 1.020E-06 5.736E-07 2.549E-07 1.434E-07 9.178E-08 6.373E-08
 3.585E-08 2.294E-08 1.020E-08 5.736E-09 2.549E-09 1.434E-09 9.178E-10 6.373E-10
 3.585E-10 2.294E-10 1.020E-10 5.736E-11 2.549E-11 1.434E-11 9.178E-12 6.373E-12
 3.585E-12 2.294E-12
 9.712E-01 1.570E+00 2.087E+00 3.032E+00 3.881E+00 4.262E+00 4.262E+00 4.627E+00
 5.277E+00 6.314E+00 7.077E+00 8.354E+00 9.162E+00 9.992E+00 1.029E+01 1.037E+01
 1.034E+01 1.013E+01 9.833E+00 9.059E+00 8.385E+00 7.353E+00 6.612E+00 6.049E+00
 5.602E+00 4.928E+00 4.433E+00 4.386E+00 3.965E+00 3.605E+00 3.077E+00 3.039E+00
 2.421E+00 2.020E+00 1.744E+00 1.542E+00 1.386E+00 1.261E+00 1.159E+00 1.074E+00
 1.002E+00 9.396E-01 8.852E-01 8.375E-01 7.951E-01 7.572E-01 6.920E-01 6.382E-01
 5.928E-01 5.539E-01 5.201E-01 4.906E-01 4.646E-01 3.692E-01 3.082E-01 2.655E-01
 2.094E-01 1.738E-01 1.238E-01 9.705E-02 6.878E-02 5.387E-02 4.459E-02 3.818E-02
 2.982E-02 2.453E-02 1.713E-02 1.326E-02 9.220E-03 7.117E-03 5.819E-03 4.934E-03
 3.802E-03 3.104E-03 2.145E-03 1.649E-03 1.137E-03 8.732E-04 7.110E-04 6.010E-04
 4.609E-04 3.749E-04
 3.907E+05 1.384E+05 6.476E+04 2.163E+04 9.790E+03 7.088E+03 6.068E+04 4.694E+04
 2.925E+04 1.356E+04 7.356E+03 2.340E+03 1.014E+03 3.037E+02 1.270E+02 6.403E+01
 3.643E+01 1.486E+01 7.395E+00 2.079E+00 8.521E-01 2.508E-01 1.098E-01 6.000E-02
 3.765E-02 1.913E-02 1.190E-02 1.127E-02 7.629E-03 5.511E-03 3.413E-03 3.297E-03
 1.864E-03 1.261E-03 9.472E-04 7.561E-04 6.282E-04 5.368E-04 4.684E-04 4.153E-04
 3.729E-04 3.383E-04 3.095E-04 2.853E-04 2.645E-04 2.465E-04 2.170E-04 1.938E-04
 1.751E-04 1.596E-04 1.467E-04 1.356E-04 1.262E-04 9.350E-05 7.426E-05 6.159E-05
 4.591E-05 3.659E-05 2.428E-05 1.816E-05 1.208E-05 9.047E-06 7.232E-06 6.024E-06
 4.515E-06 3.611E-06 2.406E-06 1.804E-06 1.202E-06 9.017E-07 7.213E-07 6.011E-07
 4.508E-07 3.606E-07 2.404E-07 1.803E-07 1.202E-07 9.014E-08 7.211E-08 6.009E-08
 4.507E-08 3.605E-08
 0.000E+00 0.000E+00 0.000E+00 0.000E+00 0.000E+00 0.000E+00 0.000E+00 0.000E+00
 0.000E+00 0.000E+00 0.000E+00 0.000E+00 0.000E+00 0.000E+00 0.000E+00 0.000E+00
 0.000E+00 0.000E+00 0.000E+00 0.000E+00 0.000E+00 0.000E+00 0.000E+00 0.000E+00
 0.000E+00 0.000E+00 0.000E+00 0.000E+00 3.983E-03 2.083E-02 8.107E-02 8.736E-02
 2.267E-01 3.640E-01 4.857E-01 5.944E-01 6.910E-01 7.780E-01 8.567E-01 9.280E-01
 9.928E-01 1.052E+00 1.107E+00 1.158E+00 1.206E+00 1.251E+00 1.333E+00 1.406E+00
 1.472E+00 1.532E+00 1.587E+00 1.638E+00 1.685E+00 1.877E+00 2.020E+00 2.132E+00
 2.298E+00 2.418E+00 2.612E+00 2.731E+00 2.871E+00 2.952E+00 3.007E+00 3.046E+00
 3.099E+00 3.133E+00 3.183E+00 3.210E+00 3.239E+00 3.255E+00 3.266E+00 3.273E+00
 3.282E+00 3.288E+00 3.296E+00 3.300E+00 3.305E+00 3.307E+00 3.309E+00 3.310E+00
 3.311E+00 3.312E+00
 0.000E+00 0.000E+00 0.000E+00 0.000E+00 0.000E+00 0.000E+00 0.000E+00 0.000E+00
 0.000E+00 0.000E+00 0.000E+00 0.000E+00 0.000E+00 0.000E+00 0.000E+00 0.000E+00
 0.000E+00 0.000E+00 0.000E+00 0.000E+00 0.000E+00 0.000E+00 0.000E+00 0.000E+00
 0.000E+00 0.000E+00 0.000E+00 0.000E+00 0.000E+00 0.000E+00 0.000E+00 0.000E+00
 8.473E-04 3.459E-03 6.892E-03 1.058E-02 1.427E-02 1.784E-02 2.126E-02 2.452E-02
 2.760E-02 3.052E-02 3.327E-02 3.590E-02 3.838E-02 4.075E-02 4.515E-02 4.917E-02
 5.286E-02 5.626E-02 5.941E-02 6.234E-02 6.507E-02 7.649E-02 8.527E-02 9.232E-02
 1.031E-01 1.111E-01 1.246E-01 1.333E-01 1.441E-01 1.508E-01 1.555E-01 1.589E-01
 1.638E-01 1.670E-01 1.720E-01 1.749E-01 1.780E-01 1.799E-01 1.810E-01 1.819E-01
 1.830E-01 1.837E-01 1.846E-01 1.852E-01 1.857E-01 1.861E-01 1.863E-01 1.864E-01
 1.865E-01 1.867E-01
     1
     6
  1.0000E-03  1.5000E-03  2.0000E-03  3.0000E-03  4.0000E-03  4.4928E-03
  3.9070E+05  1.3840E+05  6.4760E+04  2.1630E+04  9.7900E+03  7.0880E+03
