    27   58.933201
     1    82
     9
 K 
   7708.9
  1.00000E+03  1.50000E+03  2.00000E+03  3.00000E+03  4.00000E+03  5.00000E+03
  6.00000E+03  7.70880E+03  7.70890E+03  8.00000E+03  1.00000E+04  1.50000E+04
  2.00000E+04  3.00000E+04  4.00000E+04  5.00000E+04  6.00000E+04  8.00000E+04
  1.00000E+05  1.50000E+05  2.00000E+05  3.00000E+05  4.00000E+05  5.00000E+05
  6.00000E+05  8.00000E+05  1.00000E+06  1.02200E+06  1.25000E+06  1.50000E+06
  2.00000E+06  2.04400E+06  3.00000E+06  4.00000E+06  5.00000E+06  6.00000E+06
  7.00000E+06  8.00000E+06  9.00000E+06  1.00000E+07  1.10000E+07  1.20000E+07
  1.30000E+07  1.40000E+07  1.50000E+07  1.60000E+07  1.80000E+07  2.00000E+07
  2.20000E+07  2.40000E+07  2.60000E+07  2.80000E+07  3.00000E+07  4.00000E+07
  5.00000E+07  6.00000E+07  8.00000E+07  1.00000E+08  1.50000E+08  2.00000E+08
  3.00000E+08  4.00000E+08  5.00000E+08  6.00000E+08  8.00000E+08  1.00000E+09
  1.50000E+09  2.00000E+09  3.00000E+09  4.00000E+09  5.00000E+09  6.00000E+09
  8.00000E+09  1.00000E+10  1.50000E+10  2.00000E+10  3.00000E+10  4.00000E+10
  5.00000E+10  6.00000E+10  8.00000E+10  1.00000E+11
 4.559E+02 4.280E+02 3.983E+02 3.417E+02 2.917E+02 2.487E+02 2.127E+02 1.655E+02
 1.655E+02 1.591E+02 1.236E+02 7.617E+01 5.276E+01 2.919E+01 1.840E+01 1.274E+01
 9.392E+00 5.737E+00 3.861E+00 1.829E+00 1.061E+00 4.860E-01 2.770E-01 1.785E-01
 1.245E-01 7.032E-02 4.510E-02 4.318E-02 2.890E-02 2.008E-02 1.131E-02 1.082E-02
 5.027E-03 2.828E-03 1.810E-03 1.257E-03 9.237E-04 7.072E-04 5.588E-04 4.526E-04
 3.741E-04 3.143E-04 2.678E-04 2.309E-04 2.012E-04 1.768E-04 1.397E-04 1.132E-04
 9.352E-05 7.858E-05 6.696E-05 5.773E-05 5.029E-05 2.829E-05 1.811E-05 1.257E-05
 7.072E-06 4.526E-06 2.012E-06 1.131E-06 5.029E-07 2.829E-07 1.810E-07 1.257E-07
 7.072E-08 4.526E-08 2.012E-08 1.131E-08 5.029E-09 2.829E-09 1.810E-09 1.257E-09
 7.072E-10 4.526E-10 2.012E-10 1.131E-10 5.029E-11 2.829E-11 1.810E-11 1.257E-11
 7.072E-12 4.526E-12
 7.869E-01 1.387E+00 1.941E+00 2.955E+00 3.903E+00 4.777E+00 5.571E+00 6.759E+00
 6.759E+00 6.941E+00 8.052E+00 9.945E+00 1.108E+01 1.230E+01 1.282E+01 1.300E+01
 1.300E+01 1.279E+01 1.246E+01 1.154E+01 1.071E+01 9.420E+00 8.481E+00 7.764E+00
 7.194E+00 6.330E+00 5.696E+00 5.636E+00 5.096E+00 4.633E+00 3.955E+00 3.907E+00
 3.113E+00 2.597E+00 2.243E+00 1.982E+00 1.782E+00 1.622E+00 1.491E+00 1.381E+00
 1.288E+00 1.208E+00 1.138E+00 1.077E+00 1.022E+00 9.735E-01 8.897E-01 8.205E-01
 7.621E-01 7.121E-01 6.687E-01 6.308E-01 5.973E-01 4.747E-01 3.962E-01 3.414E-01
 2.692E-01 2.235E-01 1.591E-01 1.248E-01 8.844E-02 6.926E-02 5.733E-02 4.909E-02
 3.834E-02 3.154E-02 2.203E-02 1.705E-02 1.185E-02 9.150E-03 7.481E-03 6.344E-03
 4.888E-03 3.991E-03 2.758E-03 2.120E-03 1.462E-03 1.123E-03 9.142E-04 7.728E-04
 5.925E-04 4.821E-04
 9.581E+05 3.613E+05 1.737E+05 5.963E+04 2.740E+04 1.485E+04 8.953E+03 4.438E+03
 3.462E+04 3.162E+04 1.789E+04 5.982E+03 2.679E+03 8.355E+02 3.583E+02 1.841E+02
 1.062E+02 4.424E+01 2.233E+01 6.427E+00 2.673E+00 8.009E-01 3.544E-01 1.948E-01
 1.227E-01 6.252E-02 3.890E-02 3.693E-02 2.497E-02 1.800E-02 1.109E-02 1.072E-02
 6.016E-03 4.049E-03 3.029E-03 2.412E-03 2.000E-03 1.706E-03 1.487E-03 1.317E-03
 1.181E-03 1.071E-03 9.791E-04 9.017E-04 8.357E-04 7.785E-04 6.848E-04 6.112E-04
 5.518E-04 5.029E-04 4.619E-04 4.271E-04 3.971E-04 2.940E-04 2.334E-04 1.935E-04
 1.441E-04 1.148E-04 7.616E-05 5.697E-05 3.787E-05 2.837E-05 2.268E-05 1.889E-05
 1.416E-05 1.132E-05 7.542E-06 5.655E-06 3.769E-06 2.826E-06 2.261E-06 1.884E-06
 1.413E-06 1.130E-06 7.535E-07 5.651E-07 3.767E-07 2.825E-07 2.260E-07 1.884E-07
 1.413E-07 1.130E-07
 0.000E+00 0.000E+00 0.000E+00 0.000E+00 0.000E+00 0.000E+00 0.000E+00 0.000E+00
 0.000E+00 0.000E+00 0.000E+00 0.000E+00 0.000E+00 0.000E+00 0.000E+00 0.000E+00
 0.000E+00 0.000E+00 0.000E+00 0.000E+00 0.000E+00 0.000E+00 0.000E+00 0.000E+00
 0.000E+00 0.000E+00 0.000E+00 0.000E+00 7.130E-03 3.613E-02 1.369E-01 1.473E-01
 3.788E-01 6.043E-01 8.034E-01 9.807E-01 1.138E+00 1.280E+00 1.408E+00 1.524E+00
 1.630E+00 1.726E+00 1.815E+00 1.899E+00 1.976E+00 2.049E+00 2.183E+00 2.302E+00
 2.410E+00 2.508E+00 2.598E+00 2.680E+00 2.756E+00 3.065E+00 3.296E+00 3.478E+00
 3.748E+00 3.941E+00 4.251E+00 4.437E+00 4.655E+00 4.781E+00 4.864E+00 4.924E+00
 5.003E+00 5.054E+00 5.129E+00 5.169E+00 5.213E+00 5.237E+00 5.252E+00 5.262E+00
 5.276E+00 5.285E+00 5.296E+00 5.303E+00 5.309E+00 5.313E+00 5.315E+00 5.317E+00
 5.319E+00 5.320E+00
 0.000E+00 0.000E+00 0.000E+00 0.000E+00 0.000E+00 0.000E+00 0.000E+00 0.000E+00
 0.000E+00 0.000E+00 0.000E+00 0.000E+00 0.000E+00 0.000E+00 0.000E+00 0.000E+00
 0.000E+00 0.000E+00 0.000E+00 0.000E+00 0.000E+00 0.000E+00 0.000E+00 0.000E+00
 0.000E+00 0.000E+00 0.000E+00 0.000E+00 0.000E+00 0.000E+00 0.000E+00 0.000E+00
 1.089E-03 4.447E-03 8.858E-03 1.360E-02 1.833E-02 2.291E-02 2.730E-02 3.148E-02
 3.543E-02 3.917E-02 4.270E-02 4.606E-02 4.924E-02 5.227E-02 5.789E-02 6.302E-02
 6.773E-02 7.206E-02 7.608E-02 7.981E-02 8.328E-02 9.778E-02 1.089E-01 1.178E-01
 1.313E-01 1.412E-01 1.578E-01 1.684E-01 1.814E-01 1.893E-01 1.947E-01 1.987E-01
 2.042E-01 2.080E-01 2.135E-01 2.167E-01 2.201E-01 2.222E-01 2.234E-01 2.243E-01
 2.255E-01 2.262E-01 2.273E-01 2.278E-01 2.284E-01 2.288E-01 2.290E-01 2.291E-01
 2.293E-01 2.294E-01
     1
     8
  1.0000E-03  1.5000E-03  2.0000E-03  3.0000E-03  4.0000E-03  5.0000E-03
  6.0000E-03  7.7089E-03
  9.5810E+05  3.6130E+05  1.7370E+05  5.9630E+04  2.7400E+04  1.4850E+04
  8.9530E+03  4.4380E+03
