    50  118.690002
     4    88
    19    11     9     6
 K  L1 L2 L3
  29200.1   4464.7   4156.1   3928.8
  1.00000E+03  1.50000E+03  2.00000E+03  3.00000E+03  3.92870E+03  3.92880E+03
  4.00000E+03  4.15600E+03  4.15610E+03  4.46460E+03  4.46470E+03  5.00000E+03
  6.00000E+03  8.00000E+03  1.00000E+04  1.50000E+04  2.00000E+04  2.92000E+04
  2.92001E+04  3.00000E+04  4.00000E+04  5.00000E+04  6.00000E+04  8.00000E+04
  1.00000E+05  1.50000E+05  2.00000E+05  3.00000E+05  4.00000E+05  5.00000E+05
  6.00000E+05  8.00000E+05  1.00000E+06  1.02200E+06  1.25000E+06  1.50000E+06
  2.00000E+06  2.04400E+06  3.00000E+06  4.00000E+06  5.00000E+06  6.00000E+06
  7.00000E+06  8.00000E+06  9.00000E+06  1.00000E+07  1.10000E+07  1.20000E+07
  1.30000E+07  1.40000E+07  1.50000E+07  1.60000E+07  1.80000E+07  2.00000E+07
  2.20000E+07  2.40000E+07  2.60000E+07  2.80000E+07  3.00000E+07  4.00000E+07
  5.00000E+07  6.00000E+07  8.00000E+07  1.00000E+08  1.50000E+08  2.00000E+08
  3.00000E+08  4.00000E+08  5.00000E+08  6.00000E+08  8.00000E+08  1.00000E+09
  1.50000E+09  2.00000E+09  3.00000E+09  4.00000E+09  5.00000E+09  6.00000E+09
  8.00000E+09  1.00000E+10  1.50000E+10  2.00000E+10  3.00000E+10  4.00000E+10
  5.00000E+10  6.00000E+10  8.00000E+10  1.00000E+11
 1.577E+03 1.492E+03 1.400E+03 1.223E+03 1.077E+03 1.077E+03 1.066E+03 1.044E+03
 1.044E+03 1.001E+03 1.001E+03 9.309E+02 8.164E+02 6.419E+02 5.218E+02 3.438E+02
 2.418E+02 1.418E+02 1.418E+02 1.363E+02 8.897E+01 6.305E+01 4.688E+01 2.871E+01
 1.944E+01 9.442E+00 5.573E+00 2.593E+00 1.491E+00 9.670E-01 6.772E-01 3.846E-01
 2.474E-01 2.370E-01 1.589E-01 1.105E-01 6.231E-02 5.966E-02 2.773E-02 1.561E-02
 9.992E-03 6.940E-03 5.099E-03 3.904E-03 3.085E-03 2.499E-03 2.065E-03 1.735E-03
 1.479E-03 1.275E-03 1.111E-03 9.761E-04 7.713E-04 6.247E-04 5.163E-04 4.339E-04
 3.697E-04 3.188E-04 2.777E-04 1.562E-04 9.996E-05 6.942E-05 3.905E-05 2.499E-05
 1.111E-05 6.247E-06 2.777E-06 1.562E-06 9.996E-07 6.941E-07 3.905E-07 2.499E-07
 1.111E-07 6.247E-08 2.777E-08 1.562E-08 9.996E-09 6.941E-09 3.905E-09 2.499E-09
 1.111E-09 6.247E-10 2.777E-10 1.562E-10 9.996E-11 6.941E-11 3.905E-11 2.499E-11
 1.039E+00 1.909E+00 2.770E+00 4.341E+00 5.634E+00 5.634E+00 5.728E+00 5.932E+00
 5.932E+00 6.323E+00 6.324E+00 6.979E+00 8.126E+00 1.018E+01 1.196E+01 1.524E+01
 1.736E+01 1.974E+01 1.974E+01 1.989E+01 2.123E+01 2.193E+01 2.226E+01 2.232E+01
 2.198E+01 2.067E+01 1.936E+01 1.719E+01 1.555E+01 1.428E+01 1.325E+01 1.168E+01
 1.052E+01 1.041E+01 9.421E+00 8.569E+00 7.318E+00 7.228E+00 5.761E+00 4.807E+00
 4.152E+00 3.670E+00 3.299E+00 3.003E+00 2.760E+00 2.557E+00 2.385E+00 2.237E+00
 2.107E+00 1.994E+00 1.893E+00 1.803E+00 1.648E+00 1.519E+00 1.411E+00 1.319E+00
 1.238E+00 1.168E+00 1.106E+00 8.790E-01 7.337E-01 6.322E-01 4.986E-01 4.138E-01
 2.947E-01 2.311E-01 1.638E-01 1.283E-01 1.062E-01 9.091E-02 7.100E-02 5.841E-02
 4.079E-02 3.157E-02 2.195E-02 1.695E-02 1.385E-02 1.175E-02 9.051E-03 7.390E-03
 5.107E-03 3.927E-03 2.708E-03 2.079E-03 1.693E-03 1.431E-03 1.097E-03 8.927E-04
 1.606E+06 6.482E+05 3.268E+05 1.198E+05 6.031E+04 1.814E+05 1.841E+05 1.659E+05
 2.246E+05 1.904E+05 2.192E+05 1.660E+05 1.035E+05 4.864E+04 2.675E+04 8.835E+03
 3.971E+03 1.368E+03 8.430E+03 7.968E+03 3.719E+03 2.024E+03 1.225E+03 5.460E+02
 2.891E+02 8.996E+01 3.933E+01 1.252E+01 5.746E+00 3.231E+00 2.066E+00 1.068E+00
 6.664E-01 6.342E-01 4.277E-01 3.064E-01 1.866E-01 1.801E-01 9.918E-02 6.578E-02
 4.870E-02 3.846E-02 3.169E-02 2.690E-02 2.335E-02 2.061E-02 1.843E-02 1.667E-02
 1.521E-02 1.398E-02 1.294E-02 1.204E-02 1.056E-02 9.406E-03 8.478E-03 7.716E-03
 7.079E-03 6.538E-03 6.074E-03 4.483E-03 3.551E-03 2.940E-03 2.186E-03 1.740E-03
 1.152E-03 8.614E-04 5.723E-04 4.285E-04 3.425E-04 2.852E-04 2.137E-04 1.709E-04
 1.138E-04 8.535E-05 5.688E-05 4.266E-05 3.412E-05 2.843E-05 2.132E-05 1.706E-05
 1.137E-05 8.528E-06 5.685E-06 4.264E-06 3.411E-06 2.842E-06 2.132E-06 1.705E-06
 0.000E+00 0.000E+00 0.000E+00 0.000E+00 0.000E+00 0.000E+00 0.000E+00 0.000E+00
 0.000E+00 0.000E+00 0.000E+00 0.000E+00 0.000E+00 0.000E+00 0.000E+00 0.000E+00
 0.000E+00 0.000E+00 0.000E+00 0.000E+00 0.000E+00 0.000E+00 0.000E+00 0.000E+00
 0.000E+00 0.000E+00 0.000E+00 0.000E+00 0.000E+00 0.000E+00 0.000E+00 0.000E+00
 0.000E+00 0.000E+00 3.392E-02 1.576E-01 5.389E-01 5.761E-01 1.377E+00 2.123E+00
 2.767E+00 3.323E+00 3.819E+00 4.264E+00 4.669E+00 5.040E+00 5.382E+00 5.697E+00
 5.990E+00 6.260E+00 6.509E+00 6.741E+00 7.165E+00 7.545E+00 7.889E+00 8.202E+00
 8.488E+00 8.749E+00 8.990E+00 9.969E+00 1.069E+01 1.126E+01 1.209E+01 1.269E+01
 1.363E+01 1.419E+01 1.485E+01 1.522E+01 1.547E+01 1.565E+01 1.589E+01 1.604E+01
 1.626E+01 1.638E+01 1.651E+01 1.658E+01 1.662E+01 1.666E+01 1.670E+01 1.672E+01
 1.676E+01 1.678E+01 1.680E+01 1.681E+01 1.681E+01 1.682E+01 1.682E+01 1.683E+01
 0.000E+00 0.000E+00 0.000E+00 0.000E+00 0.000E+00 0.000E+00 0.000E+00 0.000E+00
 0.000E+00 0.000E+00 0.000E+00 0.000E+00 0.000E+00 0.000E+00 0.000E+00 0.000E+00
 0.000E+00 0.000E+00 0.000E+00 0.000E+00 0.000E+00 0.000E+00 0.000E+00 0.000E+00
 0.000E+00 0.000E+00 0.000E+00 0.000E+00 0.000E+00 0.000E+00 0.000E+00 0.000E+00
 0.000E+00 0.000E+00 0.000E+00 0.000E+00 0.000E+00 0.000E+00 2.015E-03 8.220E-03
 1.636E-02 2.510E-02 3.381E-02 4.224E-02 5.030E-02 5.795E-02 6.519E-02 7.202E-02
 7.845E-02 8.457E-02 9.036E-02 9.586E-02 1.060E-01 1.153E-01 1.238E-01 1.316E-01
 1.387E-01 1.454E-01 1.516E-01 1.772E-01 1.967E-01 2.121E-01 2.353E-01 2.522E-01
 2.801E-01 2.976E-01 3.190E-01 3.318E-01 3.406E-01 3.470E-01 3.559E-01 3.618E-01
 3.706E-01 3.756E-01 3.810E-01 3.842E-01 3.862E-01 3.875E-01 3.894E-01 3.905E-01
 3.921E-01 3.930E-01 3.939E-01 3.944E-01 3.948E-01 3.950E-01 3.952E-01 3.954E-01
     4
     5     3     3     8
  1.0000E-03  1.5000E-03  2.0000E-03  3.0000E-03  3.9288E-03
  3.9288E-03  4.0000E-03  4.1561E-03
  4.1561E-03  4.3076E-03  4.4647E-03
  4.4647E-03  5.0000E-03  6.0000E-03  8.0000E-03  1.0000E-02  1.5000E-02
  2.0000E-02  2.9200E-02
  1.6060E+06  6.4820E+05  3.2680E+05  1.1980E+05  6.0310E+04
  1.8140E+05  1.8410E+05  1.6590E+05
  2.2460E+05  2.0685E+05  1.9040E+05
  2.1920E+05  1.6600E+05  1.0350E+05  4.8640E+04  2.6750E+04  8.8350E+03
  3.9710E+03  1.3680E+03
