    23   50.941502
     1    82
     8
 K 
   5465.1
  1.00000E+03  1.50000E+03  2.00000E+03  3.00000E+03  4.00000E+03  5.00000E+03
  5.46500E+03  5.46510E+03  6.00000E+03  8.00000E+03  1.00000E+04  1.50000E+04
  2.00000E+04  3.00000E+04  4.00000E+04  5.00000E+04  6.00000E+04  8.00000E+04
  1.00000E+05  1.50000E+05  2.00000E+05  3.00000E+05  4.00000E+05  5.00000E+05
  6.00000E+05  8.00000E+05  1.00000E+06  1.02200E+06  1.25000E+06  1.50000E+06
  2.00000E+06  2.04400E+06  3.00000E+06  4.00000E+06  5.00000E+06  6.00000E+06
  7.00000E+06  8.00000E+06  9.00000E+06  1.00000E+07  1.10000E+07  1.20000E+07
  1.30000E+07  1.40000E+07  1.50000E+07  1.60000E+07  1.80000E+07  2.00000E+07
  2.20000E+07  2.40000E+07  2.60000E+07  2.80000E+07  3.00000E+07  4.00000E+07
  5.00000E+07  6.00000E+07  8.00000E+07  1.00000E+08  1.50000E+08  2.00000E+08
  3.00000E+08  4.00000E+08  5.00000E+08  6.00000E+08  8.00000E+08  1.00000E+09
  1.50000E+09  2.00000E+09  3.00000E+09  4.00000E+09  5.00000E+09  6.00000E+09
  8.00000E+09  1.00000E+10  1.50000E+10  2.00000E+10  3.00000E+10  4.00000E+10
  5.00000E+10  6.00000E+10  8.00000E+10  1.00000E+11
 3.233E+02 2.981E+02 2.732E+02 2.289E+02 1.920E+02 1.617E+02 1.497E+02 1.497E+02
 1.374E+02 1.030E+02 8.126E+01 5.150E+01 3.544E+01 1.927E+01 1.217E+01 8.453E+00
 6.236E+00 3.793E+00 2.539E+00 1.196E+00 6.919E-01 3.159E-01 1.797E-01 1.157E-01
 8.059E-02 4.548E-02 2.916E-02 2.792E-02 1.868E-02 1.298E-02 7.305E-03 6.994E-03
 3.248E-03 1.827E-03 1.169E-03 8.122E-04 5.967E-04 4.569E-04 3.610E-04 2.924E-04
 2.417E-04 2.031E-04 1.730E-04 1.492E-04 1.300E-04 1.142E-04 9.025E-05 7.310E-05
 6.041E-05 5.076E-05 4.326E-05 3.730E-05 3.249E-05 1.827E-05 1.170E-05 8.122E-06
 4.569E-06 2.924E-06 1.299E-06 7.309E-07 3.249E-07 1.827E-07 1.170E-07 8.122E-08
 4.568E-08 2.924E-08 1.299E-08 7.309E-09 3.249E-09 1.827E-09 1.170E-09 8.122E-10
 4.568E-10 2.924E-10 1.299E-10 7.309E-11 3.249E-11 1.827E-11 1.170E-11 8.122E-12
 4.568E-12 2.924E-12
 9.062E-01 1.520E+00 2.059E+00 3.041E+00 3.936E+00 4.734E+00 5.074E+00 5.074E+00
 5.442E+00 6.610E+00 7.497E+00 8.950E+00 9.846E+00 1.080E+01 1.116E+01 1.126E+01
 1.124E+01 1.103E+01 1.072E+01 9.891E+00 9.164E+00 8.044E+00 7.236E+00 6.622E+00
 6.133E+00 5.395E+00 4.854E+00 4.803E+00 4.342E+00 3.948E+00 3.370E+00 3.328E+00
 2.652E+00 2.212E+00 1.911E+00 1.689E+00 1.518E+00 1.381E+00 1.270E+00 1.177E+00
 1.097E+00 1.029E+00 9.696E-01 9.172E-01 8.708E-01 8.293E-01 7.579E-01 6.989E-01
 6.492E-01 6.066E-01 5.697E-01 5.374E-01 5.088E-01 4.043E-01 3.375E-01 2.908E-01
 2.293E-01 1.904E-01 1.356E-01 1.063E-01 7.533E-02 5.900E-02 4.884E-02 4.182E-02
 3.266E-02 2.687E-02 1.876E-02 1.452E-02 1.010E-02 7.795E-03 6.373E-03 5.404E-03
 4.164E-03 3.400E-03 2.349E-03 1.806E-03 1.246E-03 9.563E-04 7.788E-04 6.583E-04
 5.048E-04 4.107E-04
 5.491E+05 1.978E+05 9.328E+04 3.143E+04 1.429E+04 7.693E+03 6.000E+03 4.950E+04
 3.951E+04 1.864E+04 1.021E+04 3.308E+03 1.450E+03 4.406E+02 1.858E+02 9.427E+01
 5.390E+01 2.215E+01 1.108E+01 3.139E+00 1.293E+00 3.829E-01 1.683E-01 9.211E-02
 5.787E-02 2.943E-02 1.830E-02 1.736E-02 1.175E-02 8.479E-03 5.241E-03 5.064E-03
 2.856E-03 1.929E-03 1.446E-03 1.154E-03 9.577E-04 8.180E-04 7.134E-04 6.323E-04
 5.675E-04 5.148E-04 4.709E-04 4.339E-04 4.022E-04 3.748E-04 3.299E-04 2.945E-04
 2.660E-04 2.425E-04 2.228E-04 2.060E-04 1.916E-04 1.420E-04 1.127E-04 9.346E-05
 6.966E-05 5.552E-05 3.682E-05 2.755E-05 1.832E-05 1.372E-05 1.097E-05 9.136E-06
 6.848E-06 5.476E-06 3.649E-06 2.736E-06 1.824E-06 1.367E-06 1.094E-06 9.115E-07
 6.836E-07 5.469E-07 3.646E-07 2.734E-07 1.823E-07 1.367E-07 1.094E-07 9.113E-08
 6.835E-08 5.468E-08
 0.000E+00 0.000E+00 0.000E+00 0.000E+00 0.000E+00 0.000E+00 0.000E+00 0.000E+00
 0.000E+00 0.000E+00 0.000E+00 0.000E+00 0.000E+00 0.000E+00 0.000E+00 0.000E+00
 0.000E+00 0.000E+00 0.000E+00 0.000E+00 0.000E+00 0.000E+00 0.000E+00 0.000E+00
 0.000E+00 0.000E+00 0.000E+00 0.000E+00 4.902E-03 2.535E-02 9.804E-02 1.056E-01
 2.728E-01 4.373E-01 5.828E-01 7.126E-01 8.280E-01 9.318E-01 1.026E+00 1.111E+00
 1.188E+00 1.259E+00 1.325E+00 1.386E+00 1.443E+00 1.496E+00 1.594E+00 1.681E+00
 1.760E+00 1.832E+00 1.898E+00 1.958E+00 2.014E+00 2.242E+00 2.413E+00 2.546E+00
 2.744E+00 2.887E+00 3.117E+00 3.257E+00 3.422E+00 3.519E+00 3.582E+00 3.628E+00
 3.689E+00 3.729E+00 3.787E+00 3.818E+00 3.853E+00 3.871E+00 3.883E+00 3.891E+00
 3.901E+00 3.908E+00 3.917E+00 3.922E+00 3.928E+00 3.930E+00 3.932E+00 3.933E+00
 3.935E+00 3.936E+00
 0.000E+00 0.000E+00 0.000E+00 0.000E+00 0.000E+00 0.000E+00 0.000E+00 0.000E+00
 0.000E+00 0.000E+00 0.000E+00 0.000E+00 0.000E+00 0.000E+00 0.000E+00 0.000E+00
 0.000E+00 0.000E+00 0.000E+00 0.000E+00 0.000E+00 0.000E+00 0.000E+00 0.000E+00
 0.000E+00 0.000E+00 0.000E+00 0.000E+00 0.000E+00 0.000E+00 0.000E+00 0.000E+00
 9.280E-04 3.788E-03 7.547E-03 1.159E-02 1.562E-02 1.953E-02 2.328E-02 2.684E-02
 3.022E-02 3.341E-02 3.642E-02 3.929E-02 4.201E-02 4.460E-02 4.940E-02 5.379E-02
 5.782E-02 6.154E-02 6.497E-02 6.817E-02 7.116E-02 8.361E-02 9.318E-02 1.009E-01
 1.126E-01 1.212E-01 1.358E-01 1.452E-01 1.568E-01 1.639E-01 1.689E-01 1.725E-01
 1.776E-01 1.811E-01 1.863E-01 1.892E-01 1.925E-01 1.945E-01 1.957E-01 1.965E-01
 1.976E-01 1.983E-01 1.993E-01 1.999E-01 2.005E-01 2.008E-01 2.010E-01 2.011E-01
 2.013E-01 2.014E-01
     1
     7
  1.0000E-03  1.5000E-03  2.0000E-03  3.0000E-03  4.0000E-03  5.0000E-03
  5.4651E-03
  5.4910E+05  1.9780E+05  9.3280E+04  3.1430E+04  1.4290E+04  7.6930E+03
  6.0000E+03
