    75  186.207001
     9    98
    33    25    23    21    13    11     9     6     4
 K  L1 L2 L3 M1 M2 M3 M4 M5
  71676.4  12526.7  11958.7  10535.3   2931.7   2681.6   2367.3   1948.9
   1822.9
  1.00000E+03  1.50000E+03  1.82230E+03  1.82240E+03  1.94880E+03  1.94890E+03
  2.00000E+03  2.36720E+03  2.36730E+03  2.68150E+03  2.68160E+03  2.93160E+03
  2.93170E+03  3.00000E+03  4.00000E+03  5.00000E+03  6.00000E+03  8.00000E+03
  1.00000E+04  1.05352E+04  1.05353E+04  1.19586E+04  1.19587E+04  1.25266E+04
  1.25267E+04  1.50000E+04  2.00000E+04  3.00000E+04  4.00000E+04  5.00000E+04
  6.00000E+04  7.16763E+04  7.16764E+04  8.00000E+04  1.00000E+05  1.50000E+05
  2.00000E+05  3.00000E+05  4.00000E+05  5.00000E+05  6.00000E+05  8.00000E+05
  1.00000E+06  1.02200E+06  1.25000E+06  1.50000E+06  2.00000E+06  2.04400E+06
  3.00000E+06  4.00000E+06  5.00000E+06  6.00000E+06  7.00000E+06  8.00000E+06
  9.00000E+06  1.00000E+07  1.10000E+07  1.20000E+07  1.30000E+07  1.40000E+07
  1.50000E+07  1.60000E+07  1.80000E+07  2.00000E+07  2.20000E+07  2.40000E+07
  2.60000E+07  2.80000E+07  3.00000E+07  4.00000E+07  5.00000E+07  6.00000E+07
  8.00000E+07  1.00000E+08  1.50000E+08  2.00000E+08  3.00000E+08  4.00000E+08
  5.00000E+08  6.00000E+08  8.00000E+08  1.00000E+09  1.50000E+09  2.00000E+09
  3.00000E+09  4.00000E+09  5.00000E+09  6.00000E+09  8.00000E+09  1.00000E+10
  1.50000E+10  2.00000E+10  3.00000E+10  4.00000E+10  5.00000E+10  6.00000E+10
  8.00000E+10  1.00000E+11
 3.593E+03 3.443E+03 3.338E+03 3.338E+03 3.294E+03 3.294E+03 3.276E+03 3.149E+03
 3.149E+03 3.046E+03 3.046E+03 2.962E+03 2.962E+03 2.939E+03 2.626E+03 2.347E+03
 2.102E+03 1.704E+03 1.402E+03 1.334E+03 1.334E+03 1.173E+03 1.173E+03 1.117E+03
 1.117E+03 9.116E+02 6.427E+02 3.800E+02 2.510E+02 1.776E+02 1.330E+02 1.001E+02
 1.001E+02 8.359E+01 5.745E+01 2.813E+01 1.676E+01 7.965E+00 4.636E+00 3.027E+00
 2.130E+00 1.218E+00 7.869E-01 7.540E-01 5.073E-01 3.538E-01 2.000E-01 1.915E-01
 8.920E-02 5.024E-02 3.218E-02 2.235E-02 1.643E-02 1.258E-02 9.940E-03 8.052E-03
 6.655E-03 5.592E-03 4.765E-03 4.109E-03 3.579E-03 3.146E-03 2.486E-03 2.013E-03
 1.664E-03 1.398E-03 1.191E-03 1.027E-03 8.949E-04 5.034E-04 3.222E-04 2.237E-04
 1.258E-04 8.054E-05 3.580E-05 2.013E-05 8.949E-06 5.034E-06 3.222E-06 2.237E-06
 1.258E-06 8.054E-07 3.580E-07 2.013E-07 8.949E-08 5.034E-08 3.222E-08 2.237E-08
 1.258E-08 8.054E-09 3.580E-09 2.013E-09 8.949E-10 5.034E-10 3.222E-10 2.237E-10
 1.258E-10 8.054E-11
 1.301E+00 2.271E+00 2.868E+00 2.869E+00 3.101E+00 3.101E+00 3.194E+00 3.858E+00
 3.858E+00 4.406E+00 4.406E+00 4.843E+00 4.843E+00 4.961E+00 6.652E+00 8.262E+00
 9.782E+00 1.248E+01 1.474E+01 1.528E+01 1.528E+01 1.663E+01 1.663E+01 1.713E+01
 1.713E+01 1.908E+01 2.230E+01 2.663E+01 2.907E+01 3.042E+01 3.117E+01 3.157E+01
 3.157E+01 3.167E+01 3.152E+01 3.010E+01 2.839E+01 2.539E+01 2.307E+01 2.124E+01
 1.975E+01 1.745E+01 1.573E+01 1.557E+01 1.410E+01 1.283E+01 1.096E+01 1.083E+01
 8.636E+00 7.207E+00 6.226E+00 5.504E+00 4.947E+00 4.503E+00 4.140E+00 3.836E+00
 3.578E+00 3.355E+00 3.161E+00 2.991E+00 2.839E+00 2.704E+00 2.471E+00 2.279E+00
 2.117E+00 1.978E+00 1.857E+00 1.752E+00 1.659E+00 1.318E+00 1.101E+00 9.483E-01
 7.479E-01 6.207E-01 4.420E-01 3.466E-01 2.457E-01 1.924E-01 1.593E-01 1.364E-01
 1.065E-01 8.762E-02 6.119E-02 4.736E-02 3.293E-02 2.542E-02 2.078E-02 1.762E-02
 1.358E-02 1.109E-02 7.661E-03 5.890E-03 4.062E-03 3.118E-03 2.539E-03 2.147E-03
 1.646E-03 1.339E-03
 1.194E+06 5.311E+05 3.514E+05 3.516E+05 8.179E+05 8.442E+05 1.163E+06 8.302E+05
 9.625E+05 7.110E+05 7.556E+05 6.131E+05 6.395E+05 6.068E+05 3.048E+05 1.757E+05
 1.110E+05 5.325E+04 2.985E+04 2.604E+04 6.773E+04 4.828E+04 6.659E+04 5.951E+04
 6.880E+04 4.360E+04 2.047E+04 6.914E+03 3.160E+03 1.711E+03 1.033E+03 6.303E+02
 3.187E+03 2.380E+03 1.329E+03 4.480E+02 2.059E+02 6.990E+01 3.339E+01 1.929E+01
 1.256E+01 6.622E+00 4.162E+00 3.983E+00 2.686E+00 1.915E+00 1.159E+00 1.118E+00
 6.078E-01 3.989E-01 2.929E-01 2.299E-01 1.885E-01 1.593E-01 1.378E-01 1.213E-01
 1.083E-01 9.771E-02 8.899E-02 8.169E-02 7.547E-02 7.013E-02 6.141E-02 5.460E-02
 4.914E-02 4.467E-02 4.094E-02 3.778E-02 3.507E-02 2.581E-02 2.041E-02 1.687E-02
 1.253E-02 9.966E-03 6.591E-03 4.924E-03 3.269E-03 2.447E-03 1.955E-03 1.628E-03
 1.220E-03 9.753E-04 6.496E-04 4.870E-04 3.246E-04 2.434E-04 1.947E-04 1.622E-04
 1.216E-04 9.731E-05 6.487E-05 4.865E-05 3.243E-05 2.432E-05 1.946E-05 1.622E-05
 1.216E-05 9.729E-06
 0.000E+00 0.000E+00 0.000E+00 0.000E+00 0.000E+00 0.000E+00 0.000E+00 0.000E+00
 0.000E+00 0.000E+00 0.000E+00 0.000E+00 0.000E+00 0.000E+00 0.000E+00 0.000E+00
 0.000E+00 0.000E+00 0.000E+00 0.000E+00 0.000E+00 0.000E+00 0.000E+00 0.000E+00
 0.000E+00 0.000E+00 0.000E+00 0.000E+00 0.000E+00 0.000E+00 0.000E+00 0.000E+00
 0.000E+00 0.000E+00 0.000E+00 0.000E+00 0.000E+00 0.000E+00 0.000E+00 0.000E+00
 0.000E+00 0.000E+00 0.000E+00 0.000E+00 1.022E-01 4.793E-01 1.481E+00 1.571E+00
 3.357E+00 4.911E+00 6.215E+00 7.335E+00 8.323E+00 9.211E+00 1.002E+01 1.076E+01
 1.145E+01 1.209E+01 1.268E+01 1.324E+01 1.376E+01 1.424E+01 1.512E+01 1.590E+01
 1.660E+01 1.724E+01 1.783E+01 1.837E+01 1.887E+01 2.089E+01 2.240E+01 2.357E+01
 2.528E+01 2.649E+01 2.840E+01 2.953E+01 3.085E+01 3.160E+01 3.209E+01 3.244E+01
 3.291E+01 3.321E+01 3.365E+01 3.389E+01 3.414E+01 3.428E+01 3.437E+01 3.443E+01
 3.451E+01 3.456E+01 3.463E+01 3.466E+01 3.470E+01 3.472E+01 3.474E+01 3.474E+01
 3.476E+01 3.476E+01
 0.000E+00 0.000E+00 0.000E+00 0.000E+00 0.000E+00 0.000E+00 0.000E+00 0.000E+00
 0.000E+00 0.000E+00 0.000E+00 0.000E+00 0.000E+00 0.000E+00 0.000E+00 0.000E+00
 0.000E+00 0.000E+00 0.000E+00 0.000E+00 0.000E+00 0.000E+00 0.000E+00 0.000E+00
 0.000E+00 0.000E+00 0.000E+00 0.000E+00 0.000E+00 0.000E+00 0.000E+00 0.000E+00
 0.000E+00 0.000E+00 0.000E+00 0.000E+00 0.000E+00 0.000E+00 0.000E+00 0.000E+00
 0.000E+00 0.000E+00 0.000E+00 0.000E+00 0.000E+00 0.000E+00 0.000E+00 0.000E+00
 3.018E-03 1.230E-02 2.447E-02 3.752E-02 5.049E-02 6.303E-02 7.501E-02 8.637E-02
 9.711E-02 1.072E-01 1.167E-01 1.258E-01 1.343E-01 1.424E-01 1.574E-01 1.709E-01
 1.833E-01 1.947E-01 2.052E-01 2.148E-01 2.238E-01 2.608E-01 2.886E-01 3.105E-01
 3.432E-01 3.668E-01 4.053E-01 4.292E-01 4.581E-01 4.753E-01 4.870E-01 4.955E-01
 5.072E-01 5.150E-01 5.265E-01 5.330E-01 5.401E-01 5.443E-01 5.468E-01 5.486E-01
 5.510E-01 5.525E-01 5.545E-01 5.557E-01 5.568E-01 5.576E-01 5.580E-01 5.583E-01
 5.585E-01 5.588E-01
     9
     3     3     3     3     3     8     3     3     8
  1.0000E-03  1.5000E-03  1.8229E-03
  1.8229E-03  1.8846E-03  1.9489E-03
  1.9489E-03  2.0000E-03  2.3673E-03
  2.3673E-03  2.5196E-03  2.6816E-03
  2.6816E-03  2.8039E-03  2.9317E-03
  2.9317E-03  3.0000E-03  4.0000E-03  5.0000E-03  6.0000E-03  8.0000E-03
  1.0000E-02  1.0535E-02
  1.0535E-02  1.1224E-02  1.1959E-02
  1.1959E-02  1.2239E-02  1.2527E-02
  1.2527E-02  1.5000E-02  2.0000E-02  3.0000E-02  4.0000E-02  5.0000E-02
  6.0000E-02  7.1676E-02
  1.1940E+06  5.3110E+05  3.5140E+05
  3.5160E+05  5.3648E+05  8.1790E+05
  8.4420E+05  1.1630E+06  8.3020E+05
  9.6250E+05  8.2723E+05  7.1100E+05
  7.5560E+05  6.8065E+05  6.1310E+05
  6.3950E+05  6.0680E+05  3.0480E+05  1.7570E+05  1.1100E+05  5.3250E+04
  2.9850E+04  2.6040E+04
  6.7730E+04  5.7188E+04  4.8280E+04
  6.6590E+04  6.2947E+04  5.9510E+04
  6.8800E+04  4.3600E+04  2.0470E+04  6.9140E+03  3.1600E+03  1.7110E+03
  1.0330E+03  6.3030E+02
