    59  140.907700
     7    94
    27    19    17    14     8     5     3
 K  L1 L2 L3 M1 M2 M3
  41990.6   6834.8   6440.4   5964.3   1511.0   1337.4   1242.2
  1.00000E+03  1.24210E+03  1.24220E+03  1.33730E+03  1.33740E+03  1.50000E+03
  1.51090E+03  1.51100E+03  2.00000E+03  3.00000E+03  4.00000E+03  5.00000E+03
  5.96420E+03  5.96430E+03  6.00000E+03  6.44030E+03  6.44040E+03  6.83470E+03
  6.83480E+03  8.00000E+03  1.00000E+04  1.50000E+04  2.00000E+04  3.00000E+04
  4.00000E+04  4.19905E+04  4.19906E+04  5.00000E+04  6.00000E+04  8.00000E+04
  1.00000E+05  1.50000E+05  2.00000E+05  3.00000E+05  4.00000E+05  5.00000E+05
  6.00000E+05  8.00000E+05  1.00000E+06  1.02200E+06  1.25000E+06  1.50000E+06
  2.00000E+06  2.04400E+06  3.00000E+06  4.00000E+06  5.00000E+06  6.00000E+06
  7.00000E+06  8.00000E+06  9.00000E+06  1.00000E+07  1.10000E+07  1.20000E+07
  1.30000E+07  1.40000E+07  1.50000E+07  1.60000E+07  1.80000E+07  2.00000E+07
  2.20000E+07  2.40000E+07  2.60000E+07  2.80000E+07  3.00000E+07  4.00000E+07
  5.00000E+07  6.00000E+07  8.00000E+07  1.00000E+08  1.50000E+08  2.00000E+08
  3.00000E+08  4.00000E+08  5.00000E+08  6.00000E+08  8.00000E+08  1.00000E+09
  1.50000E+09  2.00000E+09  3.00000E+09  4.00000E+09  5.00000E+09  6.00000E+09
  8.00000E+09  1.00000E+10  1.50000E+10  2.00000E+10  3.00000E+10  4.00000E+10
  5.00000E+10  6.00000E+10  8.00000E+10  1.00000E+11
 2.172E+03 2.114E+03 2.114E+03 2.093E+03 2.093E+03 2.052E+03 2.049E+03 2.049E+03
 1.930E+03 1.695E+03 1.483E+03 1.303E+03 1.158E+03 1.158E+03 1.153E+03 1.095E+03
 1.095E+03 1.046E+03 1.046E+03 9.199E+02 7.493E+02 4.900E+02 3.520E+02 2.045E+02
 1.331E+02 1.236E+02 1.236E+02 9.456E+01 7.098E+01 4.407E+01 2.992E+01 1.457E+01
 8.649E+00 4.058E+00 2.343E+00 1.522E+00 1.068E+00 6.080E-01 3.917E-01 3.752E-01
 2.519E-01 1.753E-01 9.890E-02 9.471E-02 4.405E-02 2.480E-02 1.588E-02 1.103E-02
 8.102E-03 6.204E-03 4.902E-03 3.971E-03 3.282E-03 2.758E-03 2.350E-03 2.026E-03
 1.765E-03 1.551E-03 1.226E-03 9.928E-04 8.205E-04 6.895E-04 5.875E-04 5.065E-04
 4.413E-04 2.482E-04 1.588E-04 1.103E-04 6.205E-05 3.971E-05 1.765E-05 9.928E-06
 4.413E-06 2.482E-06 1.589E-06 1.103E-06 6.205E-07 3.971E-07 1.765E-07 9.928E-08
 4.413E-08 2.482E-08 1.589E-08 1.103E-08 6.205E-09 3.971E-09 1.765E-09 9.928E-10
 4.413E-10 2.482E-10 1.589E-10 1.103E-10 6.205E-11 3.971E-11
 1.529E+00 1.996E+00 1.996E+00 2.164E+00 2.164E+00 2.469E+00 2.489E+00 2.489E+00
 3.386E+00 5.154E+00 6.786E+00 8.258E+00 9.510E+00 9.510E+00 9.554E+00 1.008E+01
 1.008E+01 1.053E+01 1.053E+01 1.174E+01 1.358E+01 1.722E+01 1.977E+01 2.278E+01
 2.436E+01 2.457E+01 2.457E+01 2.521E+01 2.565E+01 2.583E+01 2.553E+01 2.413E+01
 2.265E+01 2.017E+01 1.828E+01 1.680E+01 1.560E+01 1.376E+01 1.240E+01 1.227E+01
 1.111E+01 1.011E+01 8.632E+00 8.526E+00 6.797E+00 5.672E+00 4.899E+00 4.330E+00
 3.892E+00 3.543E+00 3.257E+00 3.018E+00 2.815E+00 2.640E+00 2.487E+00 2.353E+00
 2.234E+00 2.127E+00 1.944E+00 1.793E+00 1.665E+00 1.556E+00 1.461E+00 1.378E+00
 1.305E+00 1.037E+00 8.658E-01 7.460E-01 5.883E-01 4.883E-01 3.477E-01 2.727E-01
 1.932E-01 1.513E-01 1.253E-01 1.073E-01 8.378E-02 6.893E-02 4.814E-02 3.726E-02
 2.590E-02 2.000E-02 1.635E-02 1.386E-02 1.068E-02 8.720E-03 6.027E-03 4.633E-03
 3.195E-03 2.453E-03 1.998E-03 1.689E-03 1.295E-03 1.053E-03
 2.474E+06 1.467E+06 1.688E+06 1.435E+06 1.522E+06 1.189E+06 1.170E+06 1.223E+06
 6.457E+05 2.432E+05 1.186E+05 6.712E+04 4.254E+04 1.198E+05 1.192E+05 9.974E+04
 1.359E+05 1.173E+05 1.355E+05 9.149E+04 5.092E+04 1.727E+04 7.879E+03 2.562E+03
 1.143E+03 9.964E+02 5.743E+03 3.621E+03 2.238E+03 1.021E+03 5.501E+02 1.761E+02
 7.836E+01 2.553E+01 1.188E+01 6.742E+00 4.336E+00 2.256E+00 1.411E+00 1.350E+00
 9.103E-01 6.508E-01 3.954E-01 3.814E-01 2.089E-01 1.380E-01 1.018E-01 8.021E-02
 6.596E-02 5.591E-02 4.846E-02 4.272E-02 3.818E-02 3.450E-02 3.146E-02 2.890E-02
 2.673E-02 2.485E-02 2.179E-02 1.940E-02 1.747E-02 1.589E-02 1.458E-02 1.346E-02
 1.250E-02 9.214E-03 7.294E-03 6.036E-03 4.487E-03 3.570E-03 2.363E-03 1.766E-03
 1.173E-03 8.781E-04 7.017E-04 5.844E-04 4.379E-04 3.501E-04 2.332E-04 1.749E-04
 1.165E-04 8.738E-05 6.990E-05 5.824E-05 4.368E-05 3.494E-05 2.329E-05 1.747E-05
 1.165E-05 8.734E-06 6.987E-06 5.822E-06 4.367E-06 3.493E-06
 0.000E+00 0.000E+00 0.000E+00 0.000E+00 0.000E+00 0.000E+00 0.000E+00 0.000E+00
 0.000E+00 0.000E+00 0.000E+00 0.000E+00 0.000E+00 0.000E+00 0.000E+00 0.000E+00
 0.000E+00 0.000E+00 0.000E+00 0.000E+00 0.000E+00 0.000E+00 0.000E+00 0.000E+00
 0.000E+00 0.000E+00 0.000E+00 0.000E+00 0.000E+00 0.000E+00 0.000E+00 0.000E+00
 0.000E+00 0.000E+00 0.000E+00 0.000E+00 0.000E+00 0.000E+00 0.000E+00 0.000E+00
 5.305E-02 2.451E-01 8.046E-01 8.579E-01 1.974E+00 2.987E+00 3.856E+00 4.604E+00
 5.267E+00 5.862E+00 6.403E+00 6.900E+00 7.358E+00 7.782E+00 8.178E+00 8.544E+00
 8.884E+00 9.199E+00 9.770E+00 1.028E+01 1.075E+01 1.117E+01 1.155E+01 1.190E+01
 1.223E+01 1.355E+01 1.453E+01 1.529E+01 1.642E+01 1.721E+01 1.848E+01 1.924E+01
 2.013E+01 2.064E+01 2.097E+01 2.121E+01 2.153E+01 2.174E+01 2.204E+01 2.220E+01
 2.238E+01 2.248E+01 2.254E+01 2.258E+01 2.263E+01 2.267E+01 2.271E+01 2.274E+01
 2.277E+01 2.278E+01 2.279E+01 2.280E+01 2.280E+01 2.281E+01
 0.000E+00 0.000E+00 0.000E+00 0.000E+00 0.000E+00 0.000E+00 0.000E+00 0.000E+00
 0.000E+00 0.000E+00 0.000E+00 0.000E+00 0.000E+00 0.000E+00 0.000E+00 0.000E+00
 0.000E+00 0.000E+00 0.000E+00 0.000E+00 0.000E+00 0.000E+00 0.000E+00 0.000E+00
 0.000E+00 0.000E+00 0.000E+00 0.000E+00 0.000E+00 0.000E+00 0.000E+00 0.000E+00
 0.000E+00 0.000E+00 0.000E+00 0.000E+00 0.000E+00 0.000E+00 0.000E+00 0.000E+00
 0.000E+00 0.000E+00 0.000E+00 0.000E+00 2.377E-03 9.691E-03 1.929E-02 2.958E-02
 3.983E-02 4.975E-02 5.922E-02 6.822E-02 7.673E-02 8.474E-02 9.228E-02 9.946E-02
 1.062E-01 1.127E-01 1.246E-01 1.355E-01 1.454E-01 1.545E-01 1.629E-01 1.706E-01
 1.779E-01 2.077E-01 2.303E-01 2.482E-01 2.751E-01 2.946E-01 3.269E-01 3.471E-01
 3.719E-01 3.868E-01 3.970E-01 4.045E-01 4.148E-01 4.217E-01 4.321E-01 4.380E-01
 4.445E-01 4.483E-01 4.506E-01 4.523E-01 4.545E-01 4.559E-01 4.578E-01 4.589E-01
 4.600E-01 4.607E-01 4.611E-01 4.613E-01 4.616E-01 4.618E-01
     7
     3     3     3     6     3     3     8
  1.0000E-03  1.1145E-03  1.2422E-03
  1.2422E-03  1.2889E-03  1.3374E-03
  1.3374E-03  1.5000E-03  1.5110E-03
  1.5110E-03  2.0000E-03  3.0000E-03  4.0000E-03  5.0000E-03  5.9643E-03
  5.9643E-03  6.0000E-03  6.4404E-03
  6.4404E-03  6.6347E-03  6.8348E-03
  6.8348E-03  8.0000E-03  1.0000E-02  1.5000E-02  2.0000E-02  3.0000E-02
  4.0000E-02  4.1991E-02
  2.4740E+06  1.9051E+06  1.4670E+06
  1.6880E+06  1.5565E+06  1.4350E+06
  1.5220E+06  1.1890E+06  1.1700E+06
  1.2230E+06  6.4570E+05  2.4320E+05  1.1860E+05  6.7120E+04  4.2540E+04
  1.1980E+05  1.1920E+05  9.9740E+04
  1.3590E+05  1.2631E+05  1.1730E+05
  1.3550E+05  9.1490E+04  5.0920E+04  1.7270E+04  7.8790E+03  2.5620E+03
  1.1430E+03  9.9640E+02
