   100  257.095001
    14   108
    45    37    35    33    27    25    22    19    17    12    10     7
     5     3
 K  L1 L2 L3 M1 M2 M3 M4 M5 N1 N2 N3 N4 N5
 143090.0  27700.0  26810.0  20900.0   7205.0   6793.0   5397.0   4766.0
   4498.0   1937.0   1747.0   1366.0   1069.0   1002.0
  1.00000E+03  1.00190E+03  1.00200E+03  1.06890E+03  1.06900E+03  1.36590E+03
  1.36600E+03  1.50000E+03  1.74690E+03  1.74700E+03  1.93690E+03  1.93700E+03
  2.00000E+03  3.00000E+03  4.00000E+03  4.49790E+03  4.49800E+03  4.76590E+03
  4.76600E+03  5.00000E+03  5.39690E+03  5.39700E+03  6.00000E+03  6.79290E+03
  6.79300E+03  7.20490E+03  7.20500E+03  8.00000E+03  1.00000E+04  1.50000E+04
  2.00000E+04  2.08999E+04  2.09000E+04  2.68099E+04  2.68100E+04  2.76999E+04
  2.77000E+04  3.00000E+04  4.00000E+04  5.00000E+04  6.00000E+04  8.00000E+04
  1.00000E+05  1.43090E+05  1.43090E+05  1.50000E+05  2.00000E+05  3.00000E+05
  4.00000E+05  5.00000E+05  6.00000E+05  8.00000E+05  1.00000E+06  1.02200E+06
  1.25000E+06  1.50000E+06  2.00000E+06  2.04400E+06  3.00000E+06  4.00000E+06
  5.00000E+06  6.00000E+06  7.00000E+06  8.00000E+06  9.00000E+06  1.00000E+07
  1.10000E+07  1.20000E+07  1.30000E+07  1.40000E+07  1.50000E+07  1.60000E+07
  1.80000E+07  2.00000E+07  2.20000E+07  2.40000E+07  2.60000E+07  2.80000E+07
  3.00000E+07  4.00000E+07  5.00000E+07  6.00000E+07  8.00000E+07  1.00000E+08
  1.50000E+08  2.00000E+08  3.00000E+08  4.00000E+08  5.00000E+08  6.00000E+08
  8.00000E+08  1.00000E+09  1.50000E+09  2.00000E+09  3.00000E+09  4.00000E+09
  5.00000E+09  6.00000E+09  8.00000E+09  1.00000E+10  1.50000E+10  2.00000E+10
  3.00000E+10  4.00000E+10  5.00000E+10  6.00000E+10  8.00000E+10  1.00000E+11
 6.392E+03 6.391E+03 6.391E+03 6.359E+03 6.359E+03 6.213E+03 6.212E+03 6.139E+03
 6.006E+03 6.006E+03 5.897E+03 5.897E+03 5.861E+03 5.290E+03 4.743E+03 4.489E+03
 4.489E+03 4.359E+03 4.359E+03 4.249E+03 4.070E+03 4.070E+03 3.818E+03 3.519E+03
 3.519E+03 3.377E+03 3.377E+03 3.128E+03 2.615E+03 1.788E+03 1.303E+03 1.237E+03
 1.237E+03 8.976E+02 8.976E+02 8.596E+02 8.596E+02 7.725E+02 5.168E+02 3.762E+02
 2.849E+02 1.792E+02 1.244E+02 6.819E+01 6.819E+01 6.285E+01 3.776E+01 1.819E+01
 1.076E+01 7.109E+00 5.045E+00 2.918E+00 1.900E+00 1.822E+00 1.233E+00 8.642E-01
 4.915E-01 4.709E-01 2.206E-01 1.246E-01 7.992E-02 5.557E-02 4.086E-02 3.130E-02
 2.474E-02 2.004E-02 1.657E-02 1.392E-02 1.187E-02 1.023E-02 8.915E-03 7.836E-03
 6.192E-03 5.016E-03 4.145E-03 3.483E-03 2.968E-03 2.559E-03 2.230E-03 1.254E-03
 8.027E-04 5.575E-04 3.136E-04 2.007E-04 8.919E-05 5.017E-05 2.230E-05 1.254E-05
 8.027E-06 5.574E-06 3.136E-06 2.007E-06 8.919E-07 5.017E-07 2.230E-07 1.254E-07
 8.027E-08 5.574E-08 3.136E-08 2.007E-08 8.919E-09 5.017E-09 2.230E-09 1.254E-09
 8.027E-10 5.574E-10 3.136E-10 2.007E-10
 1.670E+00 1.675E+00 1.675E+00 1.827E+00 1.827E+00 2.489E+00 2.489E+00 2.794E+00
 3.358E+00 3.358E+00 3.792E+00 3.792E+00 3.936E+00 6.178E+00 8.276E+00 9.260E+00
 9.261E+00 9.772E+00 9.772E+00 1.021E+01 1.093E+01 1.093E+01 1.197E+01 1.328E+01
 1.328E+01 1.391E+01 1.391E+01 1.512E+01 1.789E+01 2.357E+01 2.765E+01 2.826E+01
 2.826E+01 3.153E+01 3.153E+01 3.194E+01 3.194E+01 3.292E+01 3.609E+01 3.807E+01
 3.929E+01 4.032E+01 4.037E+01 3.925E+01 3.925E+01 3.900E+01 3.706E+01 3.338E+01
 3.044E+01 2.808E+01 2.615E+01 2.315E+01 2.090E+01 2.069E+01 1.875E+01 1.707E+01
 1.460E+01 1.442E+01 1.151E+01 9.605E+00 8.298E+00 7.336E+00 6.595E+00 6.003E+00
 5.519E+00 5.113E+00 4.770E+00 4.473E+00 4.214E+00 3.987E+00 3.785E+00 3.605E+00
 3.295E+00 3.038E+00 2.822E+00 2.637E+00 2.476E+00 2.336E+00 2.212E+00 1.758E+00
 1.467E+00 1.264E+00 9.971E-01 8.276E-01 5.894E-01 4.621E-01 3.275E-01 2.565E-01
 2.123E-01 1.818E-01 1.420E-01 1.168E-01 8.159E-02 6.314E-02 4.390E-02 3.389E-02
 2.771E-02 2.350E-02 1.810E-02 1.478E-02 1.021E-02 7.853E-03 5.416E-03 4.158E-03
 3.386E-03 2.862E-03 2.195E-03 1.785E-03
 3.039E+06 3.029E+06 3.160E+06 3.030E+06 3.119E+06 2.073E+06 2.206E+06 1.838E+06
 1.347E+06 1.363E+06 1.097E+06 1.117E+06 1.043E+06 4.279E+05 2.209E+05 1.677E+05
 3.651E+05 3.298E+05 4.534E+05 4.128E+05 3.413E+05 3.986E+05 3.057E+05 2.220E+05
 2.353E+05 2.030E+05 2.114E+05 1.631E+05 9.366E+04 3.367E+04 1.611E+04 1.438E+04
 3.330E+04 1.703E+04 2.459E+04 2.258E+04 2.601E+04 2.128E+04 1.028E+04 5.775E+03
 3.588E+03 1.682E+03 9.311E+02 3.597E+02 1.387E+03 1.240E+03 6.049E+02 2.216E+02
 1.114E+02 6.668E+01 4.450E+01 2.415E+01 1.537E+01 1.472E+01 9.970E+00 7.085E+00
 4.276E+00 4.122E+00 2.222E+00 1.447E+00 1.056E+00 8.246E-01 6.734E-01 5.675E-01
 4.895E-01 4.299E-01 3.829E-01 3.450E-01 3.138E-01 2.876E-01 2.655E-01 2.464E-01
 2.154E-01 1.912E-01 1.719E-01 1.561E-01 1.429E-01 1.318E-01 1.223E-01 8.975E-02
 7.087E-02 5.854E-02 4.342E-02 3.450E-02 2.279E-02 1.702E-02 1.129E-02 8.451E-03
 6.751E-03 5.621E-03 4.211E-03 3.366E-03 2.242E-03 1.681E-03 1.120E-03 8.398E-04
 6.718E-04 5.598E-04 4.198E-04 3.358E-04 2.238E-04 1.679E-04 1.119E-04 8.393E-05
 6.714E-05 5.595E-05 4.196E-05 3.357E-05
 0.000E+00 0.000E+00 0.000E+00 0.000E+00 0.000E+00 0.000E+00 0.000E+00 0.000E+00
 0.000E+00 0.000E+00 0.000E+00 0.000E+00 0.000E+00 0.000E+00 0.000E+00 0.000E+00
 0.000E+00 0.000E+00 0.000E+00 0.000E+00 0.000E+00 0.000E+00 0.000E+00 0.000E+00
 0.000E+00 0.000E+00 0.000E+00 0.000E+00 0.000E+00 0.000E+00 0.000E+00 0.000E+00
 0.000E+00 0.000E+00 0.000E+00 0.000E+00 0.000E+00 0.000E+00 0.000E+00 0.000E+00
 0.000E+00 0.000E+00 0.000E+00 0.000E+00 0.000E+00 0.000E+00 0.000E+00 0.000E+00
 0.000E+00 0.000E+00 0.000E+00 0.000E+00 0.000E+00 0.000E+00 2.153E-01 1.099E+00
 3.157E+00 3.325E+00 6.339E+00 8.707E+00 1.068E+01 1.231E+01 1.382E+01 1.519E+01
 1.645E+01 1.761E+01 1.870E+01 1.971E+01 2.065E+01 2.154E+01 2.237E+01 2.315E+01
 2.457E+01 2.583E+01 2.699E+01 2.804E+01 2.901E+01 2.990E+01 3.071E+01 3.404E+01
 3.652E+01 3.845E+01 4.128E+01 4.328E+01 4.640E+01 4.826E+01 5.043E+01 5.167E+01
 5.248E+01 5.306E+01 5.383E+01 5.433E+01 5.504E+01 5.544E+01 5.584E+01 5.610E+01
 5.625E+01 5.635E+01 5.648E+01 5.656E+01 5.667E+01 5.674E+01 5.679E+01 5.684E+01
 5.686E+01 5.687E+01 5.688E+01 5.690E+01
 0.000E+00 0.000E+00 0.000E+00 0.000E+00 0.000E+00 0.000E+00 0.000E+00 0.000E+00
 0.000E+00 0.000E+00 0.000E+00 0.000E+00 0.000E+00 0.000E+00 0.000E+00 0.000E+00
 0.000E+00 0.000E+00 0.000E+00 0.000E+00 0.000E+00 0.000E+00 0.000E+00 0.000E+00
 0.000E+00 0.000E+00 0.000E+00 0.000E+00 0.000E+00 0.000E+00 0.000E+00 0.000E+00
 0.000E+00 0.000E+00 0.000E+00 0.000E+00 0.000E+00 0.000E+00 0.000E+00 0.000E+00
 0.000E+00 0.000E+00 0.000E+00 0.000E+00 0.000E+00 0.000E+00 0.000E+00 0.000E+00
 0.000E+00 0.000E+00 0.000E+00 0.000E+00 0.000E+00 0.000E+00 0.000E+00 0.000E+00
 0.000E+00 0.000E+00 4.018E-03 1.636E-02 3.253E-02 4.984E-02 6.702E-02 8.362E-02
 9.945E-02 1.144E-01 1.286E-01 1.419E-01 1.544E-01 1.662E-01 1.774E-01 1.880E-01
 2.076E-01 2.254E-01 2.415E-01 2.563E-01 2.699E-01 2.825E-01 2.942E-01 3.420E-01
 3.779E-01 4.060E-01 4.479E-01 4.780E-01 5.271E-01 5.574E-01 5.940E-01 6.157E-01
 6.304E-01 6.412E-01 6.559E-01 6.657E-01 6.802E-01 6.884E-01 6.973E-01 7.027E-01
 7.058E-01 7.081E-01 7.111E-01 7.130E-01 7.156E-01 7.171E-01 7.185E-01 7.194E-01
 7.200E-01 7.203E-01 7.207E-01 7.210E-01
    14
     3     3     3     3     3     5     3     3     3     3     6     3
     3     8
  1.0000E-03  1.0010E-03  1.0020E-03
  1.0020E-03  1.0350E-03  1.0690E-03
  1.0690E-03  1.2084E-03  1.3660E-03
  1.3660E-03  1.5000E-03  1.7470E-03
  1.7470E-03  1.8395E-03  1.9370E-03
  1.9370E-03  2.0000E-03  3.0000E-03  4.0000E-03  4.4980E-03
  4.4980E-03  4.6301E-03  4.7660E-03
  4.7660E-03  5.0000E-03  5.3970E-03
  5.3970E-03  6.0000E-03  6.7930E-03
  6.7930E-03  6.9960E-03  7.2050E-03
  7.2050E-03  8.0000E-03  1.0000E-02  1.5000E-02  2.0000E-02  2.0900E-02
  2.0900E-02  2.3671E-02  2.6810E-02
  2.6810E-02  2.7251E-02  2.7700E-02
  2.7700E-02  3.0000E-02  4.0000E-02  5.0000E-02  6.0000E-02  8.0000E-02
  1.0000E-01  1.4309E-01
  3.0390E+06  3.0342E+06  3.0290E+06
  3.1600E+06  3.0943E+06  3.0300E+06
  3.1190E+06  2.5426E+06  2.0730E+06
  2.2060E+06  1.8380E+06  1.3470E+06
  1.3630E+06  1.2229E+06  1.0970E+06
  1.1170E+06  1.0430E+06  4.2790E+05  2.2090E+05  1.6770E+05
  3.6510E+05  3.4695E+05  3.2980E+05
  4.5340E+05  4.1280E+05  3.4130E+05
  3.9860E+05  3.0570E+05  2.2200E+05
  2.3530E+05  2.1852E+05  2.0300E+05
  2.1140E+05  1.6310E+05  9.3660E+04  3.3670E+04  1.6110E+04  1.4380E+04
  3.3300E+04  2.3818E+04  1.7030E+04
  2.4590E+04  2.3564E+04  2.2580E+04
  2.6010E+04  2.1280E+04  1.0280E+04  5.7750E+03  3.5880E+03  1.6820E+03
  9.3110E+02  3.5970E+02
