    98  251.080002
    12   104
    41    33    31    28    23    21    18    15    13     8     6     3
 K  L1 L2 L3 M1 M2 M3 M4 M5 N1 N2 N3
 135960.0  26110.0  25250.0  19930.0   6754.0   6359.0   5109.0   4497.0
   4253.0   1799.0   1616.0   1279.0
  1.00000E+03  1.27890E+03  1.27900E+03  1.50000E+03  1.61590E+03  1.61600E+03
  1.79890E+03  1.79900E+03  2.00000E+03  3.00000E+03  4.00000E+03  4.25290E+03
  4.25300E+03  4.49690E+03  4.49700E+03  5.00000E+03  5.10890E+03  5.10900E+03
  6.00000E+03  6.35890E+03  6.35900E+03  6.75390E+03  6.75400E+03  8.00000E+03
  1.00000E+04  1.50000E+04  1.99299E+04  1.99300E+04  2.00000E+04  2.52499E+04
  2.52500E+04  2.61099E+04  2.61100E+04  3.00000E+04  4.00000E+04  5.00000E+04
  6.00000E+04  8.00000E+04  1.00000E+05  1.35960E+05  1.35960E+05  1.50000E+05
  2.00000E+05  3.00000E+05  4.00000E+05  5.00000E+05  6.00000E+05  8.00000E+05
  1.00000E+06  1.02200E+06  1.25000E+06  1.50000E+06  2.00000E+06  2.04400E+06
  3.00000E+06  4.00000E+06  5.00000E+06  6.00000E+06  7.00000E+06  8.00000E+06
  9.00000E+06  1.00000E+07  1.10000E+07  1.20000E+07  1.30000E+07  1.40000E+07
  1.50000E+07  1.60000E+07  1.80000E+07  2.00000E+07  2.20000E+07  2.40000E+07
  2.60000E+07  2.80000E+07  3.00000E+07  4.00000E+07  5.00000E+07  6.00000E+07
  8.00000E+07  1.00000E+08  1.50000E+08  2.00000E+08  3.00000E+08  4.00000E+08
  5.00000E+08  6.00000E+08  8.00000E+08  1.00000E+09  1.50000E+09  2.00000E+09
  3.00000E+09  4.00000E+09  5.00000E+09  6.00000E+09  8.00000E+09  1.00000E+10
  1.50000E+10  2.00000E+10  3.00000E+10  4.00000E+10  5.00000E+10  6.00000E+10
  8.00000E+10  1.00000E+11
 6.127E+03 5.994E+03 5.994E+03 5.875E+03 5.811E+03 5.811E+03 5.715E+03 5.715E+03
 5.601E+03 5.043E+03 4.516E+03 4.391E+03 4.391E+03 4.274E+03 4.274E+03 4.044E+03
 3.997E+03 3.997E+03 3.636E+03 3.504E+03 3.504E+03 3.366E+03 3.366E+03 2.984E+03
 2.497E+03 1.706E+03 1.245E+03 1.245E+03 1.240E+03 9.223E+02 9.223E+02 8.828E+02
 8.828E+02 7.338E+02 4.919E+02 3.572E+02 2.701E+02 1.698E+02 1.179E+02 7.041E+01
 7.041E+01 5.942E+01 3.567E+01 1.717E+01 1.014E+01 6.696E+00 4.748E+00 2.743E+00
 1.785E+00 1.711E+00 1.157E+00 8.107E-01 4.607E-01 4.414E-01 2.067E-01 1.167E-01
 7.482E-02 5.202E-02 3.824E-02 2.929E-02 2.315E-02 1.876E-02 1.551E-02 1.303E-02
 1.110E-02 9.575E-03 8.342E-03 7.332E-03 5.794E-03 4.693E-03 3.879E-03 3.259E-03
 2.777E-03 2.395E-03 2.086E-03 1.174E-03 7.511E-04 5.216E-04 2.934E-04 1.878E-04
 8.346E-05 4.694E-05 2.086E-05 1.174E-05 7.511E-06 5.216E-06 2.934E-06 1.878E-06
 8.346E-07 4.694E-07 2.086E-07 1.174E-07 7.511E-08 5.216E-08 2.934E-08 1.878E-08
 8.346E-09 4.694E-09 2.086E-09 1.174E-09 7.511E-10 5.216E-10 2.934E-10 1.878E-10
 1.701E+00 2.329E+00 2.330E+00 2.835E+00 3.101E+00 3.102E+00 3.522E+00 3.522E+00
 3.983E+00 6.221E+00 8.299E+00 8.798E+00 8.798E+00 9.268E+00 9.269E+00 1.020E+01
 1.040E+01 1.040E+01 1.194E+01 1.253E+01 1.253E+01 1.316E+01 1.316E+01 1.503E+01
 1.775E+01 2.332E+01 2.727E+01 2.727E+01 2.731E+01 3.034E+01 3.034E+01 3.076E+01
 3.076E+01 3.244E+01 3.555E+01 3.749E+01 3.867E+01 3.965E+01 3.969E+01 3.871E+01
 3.871E+01 3.823E+01 3.636E+01 3.274E+01 2.984E+01 2.753E+01 2.564E+01 2.269E+01
 2.049E+01 2.028E+01 1.838E+01 1.673E+01 1.431E+01 1.413E+01 1.128E+01 9.413E+00
 8.132E+00 7.190E+00 6.463E+00 5.883E+00 5.408E+00 5.011E+00 4.674E+00 4.384E+00
 4.130E+00 3.907E+00 3.710E+00 3.533E+00 3.229E+00 2.978E+00 2.766E+00 2.584E+00
 2.427E+00 2.289E+00 2.168E+00 1.723E+00 1.438E+00 1.239E+00 9.772E-01 8.111E-01
 5.776E-01 4.529E-01 3.210E-01 2.514E-01 2.081E-01 1.782E-01 1.392E-01 1.145E-01
 7.995E-02 6.188E-02 4.303E-02 3.321E-02 2.715E-02 2.303E-02 1.774E-02 1.448E-02
 1.001E-02 7.696E-03 5.308E-03 4.075E-03 3.318E-03 2.805E-03 2.151E-03 1.750E-03
 3.285E+06 2.163E+06 2.302E+06 1.688E+06 1.452E+06 1.469E+06 1.177E+06 1.198E+06
 9.580E+05 3.928E+05 2.027E+05 1.756E+05 3.937E+05 3.520E+05 4.894E+05 3.826E+05
 3.624E+05 4.228E+05 2.821E+05 2.425E+05 2.571E+05 2.213E+05 2.305E+05 1.519E+05
 8.700E+04 3.115E+04 1.501E+04 3.461E+04 3.449E+04 1.849E+04 2.657E+04 2.436E+04
 2.808E+04 1.976E+04 9.497E+03 5.318E+03 3.295E+03 1.538E+03 8.489E+02 3.740E+02
 1.479E+03 1.164E+03 5.630E+02 2.050E+02 1.025E+02 6.118E+01 4.072E+01 2.204E+01
 1.401E+01 1.342E+01 9.080E+00 6.453E+00 3.896E+00 3.755E+00 2.026E+00 1.320E+00
 9.634E-01 7.526E-01 6.148E-01 5.183E-01 4.472E-01 3.928E-01 3.499E-01 3.153E-01
 2.868E-01 2.629E-01 2.427E-01 2.253E-01 1.969E-01 1.749E-01 1.572E-01 1.428E-01
 1.307E-01 1.206E-01 1.118E-01 8.211E-02 6.484E-02 5.357E-02 3.973E-02 3.158E-02
 2.086E-02 1.558E-02 1.034E-02 7.736E-03 6.180E-03 5.145E-03 3.855E-03 3.082E-03
 2.053E-03 1.539E-03 1.025E-03 7.688E-04 6.150E-04 5.124E-04 3.843E-04 3.074E-04
 2.049E-04 1.537E-04 1.024E-04 7.683E-05 6.147E-05 5.122E-05 3.842E-05 3.073E-05
 0.000E+00 0.000E+00 0.000E+00 0.000E+00 0.000E+00 0.000E+00 0.000E+00 0.000E+00
 0.000E+00 0.000E+00 0.000E+00 0.000E+00 0.000E+00 0.000E+00 0.000E+00 0.000E+00
 0.000E+00 0.000E+00 0.000E+00 0.000E+00 0.000E+00 0.000E+00 0.000E+00 0.000E+00
 0.000E+00 0.000E+00 0.000E+00 0.000E+00 0.000E+00 0.000E+00 0.000E+00 0.000E+00
 0.000E+00 0.000E+00 0.000E+00 0.000E+00 0.000E+00 0.000E+00 0.000E+00 0.000E+00
 0.000E+00 0.000E+00 0.000E+00 0.000E+00 0.000E+00 0.000E+00 0.000E+00 0.000E+00
 0.000E+00 0.000E+00 2.053E-01 1.038E+00 2.997E+00 3.158E+00 6.068E+00 8.377E+00
 1.030E+01 1.191E+01 1.338E+01 1.471E+01 1.593E+01 1.706E+01 1.811E+01 1.909E+01
 2.001E+01 2.087E+01 2.167E+01 2.243E+01 2.380E+01 2.502E+01 2.613E+01 2.715E+01
 2.809E+01 2.894E+01 2.973E+01 3.294E+01 3.533E+01 3.719E+01 3.992E+01 4.184E+01
 4.486E+01 4.666E+01 4.875E+01 4.995E+01 5.073E+01 5.130E+01 5.204E+01 5.252E+01
 5.321E+01 5.360E+01 5.399E+01 5.424E+01 5.438E+01 5.448E+01 5.461E+01 5.469E+01
 5.479E+01 5.485E+01 5.491E+01 5.495E+01 5.497E+01 5.499E+01 5.500E+01 5.501E+01
 0.000E+00 0.000E+00 0.000E+00 0.000E+00 0.000E+00 0.000E+00 0.000E+00 0.000E+00
 0.000E+00 0.000E+00 0.000E+00 0.000E+00 0.000E+00 0.000E+00 0.000E+00 0.000E+00
 0.000E+00 0.000E+00 0.000E+00 0.000E+00 0.000E+00 0.000E+00 0.000E+00 0.000E+00
 0.000E+00 0.000E+00 0.000E+00 0.000E+00 0.000E+00 0.000E+00 0.000E+00 0.000E+00
 0.000E+00 0.000E+00 0.000E+00 0.000E+00 0.000E+00 0.000E+00 0.000E+00 0.000E+00
 0.000E+00 0.000E+00 0.000E+00 0.000E+00 0.000E+00 0.000E+00 0.000E+00 0.000E+00
 0.000E+00 0.000E+00 0.000E+00 0.000E+00 0.000E+00 0.000E+00 3.938E-03 1.604E-02
 3.188E-02 4.885E-02 6.569E-02 8.196E-02 9.748E-02 1.122E-01 1.260E-01 1.391E-01
 1.513E-01 1.630E-01 1.740E-01 1.844E-01 2.036E-01 2.210E-01 2.368E-01 2.514E-01
 2.647E-01 2.771E-01 2.885E-01 3.355E-01 3.707E-01 3.984E-01 4.395E-01 4.691E-01
 5.174E-01 5.473E-01 5.834E-01 6.048E-01 6.194E-01 6.300E-01 6.446E-01 6.543E-01
 6.686E-01 6.768E-01 6.856E-01 6.909E-01 6.941E-01 6.963E-01 6.993E-01 7.012E-01
 7.037E-01 7.053E-01 7.066E-01 7.076E-01 7.081E-01 7.085E-01 7.088E-01 7.091E-01
    12
     3     3     3     5     3     3     3     3     5     3     3     8
  1.0000E-03  1.1309E-03  1.2790E-03
  1.2790E-03  1.5000E-03  1.6160E-03
  1.6160E-03  1.7050E-03  1.7990E-03
  1.7990E-03  2.0000E-03  3.0000E-03  4.0000E-03  4.2530E-03
  4.2530E-03  4.3733E-03  4.4970E-03
  4.4970E-03  5.0000E-03  5.1090E-03
  5.1090E-03  6.0000E-03  6.3590E-03
  6.3590E-03  6.5535E-03  6.7540E-03
  6.7540E-03  8.0000E-03  1.0000E-02  1.5000E-02  1.9930E-02
  1.9930E-02  2.0000E-02  2.5250E-02
  2.5250E-02  2.5676E-02  2.6110E-02
  2.6110E-02  3.0000E-02  4.0000E-02  5.0000E-02  6.0000E-02  8.0000E-02
  1.0000E-01  1.3596E-01
  3.2850E+06  2.6657E+06  2.1630E+06
  2.3020E+06  1.6880E+06  1.4520E+06
  1.4690E+06  1.3149E+06  1.1770E+06
  1.1980E+06  9.5800E+05  3.9280E+05  2.0270E+05  1.7560E+05
  3.9370E+05  3.7226E+05  3.5200E+05
  4.8940E+05  3.8260E+05  3.6240E+05
  4.2280E+05  2.8210E+05  2.4250E+05
  2.5710E+05  2.3854E+05  2.2130E+05
  2.3050E+05  1.5190E+05  8.7000E+04  3.1150E+04  1.5010E+04
  3.4610E+04  3.4490E+04  1.8490E+04
  2.6570E+04  2.5441E+04  2.4360E+04
  2.8080E+04  1.9760E+04  9.4970E+03  5.3180E+03  3.2950E+03  1.5380E+03
  8.4890E+02  3.7400E+02
