    57  138.905502
     7    94
    26    19    16    14     7     5     3
 K  L1 L2 L3 M1 M2 M3
  38924.6   6266.3   5890.6   5482.7   1361.3   1204.4   1123.4
  1.00000E+03  1.12330E+03  1.12340E+03  1.20430E+03  1.20440E+03  1.36120E+03
  1.36130E+03  1.50000E+03  2.00000E+03  3.00000E+03  4.00000E+03  5.00000E+03
  5.48260E+03  5.48270E+03  5.89050E+03  5.89060E+03  6.00000E+03  6.26620E+03
  6.26630E+03  8.00000E+03  1.00000E+04  1.50000E+04  2.00000E+04  3.00000E+04
  3.89245E+04  3.89246E+04  4.00000E+04  5.00000E+04  6.00000E+04  8.00000E+04
  1.00000E+05  1.50000E+05  2.00000E+05  3.00000E+05  4.00000E+05  5.00000E+05
  6.00000E+05  8.00000E+05  1.00000E+06  1.02200E+06  1.25000E+06  1.50000E+06
  2.00000E+06  2.04400E+06  3.00000E+06  4.00000E+06  5.00000E+06  6.00000E+06
  7.00000E+06  8.00000E+06  9.00000E+06  1.00000E+07  1.10000E+07  1.20000E+07
  1.30000E+07  1.40000E+07  1.50000E+07  1.60000E+07  1.80000E+07  2.00000E+07
  2.20000E+07  2.40000E+07  2.60000E+07  2.80000E+07  3.00000E+07  4.00000E+07
  5.00000E+07  6.00000E+07  8.00000E+07  1.00000E+08  1.50000E+08  2.00000E+08
  3.00000E+08  4.00000E+08  5.00000E+08  6.00000E+08  8.00000E+08  1.00000E+09
  1.50000E+09  2.00000E+09  3.00000E+09  4.00000E+09  5.00000E+09  6.00000E+09
  8.00000E+09  1.00000E+10  1.50000E+10  2.00000E+10  3.00000E+10  4.00000E+10
  5.00000E+10  6.00000E+10  8.00000E+10  1.00000E+11
 2.015E+03 1.985E+03 1.985E+03 1.965E+03 1.965E+03 1.927E+03 1.927E+03 1.892E+03
 1.770E+03 1.543E+03 1.348E+03 1.184E+03 1.116E+03 1.116E+03 1.063E+03 1.063E+03
 1.049E+03 1.017E+03 1.017E+03 8.391E+02 6.850E+02 4.504E+02 3.238E+02 1.872E+02
 1.269E+02 1.269E+02 1.218E+02 8.665E+01 6.498E+01 4.023E+01 2.729E+01 1.329E+01
 7.879E+00 3.690E+00 2.128E+00 1.383E+00 9.695E-01 5.517E-01 3.552E-01 3.403E-01
 2.284E-01 1.590E-01 8.965E-02 8.585E-02 3.992E-02 2.247E-02 1.439E-02 9.993E-03
 7.343E-03 5.622E-03 4.442E-03 3.598E-03 2.974E-03 2.499E-03 2.129E-03 1.836E-03
 1.599E-03 1.406E-03 1.111E-03 8.997E-04 7.436E-04 6.248E-04 5.324E-04 4.590E-04
 3.999E-04 2.249E-04 1.439E-04 9.997E-05 5.623E-05 3.599E-05 1.599E-05 8.997E-06
 3.999E-06 2.249E-06 1.439E-06 9.996E-07 5.623E-07 3.599E-07 1.599E-07 8.997E-08
 3.999E-08 2.249E-08 1.439E-08 9.996E-09 5.623E-09 3.599E-09 1.599E-09 8.997E-10
 3.999E-10 2.249E-10 1.439E-10 9.996E-11 5.623E-11 3.599E-11
 1.588E+00 1.839E+00 1.839E+00 2.000E+00 2.000E+00 2.295E+00 2.295E+00 2.561E+00
 3.488E+00 5.254E+00 6.880E+00 8.338E+00 8.973E+00 8.973E+00 9.476E+00 9.476E+00
 9.608E+00 9.920E+00 9.920E+00 1.172E+01 1.350E+01 1.700E+01 1.940E+01 2.222E+01
 2.359E+01 2.359E+01 2.371E+01 2.451E+01 2.492E+01 2.507E+01 2.476E+01 2.337E+01
 2.192E+01 1.951E+01 1.767E+01 1.624E+01 1.508E+01 1.330E+01 1.199E+01 1.186E+01
 1.073E+01 9.764E+00 8.340E+00 8.238E+00 6.567E+00 5.479E+00 4.733E+00 4.184E+00
 3.761E+00 3.423E+00 3.146E+00 2.915E+00 2.719E+00 2.550E+00 2.402E+00 2.273E+00
 2.158E+00 2.055E+00 1.878E+00 1.732E+00 1.609E+00 1.503E+00 1.412E+00 1.332E+00
 1.261E+00 1.002E+00 8.364E-01 7.207E-01 5.684E-01 4.718E-01 3.360E-01 2.634E-01
 1.867E-01 1.462E-01 1.210E-01 1.036E-01 8.094E-02 6.659E-02 4.650E-02 3.599E-02
 2.503E-02 1.932E-02 1.579E-02 1.339E-02 1.032E-02 8.425E-03 5.822E-03 4.476E-03
 3.087E-03 2.370E-03 1.930E-03 1.631E-03 1.251E-03 1.018E-03
 2.094E+06 1.613E+06 1.849E+06 1.592E+06 1.687E+06 1.302E+06 1.360E+06 1.099E+06
 5.666E+05 2.122E+05 1.031E+05 5.828E+04 4.591E+04 1.318E+05 1.107E+05 1.500E+05
 1.447E+05 1.294E+05 1.493E+05 8.054E+04 4.468E+04 1.506E+04 6.850E+03 2.218E+03
 1.065E+03 6.245E+03 5.802E+03 3.227E+03 1.977E+03 8.981E+02 4.820E+02 1.534E+02
 6.798E+01 2.203E+01 1.022E+01 5.789E+00 3.718E+00 1.932E+00 1.208E+00 1.155E+00
 7.791E-01 5.572E-01 3.387E-01 3.267E-01 1.792E-01 1.184E-01 8.745E-02 6.893E-02
 5.671E-02 4.808E-02 4.169E-02 3.676E-02 3.286E-02 2.970E-02 2.708E-02 2.489E-02
 2.302E-02 2.141E-02 1.877E-02 1.671E-02 1.505E-02 1.370E-02 1.256E-02 1.160E-02
 1.077E-02 7.943E-03 6.289E-03 5.204E-03 3.869E-03 3.079E-03 2.038E-03 1.523E-03
 1.012E-03 7.575E-04 6.054E-04 5.041E-04 3.777E-04 3.020E-04 2.012E-04 1.509E-04
 1.005E-04 7.538E-05 6.030E-05 5.025E-05 3.768E-05 3.014E-05 2.009E-05 1.507E-05
 1.005E-05 7.535E-06 6.028E-06 5.023E-06 3.767E-06 3.014E-06
 0.000E+00 0.000E+00 0.000E+00 0.000E+00 0.000E+00 0.000E+00 0.000E+00 0.000E+00
 0.000E+00 0.000E+00 0.000E+00 0.000E+00 0.000E+00 0.000E+00 0.000E+00 0.000E+00
 0.000E+00 0.000E+00 0.000E+00 0.000E+00 0.000E+00 0.000E+00 0.000E+00 0.000E+00
 0.000E+00 0.000E+00 0.000E+00 0.000E+00 0.000E+00 0.000E+00 0.000E+00 0.000E+00
 0.000E+00 0.000E+00 0.000E+00 0.000E+00 0.000E+00 0.000E+00 0.000E+00 0.000E+00
 4.831E-02 2.232E-01 7.391E-01 7.886E-01 1.831E+00 2.781E+00 3.599E+00 4.303E+00
 4.927E+00 5.488E+00 5.998E+00 6.465E+00 6.896E+00 7.296E+00 7.669E+00 8.013E+00
 8.332E+00 8.627E+00 9.163E+00 9.643E+00 1.008E+01 1.048E+01 1.084E+01 1.117E+01
 1.147E+01 1.271E+01 1.363E+01 1.435E+01 1.541E+01 1.616E+01 1.735E+01 1.807E+01
 1.890E+01 1.938E+01 1.970E+01 1.992E+01 2.022E+01 2.042E+01 2.070E+01 2.085E+01
 2.102E+01 2.111E+01 2.117E+01 2.121E+01 2.126E+01 2.129E+01 2.134E+01 2.136E+01
 2.139E+01 2.140E+01 2.141E+01 2.141E+01 2.142E+01 2.142E+01
 0.000E+00 0.000E+00 0.000E+00 0.000E+00 0.000E+00 0.000E+00 0.000E+00 0.000E+00
 0.000E+00 0.000E+00 0.000E+00 0.000E+00 0.000E+00 0.000E+00 0.000E+00 0.000E+00
 0.000E+00 0.000E+00 0.000E+00 0.000E+00 0.000E+00 0.000E+00 0.000E+00 0.000E+00
 0.000E+00 0.000E+00 0.000E+00 0.000E+00 0.000E+00 0.000E+00 0.000E+00 0.000E+00
 0.000E+00 0.000E+00 0.000E+00 0.000E+00 0.000E+00 0.000E+00 0.000E+00 0.000E+00
 0.000E+00 0.000E+00 0.000E+00 0.000E+00 2.296E-03 9.365E-03 1.864E-02 2.859E-02
 3.849E-02 4.808E-02 5.724E-02 6.594E-02 7.417E-02 8.192E-02 8.921E-02 9.616E-02
 1.027E-01 1.090E-01 1.205E-01 1.310E-01 1.406E-01 1.494E-01 1.575E-01 1.650E-01
 1.720E-01 2.010E-01 2.229E-01 2.403E-01 2.664E-01 2.854E-01 3.169E-01 3.367E-01
 3.609E-01 3.755E-01 3.856E-01 3.930E-01 4.032E-01 4.100E-01 4.203E-01 4.261E-01
 4.326E-01 4.364E-01 4.387E-01 4.404E-01 4.426E-01 4.440E-01 4.458E-01 4.470E-01
 4.480E-01 4.487E-01 4.491E-01 4.494E-01 4.497E-01 4.499E-01
     7
     3     3     3     7     3     3     7
  1.0000E-03  1.0599E-03  1.1234E-03
  1.1234E-03  1.1632E-03  1.2044E-03
  1.2044E-03  1.2804E-03  1.3613E-03
  1.3613E-03  1.5000E-03  2.0000E-03  3.0000E-03  4.0000E-03  5.0000E-03
  5.4827E-03
  5.4827E-03  5.6830E-03  5.8906E-03
  5.8906E-03  6.0000E-03  6.2663E-03
  6.2663E-03  8.0000E-03  1.0000E-02  1.5000E-02  2.0000E-02  3.0000E-02
  3.8925E-02
  2.0940E+06  1.8376E+06  1.6130E+06
  1.8490E+06  1.7158E+06  1.5920E+06
  1.6870E+06  1.4818E+06  1.3020E+06
  1.3600E+06  1.0990E+06  5.6660E+05  2.1220E+05  1.0310E+05  5.8280E+04
  4.5910E+04
  1.3180E+05  1.2082E+05  1.1070E+05
  1.5000E+05  1.4470E+05  1.2940E+05
  1.4930E+05  8.0540E+04  4.4680E+04  1.5060E+04  6.8500E+03  2.2180E+03
  1.0650E+03
