    54  131.290009
     5    90
    22    14    12     9     3
 K  L1 L2 L3 M1
  34561.4   5452.8   5103.7   4782.2   1149.0
  1.00000E+03  1.14890E+03  1.14900E+03  1.50000E+03  2.00000E+03  3.00000E+03
  4.00000E+03  4.78210E+03  4.78220E+03  5.00000E+03  5.10360E+03  5.10370E+03
  5.45270E+03  5.45280E+03  6.00000E+03  8.00000E+03  1.00000E+04  1.50000E+04
  2.00000E+04  3.00000E+04  3.45613E+04  3.45614E+04  4.00000E+04  5.00000E+04
  6.00000E+04  8.00000E+04  1.00000E+05  1.50000E+05  2.00000E+05  3.00000E+05
  4.00000E+05  5.00000E+05  6.00000E+05  8.00000E+05  1.00000E+06  1.02200E+06
  1.25000E+06  1.50000E+06  2.00000E+06  2.04400E+06  3.00000E+06  4.00000E+06
  5.00000E+06  6.00000E+06  7.00000E+06  8.00000E+06  9.00000E+06  1.00000E+07
  1.10000E+07  1.20000E+07  1.30000E+07  1.40000E+07  1.50000E+07  1.60000E+07
  1.80000E+07  2.00000E+07  2.20000E+07  2.40000E+07  2.60000E+07  2.80000E+07
  3.00000E+07  4.00000E+07  5.00000E+07  6.00000E+07  8.00000E+07  1.00000E+08
  1.50000E+08  2.00000E+08  3.00000E+08  4.00000E+08  5.00000E+08  6.00000E+08
  8.00000E+08  1.00000E+09  1.50000E+09  2.00000E+09  3.00000E+09  4.00000E+09
  5.00000E+09  6.00000E+09  8.00000E+09  1.00000E+10  1.50000E+10  2.00000E+10
  3.00000E+10  4.00000E+10  5.00000E+10  6.00000E+10  8.00000E+10  1.00000E+11
 1.844E+03 1.815E+03 1.815E+03 1.744E+03 1.631E+03 1.413E+03 1.229E+03 1.109E+03
 1.109E+03 1.078E+03 1.064E+03 1.064E+03 1.018E+03 1.018E+03 9.523E+02 7.553E+02
 6.136E+02 4.038E+02 2.883E+02 1.645E+02 1.334E+02 1.334E+02 1.071E+02 7.613E+01
 5.690E+01 3.505E+01 2.374E+01 1.155E+01 6.836E+00 3.192E+00 1.839E+00 1.193E+00
 8.365E-01 4.755E-01 3.061E-01 2.932E-01 1.967E-01 1.369E-01 7.717E-02 7.390E-02
 3.436E-02 1.934E-02 1.238E-02 8.599E-03 6.318E-03 4.838E-03 3.823E-03 3.096E-03
 2.559E-03 2.150E-03 1.832E-03 1.580E-03 1.376E-03 1.210E-03 9.558E-04 7.742E-04
 6.398E-04 5.376E-04 4.581E-04 3.950E-04 3.441E-04 1.936E-04 1.239E-04 8.602E-05
 4.839E-05 3.097E-05 1.376E-05 7.741E-06 3.441E-06 1.935E-06 1.239E-06 8.602E-07
 4.838E-07 3.097E-07 1.376E-07 7.741E-08 3.441E-08 1.935E-08 1.239E-08 8.602E-09
 4.838E-09 3.097E-09 1.376E-09 7.741E-10 3.441E-10 1.935E-10 1.239E-10 8.602E-11
 4.838E-11 3.097E-11
 9.629E-01 1.216E+00 1.217E+00 1.858E+00 2.801E+00 4.628E+00 6.265E+00 7.376E+00
 7.376E+00 7.664E+00 7.798E+00 7.798E+00 8.234E+00 8.234E+00 8.876E+00 1.096E+01
 1.275E+01 1.622E+01 1.850E+01 2.121E+01 2.197E+01 2.197E+01 2.264E+01 2.340E+01
 2.378E+01 2.390E+01 2.357E+01 2.222E+01 2.083E+01 1.852E+01 1.676E+01 1.540E+01
 1.430E+01 1.261E+01 1.136E+01 1.124E+01 1.017E+01 9.252E+00 7.902E+00 7.805E+00
 6.222E+00 5.191E+00 4.484E+00 3.964E+00 3.563E+00 3.243E+00 2.981E+00 2.762E+00
 2.576E+00 2.416E+00 2.276E+00 2.153E+00 2.044E+00 1.947E+00 1.779E+00 1.641E+00
 1.524E+00 1.424E+00 1.337E+00 1.262E+00 1.195E+00 9.493E-01 7.924E-01 6.828E-01
 5.385E-01 4.469E-01 3.183E-01 2.495E-01 1.769E-01 1.385E-01 1.147E-01 9.818E-02
 7.668E-02 6.308E-02 4.406E-02 3.410E-02 2.371E-02 1.830E-02 1.496E-02 1.269E-02
 9.776E-03 7.981E-03 5.516E-03 4.241E-03 2.925E-03 2.245E-03 1.828E-03 1.546E-03
 1.185E-03 9.642E-04
 2.050E+06 1.533E+06 1.599E+06 8.888E+05 4.535E+05 1.682E+05 8.132E+04 5.139E+04
 1.502E+05 1.383E+05 1.307E+05 1.773E+05 1.514E+05 1.748E+05 1.380E+05 6.535E+04
 3.623E+04 1.210E+04 5.473E+03 1.761E+03 1.181E+03 7.073E+03 4.820E+03 2.675E+03
 1.625E+03 7.331E+02 3.910E+02 1.232E+02 5.429E+01 1.746E+01 8.064E+00 4.553E+00
 2.918E+00 1.513E+00 9.451E-01 8.995E-01 6.066E-01 4.341E-01 2.641E-01 2.548E-01
 1.400E-01 9.266E-02 6.849E-02 5.403E-02 4.448E-02 3.773E-02 3.273E-02 2.887E-02
 2.582E-02 2.334E-02 2.129E-02 1.956E-02 1.810E-02 1.683E-02 1.476E-02 1.315E-02
 1.185E-02 1.078E-02 9.887E-03 9.131E-03 8.482E-03 6.256E-03 4.954E-03 4.100E-03
 3.049E-03 2.427E-03 1.607E-03 1.201E-03 7.977E-04 5.972E-04 4.773E-04 3.974E-04
 2.978E-04 2.381E-04 1.586E-04 1.189E-04 7.926E-05 5.944E-05 4.755E-05 3.962E-05
 2.971E-05 2.377E-05 1.584E-05 1.188E-05 7.921E-06 5.941E-06 4.753E-06 3.961E-06
 2.970E-06 2.376E-06
 0.000E+00 0.000E+00 0.000E+00 0.000E+00 0.000E+00 0.000E+00 0.000E+00 0.000E+00
 0.000E+00 0.000E+00 0.000E+00 0.000E+00 0.000E+00 0.000E+00 0.000E+00 0.000E+00
 0.000E+00 0.000E+00 0.000E+00 0.000E+00 0.000E+00 0.000E+00 0.000E+00 0.000E+00
 0.000E+00 0.000E+00 0.000E+00 0.000E+00 0.000E+00 0.000E+00 0.000E+00 0.000E+00
 0.000E+00 0.000E+00 0.000E+00 0.000E+00 4.173E-02 1.930E-01 6.478E-01 6.918E-01
 1.626E+00 2.487E+00 3.229E+00 3.868E+00 4.436E+00 4.947E+00 5.411E+00 5.836E+00
 6.228E+00 6.590E+00 6.929E+00 7.240E+00 7.529E+00 7.796E+00 8.283E+00 8.719E+00
 9.115E+00 9.475E+00 9.803E+00 1.010E+01 1.038E+01 1.150E+01 1.234E+01 1.299E+01
 1.395E+01 1.463E+01 1.571E+01 1.636E+01 1.712E+01 1.755E+01 1.784E+01 1.804E+01
 1.831E+01 1.849E+01 1.875E+01 1.889E+01 1.904E+01 1.912E+01 1.917E+01 1.921E+01
 1.925E+01 1.928E+01 1.932E+01 1.934E+01 1.937E+01 1.938E+01 1.939E+01 1.939E+01
 1.940E+01 1.940E+01
 0.000E+00 0.000E+00 0.000E+00 0.000E+00 0.000E+00 0.000E+00 0.000E+00 0.000E+00
 0.000E+00 0.000E+00 0.000E+00 0.000E+00 0.000E+00 0.000E+00 0.000E+00 0.000E+00
 0.000E+00 0.000E+00 0.000E+00 0.000E+00 0.000E+00 0.000E+00 0.000E+00 0.000E+00
 0.000E+00 0.000E+00 0.000E+00 0.000E+00 0.000E+00 0.000E+00 0.000E+00 0.000E+00
 0.000E+00 0.000E+00 0.000E+00 0.000E+00 0.000E+00 0.000E+00 0.000E+00 0.000E+00
 2.176E-03 8.874E-03 1.766E-02 2.710E-02 3.649E-02 4.558E-02 5.427E-02 6.252E-02
 7.033E-02 7.768E-02 8.461E-02 9.120E-02 9.743E-02 1.033E-01 1.143E-01 1.243E-01
 1.334E-01 1.418E-01 1.495E-01 1.566E-01 1.633E-01 1.908E-01 2.117E-01 2.282E-01
 2.531E-01 2.712E-01 3.011E-01 3.199E-01 3.428E-01 3.566E-01 3.660E-01 3.729E-01
 3.824E-01 3.887E-01 3.980E-01 4.033E-01 4.091E-01 4.124E-01 4.145E-01 4.159E-01
 4.179E-01 4.191E-01 4.207E-01 4.217E-01 4.226E-01 4.232E-01 4.235E-01 4.238E-01
 4.240E-01 4.242E-01
     5
     3     6     3     3     8
  1.0000E-03  1.0719E-03  1.1490E-03
  1.1490E-03  1.5000E-03  2.0000E-03  3.0000E-03  4.0000E-03  4.7822E-03
  4.7822E-03  5.0000E-03  5.1037E-03
  5.1037E-03  5.2754E-03  5.4528E-03
  5.4528E-03  6.0000E-03  8.0000E-03  1.0000E-02  1.5000E-02  2.0000E-02
  3.0000E-02  3.4561E-02
  2.0500E+06  1.7731E+06  1.5330E+06
  1.5990E+06  8.8880E+05  4.5350E+05  1.6820E+05  8.1320E+04  5.1390E+04
  1.5020E+05  1.3830E+05  1.3070E+05
  1.7730E+05  1.6383E+05  1.5140E+05
  1.7480E+05  1.3800E+05  6.5350E+04  3.6230E+04  1.2100E+04  5.4730E+03
  1.7610E+03  1.1810E+03
