    73  180.947906
     9    98
    33    25    23    20    13    11     9     6     4
 K  L1 L2 L3 M1 M2 M3 M4 M5
  67416.4  11681.5  11136.1   9881.1   2708.0   2468.7   2194.0   1793.2
   1735.1
  1.00000E+03  1.50000E+03  1.73500E+03  1.73510E+03  1.79310E+03  1.79320E+03
  2.00000E+03  2.19390E+03  2.19400E+03  2.46860E+03  2.46870E+03  2.70790E+03
  2.70800E+03  3.00000E+03  4.00000E+03  5.00000E+03  6.00000E+03  8.00000E+03
  9.88100E+03  9.88110E+03  1.00000E+04  1.11360E+04  1.11361E+04  1.16814E+04
  1.16815E+04  1.50000E+04  2.00000E+04  3.00000E+04  4.00000E+04  5.00000E+04
  6.00000E+04  6.74163E+04  6.74164E+04  8.00000E+04  1.00000E+05  1.50000E+05
  2.00000E+05  3.00000E+05  4.00000E+05  5.00000E+05  6.00000E+05  8.00000E+05
  1.00000E+06  1.02200E+06  1.25000E+06  1.50000E+06  2.00000E+06  2.04400E+06
  3.00000E+06  4.00000E+06  5.00000E+06  6.00000E+06  7.00000E+06  8.00000E+06
  9.00000E+06  1.00000E+07  1.10000E+07  1.20000E+07  1.30000E+07  1.40000E+07
  1.50000E+07  1.60000E+07  1.80000E+07  2.00000E+07  2.20000E+07  2.40000E+07
  2.60000E+07  2.80000E+07  3.00000E+07  4.00000E+07  5.00000E+07  6.00000E+07
  8.00000E+07  1.00000E+08  1.50000E+08  2.00000E+08  3.00000E+08  4.00000E+08
  5.00000E+08  6.00000E+08  8.00000E+08  1.00000E+09  1.50000E+09  2.00000E+09
  3.00000E+09  4.00000E+09  5.00000E+09  6.00000E+09  8.00000E+09  1.00000E+10
  1.50000E+10  2.00000E+10  3.00000E+10  4.00000E+10  5.00000E+10  6.00000E+10
  8.00000E+10  1.00000E+11
 3.396E+03 3.252E+03 3.179E+03 3.179E+03 3.161E+03 3.161E+03 3.094E+03 3.030E+03
 3.030E+03 2.948E+03 2.948E+03 2.871E+03 2.871E+03 2.779E+03 2.486E+03 2.220E+03
 1.986E+03 1.604E+03 1.330E+03 1.330E+03 1.315E+03 1.182E+03 1.182E+03 1.125E+03
 1.125E+03 8.510E+02 6.006E+02 3.551E+02 2.338E+02 1.653E+02 1.239E+02 1.027E+02
 1.027E+02 7.780E+01 5.338E+01 2.610E+01 1.555E+01 7.378E+00 4.289E+00 2.798E+00
 1.968E+00 1.125E+00 7.264E-01 6.960E-01 4.681E-01 3.264E-01 1.844E-01 1.766E-01
 8.224E-02 4.632E-02 2.966E-02 2.061E-02 1.514E-02 1.160E-02 9.162E-03 7.422E-03
 6.135E-03 5.155E-03 4.393E-03 3.788E-03 3.299E-03 2.900E-03 2.291E-03 1.856E-03
 1.534E-03 1.289E-03 1.098E-03 9.469E-04 8.249E-04 4.640E-04 2.970E-04 2.062E-04
 1.160E-04 7.424E-05 3.300E-05 1.856E-05 8.249E-06 4.640E-06 2.970E-06 2.062E-06
 1.160E-06 7.424E-07 3.300E-07 1.856E-07 8.249E-08 4.640E-08 2.970E-08 2.062E-08
 1.160E-08 7.424E-09 3.300E-09 1.856E-09 8.249E-10 4.640E-10 2.970E-10 2.062E-10
 1.160E-10 7.424E-11
 1.348E+00 2.313E+00 2.746E+00 2.746E+00 2.852E+00 2.852E+00 3.230E+00 3.582E+00
 3.582E+00 4.071E+00 4.072E+00 4.495E+00 4.495E+00 5.005E+00 6.691E+00 8.277E+00
 9.754E+00 1.234E+01 1.439E+01 1.439E+01 1.451E+01 1.560E+01 1.560E+01 1.610E+01
 1.610E+01 1.875E+01 2.194E+01 2.616E+01 2.850E+01 2.980E+01 3.050E+01 3.078E+01
 3.078E+01 3.096E+01 3.079E+01 2.936E+01 2.768E+01 2.475E+01 2.247E+01 2.069E+01
 1.923E+01 1.699E+01 1.532E+01 1.516E+01 1.372E+01 1.249E+01 1.067E+01 1.054E+01
 8.406E+00 7.016E+00 6.060E+00 5.357E+00 4.815E+00 4.383E+00 4.029E+00 3.733E+00
 3.482E+00 3.266E+00 3.077E+00 2.911E+00 2.764E+00 2.632E+00 2.405E+00 2.218E+00
 2.060E+00 1.925E+00 1.808E+00 1.705E+00 1.615E+00 1.283E+00 1.071E+00 9.230E-01
 7.279E-01 6.042E-01 4.303E-01 3.373E-01 2.391E-01 1.873E-01 1.550E-01 1.327E-01
 1.037E-01 8.528E-02 5.956E-02 4.610E-02 3.205E-02 2.474E-02 2.023E-02 1.715E-02
 1.322E-02 1.079E-02 7.457E-03 5.733E-03 3.954E-03 3.035E-03 2.472E-03 2.089E-03
 1.602E-03 1.303E-03
 1.051E+06 4.674E+05 3.437E+05 4.185E+05 9.116E+05 1.013E+06 1.130E+06 8.939E+05
 1.038E+06 7.796E+05 8.286E+05 6.681E+05 6.970E+05 5.495E+05 2.746E+05 1.579E+05
 9.963E+04 4.763E+04 2.750E+04 7.189E+04 7.015E+04 5.260E+04 7.239E+04 6.444E+04
 7.450E+04 3.940E+04 1.841E+04 6.191E+03 2.819E+03 1.523E+03 9.179E+02 6.634E+02
 3.412E+03 2.171E+03 1.208E+03 4.045E+02 1.851E+02 6.250E+01 2.975E+01 1.715E+01
 1.114E+01 5.866E+00 3.684E+00 3.526E+00 2.378E+00 1.696E+00 1.027E+00 9.902E-01
 5.389E-01 3.539E-01 2.600E-01 2.041E-01 1.674E-01 1.416E-01 1.225E-01 1.079E-01
 9.627E-02 8.689E-02 7.915E-02 7.266E-02 6.714E-02 6.239E-02 5.464E-02 4.859E-02
 4.374E-02 3.976E-02 3.644E-02 3.363E-02 3.122E-02 2.298E-02 1.817E-02 1.503E-02
 1.116E-02 8.878E-03 5.872E-03 4.387E-03 2.913E-03 2.180E-03 1.742E-03 1.451E-03
 1.087E-03 8.690E-04 5.789E-04 4.340E-04 2.892E-04 2.169E-04 1.735E-04 1.445E-04
 1.084E-04 8.671E-05 5.781E-05 4.335E-05 2.890E-05 2.167E-05 1.734E-05 1.445E-05
 1.084E-05 8.670E-06
 0.000E+00 0.000E+00 0.000E+00 0.000E+00 0.000E+00 0.000E+00 0.000E+00 0.000E+00
 0.000E+00 0.000E+00 0.000E+00 0.000E+00 0.000E+00 0.000E+00 0.000E+00 0.000E+00
 0.000E+00 0.000E+00 0.000E+00 0.000E+00 0.000E+00 0.000E+00 0.000E+00 0.000E+00
 0.000E+00 0.000E+00 0.000E+00 0.000E+00 0.000E+00 0.000E+00 0.000E+00 0.000E+00
 0.000E+00 0.000E+00 0.000E+00 0.000E+00 0.000E+00 0.000E+00 0.000E+00 0.000E+00
 0.000E+00 0.000E+00 0.000E+00 0.000E+00 9.494E-02 4.435E-01 1.380E+00 1.465E+00
 3.161E+00 4.646E+00 5.893E+00 6.965E+00 7.911E+00 8.761E+00 9.534E+00 1.024E+01
 1.090E+01 1.151E+01 1.208E+01 1.262E+01 1.311E+01 1.357E+01 1.441E+01 1.515E+01
 1.582E+01 1.643E+01 1.699E+01 1.751E+01 1.798E+01 1.992E+01 2.135E+01 2.247E+01
 2.410E+01 2.526E+01 2.708E+01 2.817E+01 2.942E+01 3.014E+01 3.061E+01 3.095E+01
 3.140E+01 3.169E+01 3.210E+01 3.233E+01 3.258E+01 3.271E+01 3.279E+01 3.285E+01
 3.292E+01 3.297E+01 3.304E+01 3.307E+01 3.311E+01 3.313E+01 3.314E+01 3.315E+01
 3.316E+01 3.317E+01
 0.000E+00 0.000E+00 0.000E+00 0.000E+00 0.000E+00 0.000E+00 0.000E+00 0.000E+00
 0.000E+00 0.000E+00 0.000E+00 0.000E+00 0.000E+00 0.000E+00 0.000E+00 0.000E+00
 0.000E+00 0.000E+00 0.000E+00 0.000E+00 0.000E+00 0.000E+00 0.000E+00 0.000E+00
 0.000E+00 0.000E+00 0.000E+00 0.000E+00 0.000E+00 0.000E+00 0.000E+00 0.000E+00
 0.000E+00 0.000E+00 0.000E+00 0.000E+00 0.000E+00 0.000E+00 0.000E+00 0.000E+00
 0.000E+00 0.000E+00 0.000E+00 0.000E+00 0.000E+00 0.000E+00 0.000E+00 0.000E+00
 2.938E-03 1.198E-02 2.382E-02 3.653E-02 4.916E-02 6.138E-02 7.305E-02 8.411E-02
 9.457E-02 1.044E-01 1.137E-01 1.225E-01 1.308E-01 1.387E-01 1.533E-01 1.665E-01
 1.786E-01 1.897E-01 1.999E-01 2.094E-01 2.181E-01 2.543E-01 2.814E-01 3.028E-01
 3.347E-01 3.578E-01 3.956E-01 4.190E-01 4.473E-01 4.642E-01 4.757E-01 4.841E-01
 4.957E-01 5.033E-01 5.147E-01 5.211E-01 5.281E-01 5.323E-01 5.348E-01 5.366E-01
 5.389E-01 5.404E-01 5.424E-01 5.436E-01 5.447E-01 5.455E-01 5.459E-01 5.462E-01
 5.465E-01 5.467E-01
     9
     3     3     3     3     3     7     3     3     8
  1.0000E-03  1.5000E-03  1.7351E-03
  1.7351E-03  1.7639E-03  1.7932E-03
  1.7932E-03  2.0000E-03  2.1940E-03
  2.1940E-03  2.3273E-03  2.4687E-03
  2.4687E-03  2.5856E-03  2.7080E-03
  2.7080E-03  3.0000E-03  4.0000E-03  5.0000E-03  6.0000E-03  8.0000E-03
  9.8811E-03
  9.8811E-03  1.0000E-02  1.1136E-02
  1.1136E-02  1.1406E-02  1.1681E-02
  1.1681E-02  1.5000E-02  2.0000E-02  3.0000E-02  4.0000E-02  5.0000E-02
  6.0000E-02  6.7416E-02
  1.0510E+06  4.6740E+05  3.4370E+05
  4.1850E+05  6.1788E+05  9.1160E+05
  1.0130E+06  1.1300E+06  8.9390E+05
  1.0380E+06  8.9932E+05  7.7960E+05
  8.2860E+05  7.4400E+05  6.6810E+05
  6.9700E+05  5.4950E+05  2.7460E+05  1.5790E+05  9.9630E+04  4.7630E+04
  2.7500E+04
  7.1890E+04  7.0150E+04  5.2600E+04
  7.2390E+04  6.8297E+04  6.4440E+04
  7.4500E+04  3.9400E+04  1.8410E+04  6.1910E+03  2.8190E+03  1.5230E+03
  9.1790E+02  6.6340E+02
