    25   54.938000
     1    82
     9
 K 
   6539.0
  1.00000E+03  1.50000E+03  2.00000E+03  3.00000E+03  4.00000E+03  5.00000E+03
  6.00000E+03  6.53890E+03  6.53900E+03  8.00000E+03  1.00000E+04  1.50000E+04
  2.00000E+04  3.00000E+04  4.00000E+04  5.00000E+04  6.00000E+04  8.00000E+04
  1.00000E+05  1.50000E+05  2.00000E+05  3.00000E+05  4.00000E+05  5.00000E+05
  6.00000E+05  8.00000E+05  1.00000E+06  1.02200E+06  1.25000E+06  1.50000E+06
  2.00000E+06  2.04400E+06  3.00000E+06  4.00000E+06  5.00000E+06  6.00000E+06
  7.00000E+06  8.00000E+06  9.00000E+06  1.00000E+07  1.10000E+07  1.20000E+07
  1.30000E+07  1.40000E+07  1.50000E+07  1.60000E+07  1.80000E+07  2.00000E+07
  2.20000E+07  2.40000E+07  2.60000E+07  2.80000E+07  3.00000E+07  4.00000E+07
  5.00000E+07  6.00000E+07  8.00000E+07  1.00000E+08  1.50000E+08  2.00000E+08
  3.00000E+08  4.00000E+08  5.00000E+08  6.00000E+08  8.00000E+08  1.00000E+09
  1.50000E+09  2.00000E+09  3.00000E+09  4.00000E+09  5.00000E+09  6.00000E+09
  8.00000E+09  1.00000E+10  1.50000E+10  2.00000E+10  3.00000E+10  4.00000E+10
  5.00000E+10  6.00000E+10  8.00000E+10  1.00000E+11
 3.868E+02 3.602E+02 3.326E+02 2.820E+02 2.384E+02 2.019E+02 1.719E+02 1.583E+02
 1.583E+02 1.284E+02 1.003E+02 6.275E+01 4.346E+01 2.384E+01 1.503E+01 1.043E+01
 7.695E+00 4.694E+00 3.151E+00 1.488E+00 8.623E-01 3.943E-01 2.246E-01 1.446E-01
 1.008E-01 5.692E-02 3.650E-02 3.495E-02 2.339E-02 1.625E-02 9.146E-03 8.757E-03
 4.067E-03 2.288E-03 1.464E-03 1.017E-03 7.472E-04 5.721E-04 4.520E-04 3.661E-04
 3.026E-04 2.543E-04 2.167E-04 1.868E-04 1.627E-04 1.430E-04 1.130E-04 9.154E-05
 7.565E-05 6.357E-05 5.416E-05 4.670E-05 4.068E-05 2.288E-05 1.465E-05 1.017E-05
 5.721E-06 3.661E-06 1.627E-06 9.153E-07 4.068E-07 2.288E-07 1.465E-07 1.017E-07
 5.721E-08 3.661E-08 1.627E-08 9.153E-09 4.068E-09 2.288E-09 1.465E-09 1.017E-09
 5.721E-10 3.661E-10 1.627E-10 9.153E-11 4.068E-11 2.288E-11 1.465E-11 1.017E-11
 5.721E-12 3.661E-12
 8.426E-01 1.451E+00 1.998E+00 2.989E+00 3.904E+00 4.736E+00 5.486E+00 5.857E+00
 5.857E+00 6.764E+00 7.775E+00 9.455E+00 1.047E+01 1.156E+01 1.200E+01 1.213E+01
 1.213E+01 1.191E+01 1.159E+01 1.072E+01 9.940E+00 8.733E+00 7.859E+00 7.193E+00
 6.664E+00 5.863E+00 5.275E+00 5.220E+00 4.719E+00 4.291E+00 3.663E+00 3.617E+00
 2.882E+00 2.405E+00 2.077E+00 1.836E+00 1.650E+00 1.501E+00 1.380E+00 1.279E+00
 1.193E+00 1.119E+00 1.054E+00 9.970E-01 9.465E-01 9.014E-01 8.238E-01 7.597E-01
 7.057E-01 6.594E-01 6.192E-01 5.841E-01 5.531E-01 4.395E-01 3.669E-01 3.161E-01
 2.493E-01 2.069E-01 1.473E-01 1.155E-01 8.189E-02 6.413E-02 5.309E-02 4.545E-02
 3.550E-02 2.921E-02 2.040E-02 1.579E-02 1.098E-02 8.473E-03 6.927E-03 5.874E-03
 4.526E-03 3.695E-03 2.554E-03 1.963E-03 1.354E-03 1.039E-03 8.465E-04 7.155E-04
 5.487E-04 4.464E-04
 7.379E+05 2.718E+05 1.293E+05 4.397E+04 2.009E+04 1.085E+04 6.528E+03 5.130E+03
 4.107E+04 2.481E+04 1.370E+04 4.514E+03 2.001E+03 6.161E+02 2.621E+02 1.338E+02
 7.685E+01 3.180E+01 1.597E+01 4.563E+00 1.889E+00 5.626E-01 2.481E-01 1.361E-01
 8.562E-02 4.359E-02 2.712E-02 2.573E-02 1.740E-02 1.255E-02 7.748E-03 7.484E-03
 4.211E-03 2.839E-03 2.127E-03 1.695E-03 1.406E-03 1.200E-03 1.046E-03 9.269E-04
 8.318E-04 7.542E-04 6.898E-04 6.354E-04 5.889E-04 5.488E-04 4.828E-04 4.310E-04
 3.892E-04 3.547E-04 3.259E-04 3.013E-04 2.802E-04 2.075E-04 1.648E-04 1.366E-04
 1.018E-04 8.111E-05 5.380E-05 4.024E-05 2.676E-05 2.004E-05 1.602E-05 1.334E-05
 1.000E-05 7.998E-06 5.329E-06 3.996E-06 2.663E-06 1.997E-06 1.598E-06 1.331E-06
 9.984E-07 7.986E-07 5.324E-07 3.993E-07 2.662E-07 1.996E-07 1.597E-07 1.331E-07
 9.982E-08 7.985E-08
 0.000E+00 0.000E+00 0.000E+00 0.000E+00 0.000E+00 0.000E+00 0.000E+00 0.000E+00
 0.000E+00 0.000E+00 0.000E+00 0.000E+00 0.000E+00 0.000E+00 0.000E+00 0.000E+00
 0.000E+00 0.000E+00 0.000E+00 0.000E+00 0.000E+00 0.000E+00 0.000E+00 0.000E+00
 0.000E+00 0.000E+00 0.000E+00 0.000E+00 5.947E-03 3.043E-02 1.166E-01 1.255E-01
 3.235E-01 5.173E-01 6.887E-01 8.414E-01 9.771E-01 1.099E+00 1.210E+00 1.310E+00
 1.401E+00 1.484E+00 1.561E+00 1.633E+00 1.699E+00 1.762E+00 1.877E+00 1.980E+00
 2.072E+00 2.157E+00 2.234E+00 2.305E+00 2.371E+00 2.638E+00 2.839E+00 2.995E+00
 3.228E+00 3.395E+00 3.664E+00 3.827E+00 4.018E+00 4.129E+00 4.202E+00 4.254E+00
 4.324E+00 4.370E+00 4.436E+00 4.472E+00 4.511E+00 4.532E+00 4.545E+00 4.554E+00
 4.566E+00 4.574E+00 4.584E+00 4.590E+00 4.596E+00 4.599E+00 4.601E+00 4.602E+00
 4.604E+00 4.605E+00
 0.000E+00 0.000E+00 0.000E+00 0.000E+00 0.000E+00 0.000E+00 0.000E+00 0.000E+00
 0.000E+00 0.000E+00 0.000E+00 0.000E+00 0.000E+00 0.000E+00 0.000E+00 0.000E+00
 0.000E+00 0.000E+00 0.000E+00 0.000E+00 0.000E+00 0.000E+00 0.000E+00 0.000E+00
 0.000E+00 0.000E+00 0.000E+00 0.000E+00 0.000E+00 0.000E+00 0.000E+00 0.000E+00
 1.009E-03 4.118E-03 8.203E-03 1.259E-02 1.697E-02 2.122E-02 2.529E-02 2.916E-02
 3.283E-02 3.629E-02 3.956E-02 4.267E-02 4.563E-02 4.844E-02 5.365E-02 5.841E-02
 6.278E-02 6.681E-02 7.053E-02 7.400E-02 7.723E-02 9.071E-02 1.011E-01 1.093E-01
 1.219E-01 1.312E-01 1.468E-01 1.568E-01 1.691E-01 1.766E-01 1.818E-01 1.856E-01
 1.910E-01 1.945E-01 1.999E-01 2.030E-01 2.063E-01 2.083E-01 2.095E-01 2.104E-01
 2.115E-01 2.123E-01 2.133E-01 2.139E-01 2.144E-01 2.148E-01 2.150E-01 2.151E-01
 2.153E-01 2.154E-01
     1
     8
  1.0000E-03  1.5000E-03  2.0000E-03  3.0000E-03  4.0000E-03  5.0000E-03
  6.0000E-03  6.5390E-03
  7.3790E+05  2.7180E+05  1.2930E+05  4.3970E+04  2.0090E+04  1.0850E+04
  6.5280E+03  5.1300E+03
