    88  226.025406
    11   102
    39    30    28    26    19    17    14    12    10     5     3
 K  L1 L2 L3 M1 M2 M3 M4 M5 N1 N2
 103921.9  19236.7  18484.3  15444.4   4822.0   4489.5   3791.8   3248.4
   3104.9   1208.4   1057.6
  1.00000E+03  1.05750E+03  1.05760E+03  1.20830E+03  1.20840E+03  1.50000E+03
  2.00000E+03  3.00000E+03  3.10480E+03  3.10490E+03  3.24830E+03  3.24840E+03
  3.79170E+03  3.79180E+03  4.00000E+03  4.48940E+03  4.48950E+03  4.82190E+03
  4.82200E+03  5.00000E+03  6.00000E+03  8.00000E+03  1.00000E+04  1.50000E+04
  1.54443E+04  1.54444E+04  1.84842E+04  1.84843E+04  1.92366E+04  1.92367E+04
  2.00000E+04  3.00000E+04  4.00000E+04  5.00000E+04  6.00000E+04  8.00000E+04
  1.00000E+05  1.03922E+05  1.03922E+05  1.50000E+05  2.00000E+05  3.00000E+05
  4.00000E+05  5.00000E+05  6.00000E+05  8.00000E+05  1.00000E+06  1.02200E+06
  1.25000E+06  1.50000E+06  2.00000E+06  2.04400E+06  3.00000E+06  4.00000E+06
  5.00000E+06  6.00000E+06  7.00000E+06  8.00000E+06  9.00000E+06  1.00000E+07
  1.10000E+07  1.20000E+07  1.30000E+07  1.40000E+07  1.50000E+07  1.60000E+07
  1.80000E+07  2.00000E+07  2.20000E+07  2.40000E+07  2.60000E+07  2.80000E+07
  3.00000E+07  4.00000E+07  5.00000E+07  6.00000E+07  8.00000E+07  1.00000E+08
  1.50000E+08  2.00000E+08  3.00000E+08  4.00000E+08  5.00000E+08  6.00000E+08
  8.00000E+08  1.00000E+09  1.50000E+09  2.00000E+09  3.00000E+09  4.00000E+09
  5.00000E+09  6.00000E+09  8.00000E+09  1.00000E+10  1.50000E+10  2.00000E+10
  3.00000E+10  4.00000E+10  5.00000E+10  6.00000E+10  8.00000E+10  1.00000E+11
 4.890E+03 4.865E+03 4.865E+03 4.797E+03 4.797E+03 4.665E+03 4.433E+03 3.978E+03
 3.931E+03 3.931E+03 3.870E+03 3.870E+03 3.644E+03 3.644E+03 3.562E+03 3.378E+03
 3.378E+03 3.260E+03 3.260E+03 3.199E+03 2.885E+03 2.374E+03 1.982E+03 1.336E+03
 1.294E+03 1.294E+03 1.050E+03 1.050E+03 1.001E+03 1.001E+03 9.547E+02 5.618E+02
 3.774E+02 2.707E+02 2.031E+02 1.276E+02 8.841E+01 8.288E+01 8.288E+01 4.395E+01
 2.628E+01 1.259E+01 7.386E+00 4.850E+00 3.426E+00 1.969E+00 1.277E+00 1.223E+00
 8.253E-01 5.768E-01 3.268E-01 3.131E-01 1.462E-01 8.241E-02 5.280E-02 3.669E-02
 2.697E-02 2.065E-02 1.632E-02 1.322E-02 1.093E-02 9.184E-03 7.826E-03 6.748E-03
 5.879E-03 5.167E-03 4.083E-03 3.307E-03 2.733E-03 2.297E-03 1.957E-03 1.687E-03
 1.470E-03 8.269E-04 5.292E-04 3.675E-04 2.067E-04 1.323E-04 5.880E-05 3.307E-05
 1.470E-05 8.269E-06 5.292E-06 3.675E-06 2.067E-06 1.323E-06 5.880E-07 3.307E-07
 1.470E-07 8.269E-08 5.292E-08 3.675E-08 2.067E-08 1.323E-08 5.880E-09 3.307E-09
 1.470E-09 8.269E-10 5.292E-10 3.675E-10 2.067E-10 1.323E-10
 1.797E+00 1.927E+00 1.927E+00 2.264E+00 2.264E+00 2.895E+00 3.989E+00 6.124E+00
 6.339E+00 6.339E+00 6.640E+00 6.640E+00 7.720E+00 7.720E+00 8.116E+00 9.009E+00
 9.009E+00 9.588E+00 9.588E+00 9.889E+00 1.147E+01 1.430E+01 1.682E+01 2.178E+01
 2.214E+01 2.214E+01 2.430E+01 2.430E+01 2.478E+01 2.478E+01 2.525E+01 2.990E+01
 3.276E+01 3.449E+01 3.548E+01 3.623E+01 3.618E+01 3.612E+01 3.612E+01 3.478E+01
 3.294E+01 2.957E+01 2.692E+01 2.481E+01 2.309E+01 2.042E+01 1.843E+01 1.824E+01
 1.652E+01 1.504E+01 1.286E+01 1.270E+01 1.013E+01 8.454E+00 7.304E+00 6.457E+00
 5.804E+00 5.283E+00 4.857E+00 4.500E+00 4.197E+00 3.937E+00 3.709E+00 3.509E+00
 3.331E+00 3.172E+00 2.899E+00 2.674E+00 2.484E+00 2.321E+00 2.179E+00 2.056E+00
 1.947E+00 1.547E+00 1.291E+00 1.113E+00 8.775E-01 7.283E-01 5.187E-01 4.067E-01
 2.882E-01 2.257E-01 1.869E-01 1.600E-01 1.250E-01 1.028E-01 7.180E-02 5.557E-02
 3.864E-02 2.982E-02 2.438E-02 2.068E-02 1.593E-02 1.301E-02 8.989E-03 6.911E-03
 4.766E-03 3.659E-03 2.980E-03 2.519E-03 1.931E-03 1.571E-03
 2.323E+06 2.098E+06 2.128E+06 1.656E+06 1.691E+06 1.103E+06 6.038E+05 2.461E+05
 2.276E+05 6.395E+05 5.118E+05 7.612E+05 5.001E+05 5.811E+05 5.094E+05 3.809E+05
 4.043E+05 3.394E+05 3.541E+05 3.249E+05 2.078E+05 1.015E+05 5.764E+04 2.026E+04
 1.878E+04 4.571E+04 2.807E+04 3.951E+04 3.575E+04 4.130E+04 3.741E+04 1.316E+04
 6.157E+03 3.392E+03 2.076E+03 9.513E+02 5.179E+02 4.665E+02 2.068E+03 8.053E+02
 3.805E+02 1.341E+02 6.562E+01 3.855E+01 2.538E+01 1.356E+01 8.573E+00 8.209E+00
 5.545E+00 3.944E+00 2.383E+00 2.298E+00 1.243E+00 8.124E-01 5.945E-01 4.653E-01
 3.807E-01 3.213E-01 2.775E-01 2.440E-01 2.175E-01 1.961E-01 1.785E-01 1.637E-01
 1.512E-01 1.404E-01 1.228E-01 1.091E-01 9.813E-02 8.915E-02 8.167E-02 7.534E-02
 6.991E-02 5.138E-02 4.059E-02 3.355E-02 2.490E-02 1.979E-02 1.308E-02 9.770E-03
 6.485E-03 4.853E-03 3.878E-03 3.229E-03 2.419E-03 1.934E-03 1.288E-03 9.656E-04
 6.435E-04 4.825E-04 3.859E-04 3.216E-04 2.412E-04 1.929E-04 1.286E-04 9.645E-05
 6.430E-05 4.822E-05 3.858E-05 3.215E-05 2.411E-05 1.929E-05
 0.000E+00 0.000E+00 0.000E+00 0.000E+00 0.000E+00 0.000E+00 0.000E+00 0.000E+00
 0.000E+00 0.000E+00 0.000E+00 0.000E+00 0.000E+00 0.000E+00 0.000E+00 0.000E+00
 0.000E+00 0.000E+00 0.000E+00 0.000E+00 0.000E+00 0.000E+00 0.000E+00 0.000E+00
 0.000E+00 0.000E+00 0.000E+00 0.000E+00 0.000E+00 0.000E+00 0.000E+00 0.000E+00
 0.000E+00 0.000E+00 0.000E+00 0.000E+00 0.000E+00 0.000E+00 0.000E+00 0.000E+00
 0.000E+00 0.000E+00 0.000E+00 0.000E+00 0.000E+00 0.000E+00 0.000E+00 0.000E+00
 1.571E-01 7.643E-01 2.263E+00 2.392E+00 4.798E+00 6.790E+00 8.454E+00 9.886E+00
 1.115E+01 1.229E+01 1.333E+01 1.429E+01 1.518E+01 1.600E+01 1.678E+01 1.750E+01
 1.818E+01 1.881E+01 1.995E+01 2.097E+01 2.190E+01 2.275E+01 2.352E+01 2.423E+01
 2.488E+01 2.755E+01 2.953E+01 3.106E+01 3.332E+01 3.491E+01 3.742E+01 3.891E+01
 4.064E+01 4.164E+01 4.229E+01 4.276E+01 4.338E+01 4.378E+01 4.436E+01 4.468E+01
 4.502E+01 4.520E+01 4.532E+01 4.540E+01 4.551E+01 4.557E+01 4.567E+01 4.572E+01
 4.577E+01 4.580E+01 4.581E+01 4.582E+01 4.584E+01 4.585E+01
 0.000E+00 0.000E+00 0.000E+00 0.000E+00 0.000E+00 0.000E+00 0.000E+00 0.000E+00
 0.000E+00 0.000E+00 0.000E+00 0.000E+00 0.000E+00 0.000E+00 0.000E+00 0.000E+00
 0.000E+00 0.000E+00 0.000E+00 0.000E+00 0.000E+00 0.000E+00 0.000E+00 0.000E+00
 0.000E+00 0.000E+00 0.000E+00 0.000E+00 0.000E+00 0.000E+00 0.000E+00 0.000E+00
 0.000E+00 0.000E+00 0.000E+00 0.000E+00 0.000E+00 0.000E+00 0.000E+00 0.000E+00
 0.000E+00 0.000E+00 0.000E+00 0.000E+00 0.000E+00 0.000E+00 0.000E+00 0.000E+00
 0.000E+00 0.000E+00 0.000E+00 0.000E+00 3.538E-03 1.442E-02 2.867E-02 4.393E-02
 5.911E-02 7.376E-02 8.775E-02 1.010E-01 1.135E-01 1.253E-01 1.364E-01 1.469E-01
 1.568E-01 1.662E-01 1.836E-01 1.994E-01 2.137E-01 2.269E-01 2.390E-01 2.502E-01
 2.606E-01 3.032E-01 3.353E-01 3.604E-01 3.980E-01 4.251E-01 4.694E-01 4.968E-01
 5.301E-01 5.500E-01 5.635E-01 5.734E-01 5.870E-01 5.961E-01 6.096E-01 6.172E-01
 6.256E-01 6.306E-01 6.336E-01 6.357E-01 6.386E-01 6.404E-01 6.428E-01 6.443E-01
 6.456E-01 6.465E-01 6.470E-01 6.474E-01 6.477E-01 6.480E-01
    11
     3     3     5     3     3     3     3     7     3     3     9
  1.0000E-03  1.0284E-03  1.0576E-03
  1.0576E-03  1.1305E-03  1.2084E-03
  1.2084E-03  1.5000E-03  2.0000E-03  3.0000E-03  3.1049E-03
  3.1049E-03  3.1758E-03  3.2484E-03
  3.2484E-03  3.5096E-03  3.7918E-03
  3.7918E-03  4.0000E-03  4.4895E-03
  4.4895E-03  4.6528E-03  4.8220E-03
  4.8220E-03  5.0000E-03  6.0000E-03  8.0000E-03  1.0000E-02  1.5000E-02
  1.5444E-02
  1.5444E-02  1.6896E-02  1.8484E-02
  1.8484E-02  1.8857E-02  1.9237E-02
  1.9237E-02  2.0000E-02  3.0000E-02  4.0000E-02  5.0000E-02  6.0000E-02
  8.0000E-02  1.0000E-01  1.039219E-01
  2.3230E+06  2.2074E+06  2.0980E+06
  2.1280E+06  1.8775E+06  1.6560E+06
  1.6910E+06  1.1030E+06  6.0380E+05  2.4610E+05  2.2760E+05
  6.3950E+05  5.7208E+05  5.1180E+05
  7.6120E+05  6.1695E+05  5.0010E+05
  5.8110E+05  5.0940E+05  3.8090E+05
  4.0430E+05  3.7041E+05  3.3940E+05
  3.5410E+05  3.2490E+05  2.0780E+05  1.0150E+05  5.7640E+04  2.0260E+04
  1.8780E+04
  4.5710E+04  3.5821E+04  2.8070E+04
  3.9510E+04  3.7586E+04  3.5750E+04
  4.1300E+04  3.7410E+04  1.3160E+04  6.1570E+03  3.3920E+03  2.0760E+03
  9.5130E+02  5.1790E+02  4.6650E+02
