    51  121.750000
     4    88
    20    11     9     7
 K  L1 L2 L3
  30491.2   4698.3   4380.4   4132.2
  1.00000E+03  1.50000E+03  2.00000E+03  3.00000E+03  4.00000E+03  4.13210E+03
  4.13220E+03  4.38030E+03  4.38040E+03  4.69820E+03  4.69830E+03  5.00000E+03
  6.00000E+03  8.00000E+03  1.00000E+04  1.50000E+04  2.00000E+04  3.00000E+04
  3.04911E+04  3.04912E+04  4.00000E+04  5.00000E+04  6.00000E+04  8.00000E+04
  1.00000E+05  1.50000E+05  2.00000E+05  3.00000E+05  4.00000E+05  5.00000E+05
  6.00000E+05  8.00000E+05  1.00000E+06  1.02200E+06  1.25000E+06  1.50000E+06
  2.00000E+06  2.04400E+06  3.00000E+06  4.00000E+06  5.00000E+06  6.00000E+06
  7.00000E+06  8.00000E+06  9.00000E+06  1.00000E+07  1.10000E+07  1.20000E+07
  1.30000E+07  1.40000E+07  1.50000E+07  1.60000E+07  1.80000E+07  2.00000E+07
  2.20000E+07  2.40000E+07  2.60000E+07  2.80000E+07  3.00000E+07  4.00000E+07
  5.00000E+07  6.00000E+07  8.00000E+07  1.00000E+08  1.50000E+08  2.00000E+08
  3.00000E+08  4.00000E+08  5.00000E+08  6.00000E+08  8.00000E+08  1.00000E+09
  1.50000E+09  2.00000E+09  3.00000E+09  4.00000E+09  5.00000E+09  6.00000E+09
  8.00000E+09  1.00000E+10  1.50000E+10  2.00000E+10  3.00000E+10  4.00000E+10
  5.00000E+10  6.00000E+10  8.00000E+10  1.00000E+11
 1.640E+03 1.551E+03 1.453E+03 1.267E+03 1.105E+03 1.086E+03 1.086E+03 1.050E+03
 1.050E+03 1.007E+03 1.007E+03 9.673E+02 8.501E+02 6.694E+02 5.438E+02 3.585E+02
 2.532E+02 1.431E+02 1.397E+02 1.397E+02 9.332E+01 6.620E+01 4.929E+01 3.023E+01
 2.046E+01 9.945E+00 5.874E+00 2.736E+00 1.574E+00 1.021E+00 7.150E-01 4.062E-01
 2.613E-01 2.503E-01 1.679E-01 1.168E-01 6.583E-02 6.304E-02 2.930E-02 1.649E-02
 1.056E-02 7.333E-03 5.388E-03 4.125E-03 3.260E-03 2.640E-03 2.182E-03 1.834E-03
 1.562E-03 1.347E-03 1.174E-03 1.031E-03 8.150E-04 6.602E-04 5.456E-04 4.584E-04
 3.906E-04 3.368E-04 2.934E-04 1.650E-04 1.056E-04 7.335E-05 4.126E-05 2.641E-05
 1.174E-05 6.601E-06 2.934E-06 1.650E-06 1.056E-06 7.335E-07 4.126E-07 2.640E-07
 1.174E-07 6.601E-08 2.934E-08 1.650E-08 1.056E-08 7.335E-09 4.126E-09 2.640E-09
 1.174E-09 6.601E-10 2.934E-10 1.650E-10 1.056E-10 7.335E-11 4.126E-11 2.640E-11
 1.016E+00 1.885E+00 2.763E+00 4.411E+00 5.860E+00 6.039E+00 6.039E+00 6.363E+00
 6.363E+00 6.768E+00 6.768E+00 7.140E+00 8.297E+00 1.035E+01 1.214E+01 1.548E+01
 1.764E+01 2.022E+01 2.031E+01 2.031E+01 2.158E+01 2.230E+01 2.265E+01 2.272E+01
 2.238E+01 2.106E+01 1.973E+01 1.752E+01 1.585E+01 1.456E+01 1.351E+01 1.191E+01
 1.073E+01 1.062E+01 9.608E+00 8.739E+00 7.464E+00 7.372E+00 5.876E+00 4.903E+00
 4.235E+00 3.744E+00 3.365E+00 3.063E+00 2.815E+00 2.609E+00 2.433E+00 2.282E+00
 2.150E+00 2.034E+00 1.931E+00 1.839E+00 1.681E+00 1.550E+00 1.439E+00 1.345E+00
 1.263E+00 1.192E+00 1.128E+00 8.966E-01 7.484E-01 6.448E-01 5.086E-01 4.221E-01
 3.006E-01 2.357E-01 1.670E-01 1.308E-01 1.083E-01 9.272E-02 7.242E-02 5.958E-02
 4.161E-02 3.220E-02 2.239E-02 1.728E-02 1.413E-02 1.198E-02 9.233E-03 7.538E-03
 5.209E-03 4.005E-03 2.762E-03 2.121E-03 1.727E-03 1.460E-03 1.119E-03 9.106E-04
 1.734E+06 7.042E+05 3.558E+05 1.308E+05 6.295E+04 5.791E+04 1.747E+05 1.561E+05
 2.112E+05 1.797E+05 2.071E+05 1.779E+05 1.117E+05 5.251E+04 2.893E+04 9.580E+03
 4.314E+03 1.379E+03 1.317E+03 8.074E+03 3.982E+03 2.176E+03 1.318E+03 5.891E+02
 3.125E+02 9.760E+01 4.274E+01 1.364E+01 6.271E+00 3.530E+00 2.257E+00 1.168E+00
 7.292E-01 6.940E-01 4.680E-01 3.352E-01 2.041E-01 1.969E-01 1.084E-01 7.186E-02
 5.317E-02 4.198E-02 3.458E-02 2.935E-02 2.547E-02 2.248E-02 2.011E-02 1.818E-02
 1.659E-02 1.525E-02 1.411E-02 1.312E-02 1.151E-02 1.025E-02 9.242E-03 8.410E-03
 7.715E-03 7.126E-03 6.620E-03 4.885E-03 3.869E-03 3.203E-03 2.382E-03 1.896E-03
 1.256E-03 9.384E-04 6.235E-04 4.668E-04 3.731E-04 3.107E-04 2.328E-04 1.862E-04
 1.240E-04 9.298E-05 6.196E-05 4.647E-05 3.717E-05 3.097E-05 2.323E-05 1.858E-05
 1.239E-05 9.289E-06 6.193E-06 4.644E-06 3.715E-06 3.096E-06 2.322E-06 1.858E-06
 0.000E+00 0.000E+00 0.000E+00 0.000E+00 0.000E+00 0.000E+00 0.000E+00 0.000E+00
 0.000E+00 0.000E+00 0.000E+00 0.000E+00 0.000E+00 0.000E+00 0.000E+00 0.000E+00
 0.000E+00 0.000E+00 0.000E+00 0.000E+00 0.000E+00 0.000E+00 0.000E+00 0.000E+00
 0.000E+00 0.000E+00 0.000E+00 0.000E+00 0.000E+00 0.000E+00 0.000E+00 0.000E+00
 0.000E+00 0.000E+00 3.578E-02 1.660E-01 5.648E-01 6.037E-01 1.437E+00 2.211E+00
 2.879E+00 3.456E+00 3.969E+00 4.431E+00 4.850E+00 5.234E+00 5.588E+00 5.915E+00
 6.220E+00 6.500E+00 6.759E+00 6.999E+00 7.439E+00 7.832E+00 8.189E+00 8.513E+00
 8.809E+00 9.080E+00 9.330E+00 1.034E+01 1.110E+01 1.168E+01 1.255E+01 1.316E+01
 1.414E+01 1.472E+01 1.540E+01 1.579E+01 1.605E+01 1.623E+01 1.648E+01 1.664E+01
 1.687E+01 1.699E+01 1.713E+01 1.720E+01 1.725E+01 1.728E+01 1.732E+01 1.735E+01
 1.738E+01 1.740E+01 1.742E+01 1.743E+01 1.744E+01 1.745E+01 1.745E+01 1.746E+01
 0.000E+00 0.000E+00 0.000E+00 0.000E+00 0.000E+00 0.000E+00 0.000E+00 0.000E+00
 0.000E+00 0.000E+00 0.000E+00 0.000E+00 0.000E+00 0.000E+00 0.000E+00 0.000E+00
 0.000E+00 0.000E+00 0.000E+00 0.000E+00 0.000E+00 0.000E+00 0.000E+00 0.000E+00
 0.000E+00 0.000E+00 0.000E+00 0.000E+00 0.000E+00 0.000E+00 0.000E+00 0.000E+00
 0.000E+00 0.000E+00 0.000E+00 0.000E+00 0.000E+00 0.000E+00 2.055E-03 8.384E-03
 1.669E-02 2.560E-02 3.448E-02 4.307E-02 5.129E-02 5.910E-02 6.648E-02 7.344E-02
 7.999E-02 8.623E-02 9.213E-02 9.773E-02 1.081E-01 1.175E-01 1.262E-01 1.341E-01
 1.414E-01 1.482E-01 1.545E-01 1.806E-01 2.004E-01 2.161E-01 2.398E-01 2.569E-01
 2.853E-01 3.031E-01 3.249E-01 3.380E-01 3.469E-01 3.535E-01 3.625E-01 3.685E-01
 3.774E-01 3.825E-01 3.880E-01 3.912E-01 3.932E-01 3.946E-01 3.964E-01 3.976E-01
 3.992E-01 4.001E-01 4.010E-01 4.016E-01 4.019E-01 4.021E-01 4.023E-01 4.025E-01
     4
     6     3     3     9
  1.0000E-03  1.5000E-03  2.0000E-03  3.0000E-03  4.0000E-03  4.1322E-03
  4.1322E-03  4.2545E-03  4.3804E-03
  4.3804E-03  4.5366E-03  4.6983E-03
  4.6983E-03  5.0000E-03  6.0000E-03  8.0000E-03  1.0000E-02  1.5000E-02
  2.0000E-02  3.0000E-02  3.0491E-02
  1.7340E+06  7.0420E+05  3.5580E+05  1.3080E+05  6.2950E+04  5.7910E+04
  1.7470E+05  1.6515E+05  1.5610E+05
  2.1120E+05  1.9479E+05  1.7970E+05
  2.0710E+05  1.7790E+05  1.1170E+05  5.2510E+04  2.8930E+04  9.5800E+03
  4.3140E+03  1.3790E+03  1.3170E+03
