    95  243.061005
    12   104
    41    33    31    28    23    20    17    15    12     8     5     3
 K  L1 L2 L3 M1 M2 M3 M4 M5 N1 N2 N3
 125027.0  23772.9  22944.0  18504.1   6120.5   5710.2   4667.0   4092.1
   3886.9   1617.1   1411.8   1135.7
  1.00000E+03  1.13560E+03  1.13570E+03  1.41170E+03  1.41180E+03  1.50000E+03
  1.61700E+03  1.61710E+03  2.00000E+03  3.00000E+03  3.88680E+03  3.88690E+03
  4.00000E+03  4.09200E+03  4.09210E+03  4.66690E+03  4.66700E+03  5.00000E+03
  5.71010E+03  5.71020E+03  6.00000E+03  6.12040E+03  6.12050E+03  8.00000E+03
  1.00000E+04  1.50000E+04  1.85040E+04  1.85041E+04  2.00000E+04  2.29439E+04
  2.29440E+04  2.37728E+04  2.37729E+04  3.00000E+04  4.00000E+04  5.00000E+04
  6.00000E+04  8.00000E+04  1.00000E+05  1.25027E+05  1.25027E+05  1.50000E+05
  2.00000E+05  3.00000E+05  4.00000E+05  5.00000E+05  6.00000E+05  8.00000E+05
  1.00000E+06  1.02200E+06  1.25000E+06  1.50000E+06  2.00000E+06  2.04400E+06
  3.00000E+06  4.00000E+06  5.00000E+06  6.00000E+06  7.00000E+06  8.00000E+06
  9.00000E+06  1.00000E+07  1.10000E+07  1.20000E+07  1.30000E+07  1.40000E+07
  1.50000E+07  1.60000E+07  1.80000E+07  2.00000E+07  2.20000E+07  2.40000E+07
  2.60000E+07  2.80000E+07  3.00000E+07  4.00000E+07  5.00000E+07  6.00000E+07
  8.00000E+07  1.00000E+08  1.50000E+08  2.00000E+08  3.00000E+08  4.00000E+08
  5.00000E+08  6.00000E+08  8.00000E+08  1.00000E+09  1.50000E+09  2.00000E+09
  3.00000E+09  4.00000E+09  5.00000E+09  6.00000E+09  8.00000E+09  1.00000E+10
  1.50000E+10  2.00000E+10  3.00000E+10  4.00000E+10  5.00000E+10  6.00000E+10
  8.00000E+10  1.00000E+11
 5.745E+03 5.681E+03 5.681E+03 5.550E+03 5.550E+03 5.504E+03 5.442E+03 5.442E+03
 5.243E+03 4.712E+03 4.266E+03 4.266E+03 4.212E+03 4.169E+03 4.169E+03 3.910E+03
 3.910E+03 3.770E+03 3.495E+03 3.495E+03 3.391E+03 3.349E+03 3.349E+03 2.787E+03
 2.333E+03 1.590E+03 1.261E+03 1.261E+03 1.150E+03 9.711E+02 9.711E+02 9.281E+02
 9.281E+02 6.789E+02 4.560E+02 3.300E+02 2.489E+02 1.564E+02 1.085E+02 7.456E+01
 7.456E+01 5.450E+01 3.268E+01 1.571E+01 9.260E+00 6.104E+00 4.323E+00 2.494E+00
 1.620E+00 1.553E+00 1.050E+00 7.348E-01 4.172E-01 3.997E-01 1.869E-01 1.055E-01
 6.763E-02 4.701E-02 3.456E-02 2.647E-02 2.092E-02 1.695E-02 1.401E-02 1.177E-02
 1.003E-02 8.650E-03 7.536E-03 6.623E-03 5.234E-03 4.239E-03 3.504E-03 2.944E-03
 2.509E-03 2.163E-03 1.884E-03 1.060E-03 6.784E-04 4.711E-04 2.650E-04 1.696E-04
 7.538E-05 4.240E-05 1.885E-05 1.060E-05 6.784E-06 4.711E-06 2.650E-06 1.696E-06
 7.538E-07 4.240E-07 1.885E-07 1.060E-07 6.784E-08 4.711E-08 2.650E-08 1.696E-08
 7.538E-09 4.240E-09 1.885E-09 1.060E-09 6.784E-10 4.711E-10 2.650E-10 1.696E-10
 1.747E+00 2.062E+00 2.062E+00 2.688E+00 2.688E+00 2.891E+00 3.161E+00 3.161E+00
 4.036E+00 6.247E+00 8.059E+00 8.060E+00 8.280E+00 8.458E+00 8.459E+00 9.538E+00
 9.539E+00 1.014E+01 1.135E+01 1.135E+01 1.182E+01 1.202E+01 1.202E+01 1.482E+01
 1.747E+01 2.286E+01 2.570E+01 2.570E+01 2.673E+01 2.850E+01 2.850E+01 2.894E+01
 2.894E+01 3.168E+01 3.471E+01 3.660E+01 3.772E+01 3.863E+01 3.864E+01 3.809E+01
 3.809E+01 3.725E+01 3.535E+01 3.180E+01 2.897E+01 2.672E+01 2.488E+01 2.201E+01
 1.987E+01 1.967E+01 1.782E+01 1.622E+01 1.387E+01 1.370E+01 1.093E+01 9.126E+00
 7.884E+00 6.970E+00 6.265E+00 5.703E+00 5.243E+00 4.858E+00 4.531E+00 4.250E+00
 4.004E+00 3.788E+00 3.596E+00 3.425E+00 3.130E+00 2.887E+00 2.681E+00 2.505E+00
 2.353E+00 2.219E+00 2.102E+00 1.670E+00 1.394E+00 1.201E+00 9.473E-01 7.862E-01
 5.599E-01 4.390E-01 3.112E-01 2.437E-01 2.017E-01 1.727E-01 1.349E-01 1.110E-01
 7.751E-02 5.999E-02 4.171E-02 3.220E-02 2.632E-02 2.232E-02 1.720E-02 1.404E-02
 9.704E-03 7.460E-03 5.145E-03 3.950E-03 3.217E-03 2.719E-03 2.085E-03 1.696E-03
 2.968E+06 2.376E+06 2.525E+06 1.670E+06 1.691E+06 1.498E+06 1.286E+06 1.310E+06
 8.404E+05 3.439E+05 1.898E+05 4.442E+05 4.192E+05 3.934E+05 5.552E+05 4.029E+05
 4.695E+05 3.957E+05 2.818E+05 2.987E+05 2.646E+05 2.517E+05 2.623E+05 1.356E+05
 7.758E+04 2.760E+04 1.606E+04 3.787E+04 3.085E+04 2.119E+04 3.027E+04 2.758E+04
 3.180E+04 1.766E+04 8.391E+03 4.676E+03 2.886E+03 1.339E+03 7.361E+02 4.039E+02
 1.654E+03 1.046E+03 5.041E+02 1.816E+02 9.022E+01 5.356E+01 3.553E+01 1.915E+01
 1.215E+01 1.163E+01 7.868E+00 5.594E+00 3.378E+00 3.256E+00 1.758E+00 1.146E+00
 8.374E-01 6.545E-01 5.349E-01 4.511E-01 3.893E-01 3.420E-01 3.048E-01 2.747E-01
 2.499E-01 2.291E-01 2.115E-01 1.964E-01 1.717E-01 1.525E-01 1.371E-01 1.245E-01
 1.140E-01 1.052E-01 9.758E-02 7.166E-02 5.660E-02 4.676E-02 3.469E-02 2.757E-02
 1.822E-02 1.360E-02 9.029E-03 6.757E-03 5.398E-03 4.494E-03 3.367E-03 2.692E-03
 1.793E-03 1.344E-03 8.956E-04 6.716E-04 5.372E-04 4.476E-04 3.357E-04 2.685E-04
 1.790E-04 1.342E-04 8.949E-05 6.712E-05 5.369E-05 4.474E-05 3.356E-05 2.685E-05
 0.000E+00 0.000E+00 0.000E+00 0.000E+00 0.000E+00 0.000E+00 0.000E+00 0.000E+00
 0.000E+00 0.000E+00 0.000E+00 0.000E+00 0.000E+00 0.000E+00 0.000E+00 0.000E+00
 0.000E+00 0.000E+00 0.000E+00 0.000E+00 0.000E+00 0.000E+00 0.000E+00 0.000E+00
 0.000E+00 0.000E+00 0.000E+00 0.000E+00 0.000E+00 0.000E+00 0.000E+00 0.000E+00
 0.000E+00 0.000E+00 0.000E+00 0.000E+00 0.000E+00 0.000E+00 0.000E+00 0.000E+00
 0.000E+00 0.000E+00 0.000E+00 0.000E+00 0.000E+00 0.000E+00 0.000E+00 0.000E+00
 0.000E+00 0.000E+00 1.905E-01 9.515E-01 2.766E+00 2.918E+00 5.674E+00 7.892E+00
 9.741E+00 1.131E+01 1.272E+01 1.399E+01 1.516E+01 1.624E+01 1.724E+01 1.817E+01
 1.904E+01 1.986E+01 2.063E+01 2.134E+01 2.264E+01 2.380E+01 2.486E+01 2.583E+01
 2.671E+01 2.752E+01 2.826E+01 3.131E+01 3.357E+01 3.532E+01 3.790E+01 3.972E+01
 4.258E+01 4.428E+01 4.627E+01 4.740E+01 4.815E+01 4.868E+01 4.939E+01 4.984E+01
 5.050E+01 5.086E+01 5.123E+01 5.147E+01 5.161E+01 5.170E+01 5.182E+01 5.190E+01
 5.199E+01 5.206E+01 5.210E+01 5.215E+01 5.217E+01 5.218E+01 5.219E+01 5.220E+01
 0.000E+00 0.000E+00 0.000E+00 0.000E+00 0.000E+00 0.000E+00 0.000E+00 0.000E+00
 0.000E+00 0.000E+00 0.000E+00 0.000E+00 0.000E+00 0.000E+00 0.000E+00 0.000E+00
 0.000E+00 0.000E+00 0.000E+00 0.000E+00 0.000E+00 0.000E+00 0.000E+00 0.000E+00
 0.000E+00 0.000E+00 0.000E+00 0.000E+00 0.000E+00 0.000E+00 0.000E+00 0.000E+00
 0.000E+00 0.000E+00 0.000E+00 0.000E+00 0.000E+00 0.000E+00 0.000E+00 0.000E+00
 0.000E+00 0.000E+00 0.000E+00 0.000E+00 0.000E+00 0.000E+00 0.000E+00 0.000E+00
 0.000E+00 0.000E+00 0.000E+00 0.000E+00 0.000E+00 0.000E+00 3.818E-03 1.555E-02
 3.092E-02 4.738E-02 6.373E-02 7.952E-02 9.458E-02 1.089E-01 1.223E-01 1.350E-01
 1.469E-01 1.582E-01 1.689E-01 1.790E-01 1.976E-01 2.146E-01 2.300E-01 2.441E-01
 2.571E-01 2.691E-01 2.802E-01 3.259E-01 3.602E-01 3.871E-01 4.272E-01 4.561E-01
 5.032E-01 5.323E-01 5.676E-01 5.886E-01 6.029E-01 6.133E-01 6.276E-01 6.371E-01
 6.512E-01 6.593E-01 6.680E-01 6.732E-01 6.763E-01 6.785E-01 6.815E-01 6.834E-01
 6.859E-01 6.874E-01 6.888E-01 6.897E-01 6.902E-01 6.906E-01 6.909E-01 6.912E-01
    12
     3     3     3     4     3     3     3     3     5     3     3     8
  1.0000E-03  1.0657E-03  1.1357E-03
  1.1357E-03  1.2662E-03  1.4118E-03
  1.4118E-03  1.5000E-03  1.6171E-03
  1.6171E-03  2.0000E-03  3.0000E-03  3.8869E-03
  3.8869E-03  4.0000E-03  4.0921E-03
  4.0921E-03  4.3701E-03  4.6670E-03
  4.6670E-03  5.0000E-03  5.7102E-03
  5.7102E-03  6.0000E-03  6.1205E-03
  6.1205E-03  8.0000E-03  1.0000E-02  1.5000E-02  1.8504E-02
  1.8504E-02  2.0000E-02  2.2944E-02
  2.2944E-02  2.3355E-02  2.3773E-02
  2.3773E-02  3.0000E-02  4.0000E-02  5.0000E-02  6.0000E-02  8.0000E-02
  1.0000E-01  1.2503E-01
  2.9680E+06  2.6550E+06  2.3760E+06
  2.5250E+06  2.0532E+06  1.6700E+06
  1.6910E+06  1.4980E+06  1.2860E+06
  1.3100E+06  8.4040E+05  3.4390E+05  1.8980E+05
  4.4420E+05  4.1920E+05  3.9340E+05
  5.5520E+05  4.7292E+05  4.0290E+05
  4.6950E+05  3.9570E+05  2.8180E+05
  2.9870E+05  2.6460E+05  2.5170E+05
  2.6230E+05  1.3560E+05  7.7580E+04  2.7600E+04  1.6060E+04
  3.7870E+04  3.0850E+04  2.1190E+04
  3.0270E+04  2.8885E+04  2.7580E+04
  3.1800E+04  1.7660E+04  8.3910E+03  4.6760E+03  2.8860E+03  1.3390E+03
  7.3610E+02  4.0390E+02
