    60  144.240005
     8    96
    29    21    19    17    10     7     5     3
 K  L1 L2 L3 M1 M2 M3 M4
  43568.9   7126.0   6721.5   6207.9   1575.3   1402.8   1297.4   1005.0
  1.00000E+03  1.00490E+03  1.00500E+03  1.29730E+03  1.29740E+03  1.40270E+03
  1.40280E+03  1.50000E+03  1.57520E+03  1.57530E+03  2.00000E+03  3.00000E+03
  4.00000E+03  5.00000E+03  6.00000E+03  6.20780E+03  6.20790E+03  6.72140E+03
  6.72150E+03  7.12590E+03  7.12600E+03  8.00000E+03  1.00000E+04  1.50000E+04
  2.00000E+04  3.00000E+04  4.00000E+04  4.35688E+04  4.35689E+04  5.00000E+04
  6.00000E+04  8.00000E+04  1.00000E+05  1.50000E+05  2.00000E+05  3.00000E+05
  4.00000E+05  5.00000E+05  6.00000E+05  8.00000E+05  1.00000E+06  1.02200E+06
  1.25000E+06  1.50000E+06  2.00000E+06  2.04400E+06  3.00000E+06  4.00000E+06
  5.00000E+06  6.00000E+06  7.00000E+06  8.00000E+06  9.00000E+06  1.00000E+07
  1.10000E+07  1.20000E+07  1.30000E+07  1.40000E+07  1.50000E+07  1.60000E+07
  1.80000E+07  2.00000E+07  2.20000E+07  2.40000E+07  2.60000E+07  2.80000E+07
  3.00000E+07  4.00000E+07  5.00000E+07  6.00000E+07  8.00000E+07  1.00000E+08
  1.50000E+08  2.00000E+08  3.00000E+08  4.00000E+08  5.00000E+08  6.00000E+08
  8.00000E+08  1.00000E+09  1.50000E+09  2.00000E+09  3.00000E+09  4.00000E+09
  5.00000E+09  6.00000E+09  8.00000E+09  1.00000E+10  1.50000E+10  2.00000E+10
  3.00000E+10  4.00000E+10  5.00000E+10  6.00000E+10  8.00000E+10  1.00000E+11
 2.252E+03 2.250E+03 2.250E+03 2.181E+03 2.181E+03 2.155E+03 2.155E+03 2.130E+03
 2.111E+03 2.111E+03 2.006E+03 1.766E+03 1.548E+03 1.361E+03 1.204E+03 1.175E+03
 1.175E+03 1.106E+03 1.106E+03 1.057E+03 1.057E+03 9.601E+02 7.818E+02 5.102E+02
 3.663E+02 2.135E+02 1.389E+02 1.220E+02 1.220E+02 9.865E+01 7.408E+01 4.606E+01
 3.129E+01 1.524E+01 9.050E+00 4.250E+00 2.454E+00 1.596E+00 1.119E+00 6.375E-01
 4.107E-01 3.934E-01 2.641E-01 1.839E-01 1.037E-01 9.935E-02 4.621E-02 2.602E-02
 1.666E-02 1.157E-02 8.501E-03 6.509E-03 5.143E-03 4.166E-03 3.443E-03 2.893E-03
 2.465E-03 2.126E-03 1.852E-03 1.628E-03 1.286E-03 1.042E-03 8.608E-04 7.233E-04
 6.164E-04 5.315E-04 4.630E-04 2.604E-04 1.667E-04 1.157E-04 6.510E-05 4.167E-05
 1.852E-05 1.042E-05 4.630E-06 2.604E-06 1.667E-06 1.157E-06 6.510E-07 4.167E-07
 1.852E-07 1.042E-07 4.630E-08 2.604E-08 1.667E-08 1.157E-08 6.510E-09 4.167E-09
 1.852E-09 1.042E-09 4.630E-10 2.604E-10 1.667E-10 1.157E-10 6.510E-11 4.167E-11
 1.513E+00 1.523E+00 1.523E+00 2.073E+00 2.073E+00 2.270E+00 2.270E+00 2.452E+00
 2.592E+00 2.592E+00 3.369E+00 5.141E+00 6.778E+00 8.259E+00 9.571E+00 9.825E+00
 9.825E+00 1.043E+01 1.043E+01 1.087E+01 1.087E+01 1.179E+01 1.365E+01 1.735E+01
 1.996E+01 2.306E+01 2.468E+01 2.506E+01 2.506E+01 2.556E+01 2.601E+01 2.621E+01
 2.592E+01 2.452E+01 2.302E+01 2.050E+01 1.858E+01 1.708E+01 1.586E+01 1.400E+01
 1.261E+01 1.248E+01 1.130E+01 1.028E+01 8.778E+00 8.670E+00 6.912E+00 5.768E+00
 4.982E+00 4.404E+00 3.958E+00 3.603E+00 3.312E+00 3.069E+00 2.862E+00 2.684E+00
 2.529E+00 2.392E+00 2.271E+00 2.163E+00 1.977E+00 1.823E+00 1.693E+00 1.582E+00
 1.486E+00 1.402E+00 1.327E+00 1.055E+00 8.805E-01 7.586E-01 5.983E-01 4.966E-01
 3.536E-01 2.773E-01 1.965E-01 1.539E-01 1.274E-01 1.091E-01 8.520E-02 7.009E-02
 4.895E-02 3.789E-02 2.634E-02 2.033E-02 1.663E-02 1.410E-02 1.086E-02 8.868E-03
 6.129E-03 4.712E-03 3.249E-03 2.495E-03 2.032E-03 1.717E-03 1.317E-03 1.071E-03
 1.585E+06 1.658E+06 2.039E+06 1.419E+06 1.634E+06 1.374E+06 1.457E+06 1.261E+06
 1.133E+06 1.184E+06 6.874E+05 2.601E+05 1.270E+05 7.196E+04 4.494E+04 4.113E+04
 1.160E+05 9.501E+04 1.296E+05 1.121E+05 1.294E+05 9.709E+04 5.429E+04 1.845E+04
 8.437E+03 2.749E+03 1.228E+03 9.650E+02 5.519E+03 3.827E+03 2.373E+03 1.087E+03
 5.865E+02 1.883E+02 8.397E+01 2.742E+01 1.278E+01 7.261E+00 4.673E+00 2.433E+00
 1.522E+00 1.457E+00 9.821E-01 7.020E-01 4.263E-01 4.112E-01 2.252E-01 1.486E-01
 1.096E-01 8.635E-02 7.100E-02 6.017E-02 5.214E-02 4.597E-02 4.108E-02 3.712E-02
 3.384E-02 3.109E-02 2.875E-02 2.673E-02 2.344E-02 2.086E-02 1.879E-02 1.709E-02
 1.567E-02 1.447E-02 1.344E-02 9.905E-03 7.841E-03 6.487E-03 4.822E-03 3.837E-03
 2.540E-03 1.898E-03 1.261E-03 9.437E-04 7.541E-04 6.279E-04 4.705E-04 3.762E-04
 2.506E-04 1.879E-04 1.252E-04 9.390E-05 7.511E-05 6.259E-05 4.694E-05 3.755E-05
 2.503E-05 1.877E-05 1.251E-05 9.385E-06 7.508E-06 6.257E-06 4.692E-06 3.754E-06
 0.000E+00 0.000E+00 0.000E+00 0.000E+00 0.000E+00 0.000E+00 0.000E+00 0.000E+00
 0.000E+00 0.000E+00 0.000E+00 0.000E+00 0.000E+00 0.000E+00 0.000E+00 0.000E+00
 0.000E+00 0.000E+00 0.000E+00 0.000E+00 0.000E+00 0.000E+00 0.000E+00 0.000E+00
 0.000E+00 0.000E+00 0.000E+00 0.000E+00 0.000E+00 0.000E+00 0.000E+00 0.000E+00
 0.000E+00 0.000E+00 0.000E+00 0.000E+00 0.000E+00 0.000E+00 0.000E+00 0.000E+00
 0.000E+00 0.000E+00 5.553E-02 2.566E-01 8.388E-01 8.941E-01 2.049E+00 3.092E+00
 3.988E+00 4.758E+00 5.441E+00 6.054E+00 6.610E+00 7.121E+00 7.593E+00 8.029E+00
 8.437E+00 8.814E+00 9.165E+00 9.490E+00 1.008E+01 1.061E+01 1.108E+01 1.152E+01
 1.191E+01 1.228E+01 1.261E+01 1.397E+01 1.498E+01 1.577E+01 1.693E+01 1.775E+01
 1.906E+01 1.984E+01 2.075E+01 2.128E+01 2.162E+01 2.187E+01 2.220E+01 2.241E+01
 2.272E+01 2.289E+01 2.307E+01 2.317E+01 2.323E+01 2.327E+01 2.333E+01 2.336E+01
 2.341E+01 2.344E+01 2.347E+01 2.348E+01 2.349E+01 2.350E+01 2.351E+01 2.351E+01
 0.000E+00 0.000E+00 0.000E+00 0.000E+00 0.000E+00 0.000E+00 0.000E+00 0.000E+00
 0.000E+00 0.000E+00 0.000E+00 0.000E+00 0.000E+00 0.000E+00 0.000E+00 0.000E+00
 0.000E+00 0.000E+00 0.000E+00 0.000E+00 0.000E+00 0.000E+00 0.000E+00 0.000E+00
 0.000E+00 0.000E+00 0.000E+00 0.000E+00 0.000E+00 0.000E+00 0.000E+00 0.000E+00
 0.000E+00 0.000E+00 0.000E+00 0.000E+00 0.000E+00 0.000E+00 0.000E+00 0.000E+00
 0.000E+00 0.000E+00 0.000E+00 0.000E+00 0.000E+00 0.000E+00 2.417E-03 9.855E-03
 1.961E-02 3.008E-02 4.050E-02 5.058E-02 6.021E-02 6.936E-02 7.800E-02 8.615E-02
 9.382E-02 1.011E-01 1.080E-01 1.146E-01 1.267E-01 1.377E-01 1.478E-01 1.570E-01
 1.655E-01 1.734E-01 1.808E-01 2.111E-01 2.340E-01 2.522E-01 2.794E-01 2.992E-01
 3.319E-01 3.524E-01 3.774E-01 3.925E-01 4.028E-01 4.103E-01 4.208E-01 4.277E-01
 4.381E-01 4.441E-01 4.506E-01 4.545E-01 4.568E-01 4.585E-01 4.607E-01 4.621E-01
 4.640E-01 4.652E-01 4.662E-01 4.669E-01 4.673E-01 4.676E-01 4.679E-01 4.681E-01
     8
     3     3     3     3     7     3     3     8
  1.0000E-03  1.0025E-03  1.0050E-03
  1.0050E-03  1.1419E-03  1.2974E-03
  1.2974E-03  1.3491E-03  1.4028E-03
  1.4028E-03  1.5000E-03  1.5753E-03
  1.5753E-03  2.0000E-03  3.0000E-03  4.0000E-03  5.0000E-03  6.0000E-03
  6.2079E-03
  6.2079E-03  6.4596E-03  6.7215E-03
  6.7215E-03  6.9208E-03  7.1260E-03
  7.1260E-03  8.0000E-03  1.0000E-02  1.5000E-02  2.0000E-02  3.0000E-02
  4.0000E-02  4.3569E-02
  1.5850E+06  1.6220E+06  1.6580E+06
  2.0390E+06  1.7009E+06  1.4190E+06
  1.6340E+06  1.4984E+06  1.3740E+06
  1.4570E+06  1.2610E+06  1.1330E+06
  1.1840E+06  6.8740E+05  2.6010E+05  1.2700E+05  7.1960E+04  4.4940E+04
  4.1130E+04
  1.1600E+05  1.0497E+05  9.5010E+04
  1.2960E+05  1.2049E+05  1.1210E+05
  1.2940E+05  9.7090E+04  5.4290E+04  1.8450E+04  8.4370E+03  2.7490E+03
  1.2280E+03  9.6500E+02
