    22   47.880001
     1    82
     7
 K 
   4966.4
  1.00000E+03  1.50000E+03  2.00000E+03  3.00000E+03  4.00000E+03  4.96630E+03
  4.96640E+03  5.00000E+03  6.00000E+03  8.00000E+03  1.00000E+04  1.50000E+04
  2.00000E+04  3.00000E+04  4.00000E+04  5.00000E+04  6.00000E+04  8.00000E+04
  1.00000E+05  1.50000E+05  2.00000E+05  3.00000E+05  4.00000E+05  5.00000E+05
  6.00000E+05  8.00000E+05  1.00000E+06  1.02200E+06  1.25000E+06  1.50000E+06
  2.00000E+06  2.04400E+06  3.00000E+06  4.00000E+06  5.00000E+06  6.00000E+06
  7.00000E+06  8.00000E+06  9.00000E+06  1.00000E+07  1.10000E+07  1.20000E+07
  1.30000E+07  1.40000E+07  1.50000E+07  1.60000E+07  1.80000E+07  2.00000E+07
  2.20000E+07  2.40000E+07  2.60000E+07  2.80000E+07  3.00000E+07  4.00000E+07
  5.00000E+07  6.00000E+07  8.00000E+07  1.00000E+08  1.50000E+08  2.00000E+08
  3.00000E+08  4.00000E+08  5.00000E+08  6.00000E+08  8.00000E+08  1.00000E+09
  1.50000E+09  2.00000E+09  3.00000E+09  4.00000E+09  5.00000E+09  6.00000E+09
  8.00000E+09  1.00000E+10  1.50000E+10  2.00000E+10  3.00000E+10  4.00000E+10
  5.00000E+10  6.00000E+10  8.00000E+10  1.00000E+11
 2.935E+02 2.693E+02 2.459E+02 2.052E+02 1.715E+02 1.450E+02 1.450E+02 1.442E+02
 1.225E+02 9.223E+01 7.317E+01 4.654E+01 3.185E+01 1.725E+01 1.090E+01 7.575E+00
 5.585E+00 3.390E+00 2.266E+00 1.065E+00 6.161E-01 2.810E-01 1.598E-01 1.028E-01
 7.161E-02 4.041E-02 2.590E-02 2.480E-02 1.659E-02 1.153E-02 6.488E-03 6.212E-03
 2.885E-03 1.623E-03 1.039E-03 7.214E-04 5.300E-04 4.058E-04 3.206E-04 2.597E-04
 2.146E-04 1.803E-04 1.537E-04 1.325E-04 1.154E-04 1.014E-04 8.015E-05 6.493E-05
 5.366E-05 4.509E-05 3.842E-05 3.313E-05 2.886E-05 1.623E-05 1.039E-05 7.214E-06
 4.058E-06 2.597E-06 1.154E-06 6.492E-07 2.885E-07 1.623E-07 1.039E-07 7.214E-08
 4.058E-08 2.597E-08 1.154E-08 6.492E-09 2.885E-09 1.623E-09 1.039E-09 7.214E-10
 4.058E-10 2.597E-10 1.154E-10 6.492E-11 2.885E-11 1.623E-11 1.039E-11 7.214E-12
 4.058E-12 2.597E-12
 9.397E-01 1.550E+00 2.082E+00 3.051E+00 3.928E+00 4.678E+00 4.678E+00 4.702E+00
 5.382E+00 6.486E+00 7.309E+00 8.665E+00 9.512E+00 1.040E+01 1.073E+01 1.082E+01
 1.079E+01 1.058E+01 1.027E+01 9.476E+00 8.775E+00 7.699E+00 6.924E+00 6.335E+00
 5.868E+00 5.161E+00 4.643E+00 4.594E+00 4.154E+00 3.776E+00 3.223E+00 3.184E+00
 2.537E+00 2.116E+00 1.828E+00 1.615E+00 1.452E+00 1.321E+00 1.215E+00 1.125E+00
 1.050E+00 9.844E-01 9.274E-01 8.774E-01 8.330E-01 7.932E-01 7.250E-01 6.685E-01
 6.210E-01 5.803E-01 5.449E-01 5.140E-01 4.867E-01 3.868E-01 3.228E-01 2.782E-01
 2.194E-01 1.821E-01 1.297E-01 1.017E-01 7.206E-02 5.644E-02 4.672E-02 4.000E-02
 3.124E-02 2.570E-02 1.795E-02 1.389E-02 9.659E-03 7.456E-03 6.096E-03 5.169E-03
 3.983E-03 3.252E-03 2.247E-03 1.728E-03 1.191E-03 9.147E-04 7.449E-04 6.297E-04
 4.828E-04 3.928E-04
 4.663E+05 1.664E+05 7.815E+04 2.621E+04 1.189E+04 6.513E+03 5.453E+04 5.422E+04
 3.425E+04 1.599E+04 8.719E+03 2.797E+03 1.219E+03 3.676E+02 1.543E+02 7.808E+01
 4.453E+01 1.825E+01 9.096E+00 2.567E+00 1.055E+00 3.115E-01 1.367E-01 7.472E-02
 4.692E-02 2.385E-02 1.483E-02 1.406E-02 9.516E-03 6.871E-03 4.251E-03 4.107E-03
 2.320E-03 1.568E-03 1.177E-03 9.388E-04 7.797E-04 6.661E-04 5.810E-04 5.151E-04
 4.624E-04 4.195E-04 3.838E-04 3.536E-04 3.278E-04 3.055E-04 2.689E-04 2.401E-04
 2.169E-04 1.977E-04 1.817E-04 1.680E-04 1.563E-04 1.158E-04 9.196E-05 7.626E-05
 5.684E-05 4.530E-05 3.005E-05 2.248E-05 1.495E-05 1.120E-05 8.953E-06 7.457E-06
 5.589E-06 4.470E-06 2.978E-06 2.233E-06 1.488E-06 1.116E-06 8.928E-07 7.440E-07
 5.580E-07 4.464E-07 2.976E-07 2.232E-07 1.488E-07 1.116E-07 8.926E-08 7.438E-08
 5.579E-08 4.463E-08
 0.000E+00 0.000E+00 0.000E+00 0.000E+00 0.000E+00 0.000E+00 0.000E+00 0.000E+00
 0.000E+00 0.000E+00 0.000E+00 0.000E+00 0.000E+00 0.000E+00 0.000E+00 0.000E+00
 0.000E+00 0.000E+00 0.000E+00 0.000E+00 0.000E+00 0.000E+00 0.000E+00 0.000E+00
 0.000E+00 0.000E+00 0.000E+00 0.000E+00 4.427E-03 2.302E-02 8.934E-02 9.626E-02
 2.492E-01 3.998E-01 5.331E-01 6.522E-01 7.580E-01 8.532E-01 9.394E-01 1.017E+00
 1.088E+00 1.153E+00 1.214E+00 1.269E+00 1.322E+00 1.371E+00 1.460E+00 1.541E+00
 1.613E+00 1.679E+00 1.739E+00 1.795E+00 1.846E+00 2.056E+00 2.212E+00 2.334E+00
 2.517E+00 2.648E+00 2.860E+00 2.989E+00 3.141E+00 3.230E+00 3.289E+00 3.332E+00
 3.389E+00 3.426E+00 3.480E+00 3.509E+00 3.541E+00 3.558E+00 3.569E+00 3.577E+00
 3.587E+00 3.593E+00 3.602E+00 3.607E+00 3.611E+00 3.614E+00 3.616E+00 3.617E+00
 3.618E+00 3.619E+00
 0.000E+00 0.000E+00 0.000E+00 0.000E+00 0.000E+00 0.000E+00 0.000E+00 0.000E+00
 0.000E+00 0.000E+00 0.000E+00 0.000E+00 0.000E+00 0.000E+00 0.000E+00 0.000E+00
 0.000E+00 0.000E+00 0.000E+00 0.000E+00 0.000E+00 0.000E+00 0.000E+00 0.000E+00
 0.000E+00 0.000E+00 0.000E+00 0.000E+00 0.000E+00 0.000E+00 0.000E+00 0.000E+00
 8.876E-04 3.624E-03 7.220E-03 1.109E-02 1.494E-02 1.868E-02 2.227E-02 2.568E-02
 2.891E-02 3.196E-02 3.484E-02 3.759E-02 4.020E-02 4.268E-02 4.728E-02 5.148E-02
 5.534E-02 5.890E-02 6.219E-02 6.526E-02 6.812E-02 8.005E-02 8.923E-02 9.659E-02
 1.078E-01 1.162E-01 1.302E-01 1.392E-01 1.505E-01 1.574E-01 1.622E-01 1.658E-01
 1.708E-01 1.742E-01 1.792E-01 1.822E-01 1.854E-01 1.873E-01 1.885E-01 1.893E-01
 1.904E-01 1.911E-01 1.921E-01 1.927E-01 1.932E-01 1.936E-01 1.938E-01 1.939E-01
 1.941E-01 1.942E-01
     1
     6
  1.0000E-03  1.5000E-03  2.0000E-03  3.0000E-03  4.0000E-03  4.9664E-03
  4.6630E+05  1.6640E+05  7.8150E+04  2.6210E+04  1.1890E+04  6.5130E+03
