    15   30.973761
     1    82
     5
 K 
   2145.5
  1.00000E+03  1.50000E+03  2.00000E+03  2.14540E+03  2.14550E+03  3.00000E+03
  4.00000E+03  5.00000E+03  6.00000E+03  8.00000E+03  1.00000E+04  1.50000E+04
  2.00000E+04  3.00000E+04  4.00000E+04  5.00000E+04  6.00000E+04  8.00000E+04
  1.00000E+05  1.50000E+05  2.00000E+05  3.00000E+05  4.00000E+05  5.00000E+05
  6.00000E+05  8.00000E+05  1.00000E+06  1.02200E+06  1.25000E+06  1.50000E+06
  2.00000E+06  2.04400E+06  3.00000E+06  4.00000E+06  5.00000E+06  6.00000E+06
  7.00000E+06  8.00000E+06  9.00000E+06  1.00000E+07  1.10000E+07  1.20000E+07
  1.30000E+07  1.40000E+07  1.50000E+07  1.60000E+07  1.80000E+07  2.00000E+07
  2.20000E+07  2.40000E+07  2.60000E+07  2.80000E+07  3.00000E+07  4.00000E+07
  5.00000E+07  6.00000E+07  8.00000E+07  1.00000E+08  1.50000E+08  2.00000E+08
  3.00000E+08  4.00000E+08  5.00000E+08  6.00000E+08  8.00000E+08  1.00000E+09
  1.50000E+09  2.00000E+09  3.00000E+09  4.00000E+09  5.00000E+09  6.00000E+09
  8.00000E+09  1.00000E+10  1.50000E+10  2.00000E+10  3.00000E+10  4.00000E+10
  5.00000E+10  6.00000E+10  8.00000E+10  1.00000E+11
 1.366E+02 1.241E+02 1.113E+02 1.078E+02 1.078E+02 8.973E+01 7.447E+01 6.362E+01
 5.533E+01 4.284E+01 3.363E+01 1.967E+01 1.287E+01 6.897E+00 4.346E+00 2.986E+00
 2.172E+00 1.292E+00 8.552E-01 3.973E-01 2.281E-01 1.031E-01 5.837E-02 3.748E-02
 2.607E-02 1.469E-02 9.409E-03 9.009E-03 6.025E-03 4.185E-03 2.355E-03 2.255E-03
 1.047E-03 5.889E-04 3.769E-04 2.617E-04 1.923E-04 1.472E-04 1.163E-04 9.423E-05
 7.788E-05 6.544E-05 5.576E-05 4.808E-05 4.188E-05 3.681E-05 2.908E-05 2.356E-05
 1.947E-05 1.636E-05 1.394E-05 1.202E-05 1.047E-05 5.889E-06 3.769E-06 2.617E-06
 1.472E-06 9.422E-07 4.188E-07 2.355E-07 1.047E-07 5.889E-08 3.769E-08 2.617E-08
 1.472E-08 9.422E-09 4.188E-09 2.355E-09 1.047E-09 5.889E-10 3.769E-10 2.617E-10
 1.472E-10 9.422E-11 4.188E-11 2.355E-11 1.047E-11 5.889E-12 3.769E-12 2.617E-12
 1.472E-12 9.422E-13
 5.723E-01 1.070E+00 1.556E+00 1.690E+00 1.690E+00 2.385E+00 3.027E+00 3.538E+00
 3.970E+00 4.698E+00 5.297E+00 6.342E+00 6.923E+00 7.439E+00 7.611E+00 7.637E+00
 7.587E+00 7.384E+00 7.135E+00 6.531E+00 6.026E+00 5.270E+00 4.733E+00 4.328E+00
 4.006E+00 3.522E+00 3.168E+00 3.135E+00 2.833E+00 2.576E+00 2.198E+00 2.171E+00
 1.730E+00 1.443E+00 1.246E+00 1.101E+00 9.899E-01 9.009E-01 8.282E-01 7.673E-01
 7.157E-01 6.712E-01 6.323E-01 5.982E-01 5.679E-01 5.408E-01 4.943E-01 4.558E-01
 4.234E-01 3.956E-01 3.715E-01 3.505E-01 3.318E-01 2.637E-01 2.201E-01 1.897E-01
 1.496E-01 1.242E-01 8.841E-02 6.932E-02 4.913E-02 3.848E-02 3.185E-02 2.727E-02
 2.130E-02 1.752E-02 1.224E-02 9.472E-03 6.586E-03 5.084E-03 4.156E-03 3.525E-03
 2.715E-03 2.217E-03 1.532E-03 1.178E-03 8.124E-04 6.237E-04 5.079E-04 4.293E-04
 3.292E-04 2.678E-04
 9.824E+04 3.355E+04 1.541E+04 1.272E+04 1.271E+05 5.741E+04 2.688E+04 1.465E+04
 8.819E+03 3.892E+03 2.037E+03 6.112E+02 2.556E+02 7.310E+01 2.968E+01 1.467E+01
 8.213E+00 3.276E+00 1.603E+00 4.389E-01 1.770E-01 5.113E-02 2.216E-02 1.203E-02
 7.523E-03 3.813E-03 2.370E-03 2.237E-03 1.516E-03 1.097E-03 6.837E-04 6.609E-04
 3.769E-04 2.566E-04 1.934E-04 1.549E-04 1.290E-04 1.104E-04 9.649E-05 8.565E-05
 7.699E-05 6.990E-05 6.401E-05 5.902E-05 5.476E-05 5.106E-05 4.499E-05 4.020E-05
 3.634E-05 3.314E-05 3.047E-05 2.819E-05 2.623E-05 1.946E-05 1.547E-05 1.283E-05
 9.570E-06 7.631E-06 5.065E-06 3.790E-06 2.521E-06 1.889E-06 1.510E-06 1.258E-06
 9.427E-07 7.539E-07 5.024E-07 3.767E-07 2.511E-07 1.883E-07 1.506E-07 1.255E-07
 9.413E-08 7.530E-08 5.020E-08 3.765E-08 2.510E-08 1.882E-08 1.506E-08 1.255E-08
 9.411E-09 7.529E-09
 0.000E+00 0.000E+00 0.000E+00 0.000E+00 0.000E+00 0.000E+00 0.000E+00 0.000E+00
 0.000E+00 0.000E+00 0.000E+00 0.000E+00 0.000E+00 0.000E+00 0.000E+00 0.000E+00
 0.000E+00 0.000E+00 0.000E+00 0.000E+00 0.000E+00 0.000E+00 0.000E+00 0.000E+00
 0.000E+00 0.000E+00 0.000E+00 0.000E+00 1.903E-03 1.029E-02 4.044E-02 4.358E-02
 1.147E-01 1.852E-01 2.478E-01 3.039E-01 3.537E-01 3.987E-01 4.394E-01 4.763E-01
 5.098E-01 5.405E-01 5.690E-01 5.955E-01 6.203E-01 6.435E-01 6.861E-01 7.242E-01
 7.586E-01 7.899E-01 8.186E-01 8.450E-01 8.694E-01 9.705E-01 1.046E+00 1.105E+00
 1.193E+00 1.256E+00 1.358E+00 1.420E+00 1.494E+00 1.538E+00 1.566E+00 1.587E+00
 1.615E+00 1.633E+00 1.660E+00 1.674E+00 1.690E+00 1.698E+00 1.704E+00 1.707E+00
 1.712E+00 1.715E+00 1.720E+00 1.722E+00 1.724E+00 1.726E+00 1.727E+00 1.727E+00
 1.728E+00 1.728E+00
 0.000E+00 0.000E+00 0.000E+00 0.000E+00 0.000E+00 0.000E+00 0.000E+00 0.000E+00
 0.000E+00 0.000E+00 0.000E+00 0.000E+00 0.000E+00 0.000E+00 0.000E+00 0.000E+00
 0.000E+00 0.000E+00 0.000E+00 0.000E+00 0.000E+00 0.000E+00 0.000E+00 0.000E+00
 0.000E+00 0.000E+00 0.000E+00 0.000E+00 0.000E+00 0.000E+00 0.000E+00 0.000E+00
 6.052E-04 2.471E-03 4.924E-03 7.562E-03 1.019E-02 1.275E-02 1.520E-02 1.753E-02
 1.974E-02 2.183E-02 2.381E-02 2.569E-02 2.748E-02 2.918E-02 3.234E-02 3.523E-02
 3.789E-02 4.034E-02 4.262E-02 4.474E-02 4.672E-02 5.500E-02 6.140E-02 6.654E-02
 7.443E-02 8.028E-02 9.021E-02 9.662E-02 1.047E-01 1.097E-01 1.131E-01 1.157E-01
 1.193E-01 1.217E-01 1.254E-01 1.274E-01 1.297E-01 1.311E-01 1.319E-01 1.325E-01
 1.333E-01 1.338E-01 1.345E-01 1.349E-01 1.352E-01 1.355E-01 1.356E-01 1.357E-01
 1.358E-01 1.359E-01
     1
     4
  1.0000E-03  1.5000E-03  2.0000E-03  2.1455E-03
  9.8240E+04  3.3550E+04  1.5410E+04  1.2720E+04
