    14   28.085501
     1    82
     4
 K 
   1838.9
  1.00000E+03  1.50000E+03  1.83880E+03  1.83890E+03  2.00000E+03  3.00000E+03
  4.00000E+03  5.00000E+03  6.00000E+03  8.00000E+03  1.00000E+04  1.50000E+04
  2.00000E+04  3.00000E+04  4.00000E+04  5.00000E+04  6.00000E+04  8.00000E+04
  1.00000E+05  1.50000E+05  2.00000E+05  3.00000E+05  4.00000E+05  5.00000E+05
  6.00000E+05  8.00000E+05  1.00000E+06  1.02200E+06  1.25000E+06  1.50000E+06
  2.00000E+06  2.04400E+06  3.00000E+06  4.00000E+06  5.00000E+06  6.00000E+06
  7.00000E+06  8.00000E+06  9.00000E+06  1.00000E+07  1.10000E+07  1.20000E+07
  1.30000E+07  1.40000E+07  1.50000E+07  1.60000E+07  1.80000E+07  2.00000E+07
  2.20000E+07  2.40000E+07  2.60000E+07  2.80000E+07  3.00000E+07  4.00000E+07
  5.00000E+07  6.00000E+07  8.00000E+07  1.00000E+08  1.50000E+08  2.00000E+08
  3.00000E+08  4.00000E+08  5.00000E+08  6.00000E+08  8.00000E+08  1.00000E+09
  1.50000E+09  2.00000E+09  3.00000E+09  4.00000E+09  5.00000E+09  6.00000E+09
  8.00000E+09  1.00000E+10  1.50000E+10  2.00000E+10  3.00000E+10  4.00000E+10
  5.00000E+10  6.00000E+10  8.00000E+10  1.00000E+11
 1.179E+02 1.066E+02 9.893E+01 9.893E+01 9.553E+01 7.783E+01 6.548E+01 5.635E+01
 4.902E+01 3.749E+01 2.902E+01 1.672E+01 1.092E+01 5.852E+00 3.678E+00 2.518E+00
 1.827E+00 1.084E+00 7.167E-01 3.323E-01 1.905E-01 8.599E-02 4.866E-02 3.123E-02
 2.172E-02 1.224E-02 7.837E-03 7.504E-03 5.018E-03 3.486E-03 1.961E-03 1.878E-03
 8.718E-04 4.904E-04 3.139E-04 2.180E-04 1.602E-04 1.226E-04 9.688E-05 7.848E-05
 6.486E-05 5.450E-05 4.644E-05 4.004E-05 3.488E-05 3.065E-05 2.422E-05 1.962E-05
 1.621E-05 1.362E-05 1.161E-05 1.001E-05 8.719E-06 4.905E-06 3.139E-06 2.180E-06
 1.226E-06 7.847E-07 3.487E-07 1.962E-07 8.718E-08 4.904E-08 3.139E-08 2.180E-08
 1.226E-08 7.847E-09 3.487E-09 1.962E-09 8.718E-10 4.904E-10 3.139E-10 2.180E-10
 1.226E-10 7.847E-11 3.487E-11 1.962E-11 8.718E-12 4.904E-12 3.139E-12 2.180E-12
 1.226E-12 7.847E-13
 6.141E-01 1.116E+00 1.436E+00 1.437E+00 1.580E+00 2.314E+00 2.861E+00 3.316E+00
 3.723E+00 4.434E+00 5.020E+00 6.010E+00 6.538E+00 7.002E+00 7.155E+00 7.172E+00
 7.118E+00 6.918E+00 6.678E+00 6.105E+00 5.630E+00 4.922E+00 4.419E+00 4.040E+00
 3.740E+00 3.288E+00 2.957E+00 2.926E+00 2.645E+00 2.404E+00 2.052E+00 2.027E+00
 1.614E+00 1.347E+00 1.163E+00 1.028E+00 9.240E-01 8.409E-01 7.730E-01 7.162E-01
 6.680E-01 6.265E-01 5.902E-01 5.583E-01 5.301E-01 5.048E-01 4.614E-01 4.255E-01
 3.952E-01 3.693E-01 3.468E-01 3.271E-01 3.097E-01 2.461E-01 2.055E-01 1.770E-01
 1.396E-01 1.159E-01 8.252E-02 6.470E-02 4.586E-02 3.591E-02 2.973E-02 2.545E-02
 1.988E-02 1.636E-02 1.142E-02 8.840E-03 6.147E-03 4.745E-03 3.879E-03 3.290E-03
 2.534E-03 2.069E-03 1.430E-03 1.099E-03 7.582E-04 5.821E-04 4.740E-04 4.007E-04
 3.072E-04 2.500E-04
 7.310E+04 2.487E+04 1.432E+04 1.488E+05 1.294E+05 4.555E+04 2.105E+04 1.137E+04
 6.802E+03 2.975E+03 1.546E+03 4.593E+02 1.907E+02 5.413E+01 2.186E+01 1.076E+01
 6.009E+00 2.388E+00 1.165E+00 3.174E-01 1.276E-01 3.676E-02 1.590E-02 8.624E-03
 5.393E-03 2.730E-03 1.697E-03 1.601E-03 1.085E-03 7.853E-04 4.899E-04 4.736E-04
 2.705E-04 1.843E-04 1.391E-04 1.114E-04 9.283E-05 7.950E-05 6.948E-05 6.169E-05
 5.546E-05 5.037E-05 4.612E-05 4.254E-05 3.947E-05 3.681E-05 3.243E-05 2.899E-05
 2.620E-05 2.390E-05 2.197E-05 2.033E-05 1.892E-05 1.404E-05 1.116E-05 9.258E-06
 6.906E-06 5.507E-06 3.655E-06 2.735E-06 1.820E-06 1.363E-06 1.090E-06 9.078E-07
 6.805E-07 5.442E-07 3.626E-07 2.719E-07 1.812E-07 1.359E-07 1.087E-07 9.060E-08
 6.795E-08 5.436E-08 3.624E-08 2.718E-08 1.812E-08 1.359E-08 1.087E-08 9.058E-09
 6.794E-09 5.435E-09
 0.000E+00 0.000E+00 0.000E+00 0.000E+00 0.000E+00 0.000E+00 0.000E+00 0.000E+00
 0.000E+00 0.000E+00 0.000E+00 0.000E+00 0.000E+00 0.000E+00 0.000E+00 0.000E+00
 0.000E+00 0.000E+00 0.000E+00 0.000E+00 0.000E+00 0.000E+00 0.000E+00 0.000E+00
 0.000E+00 0.000E+00 0.000E+00 0.000E+00 1.642E-03 8.917E-03 3.513E-02 3.786E-02
 9.978E-02 1.612E-01 2.159E-01 2.648E-01 3.083E-01 3.475E-01 3.830E-01 4.153E-01
 4.445E-01 4.714E-01 4.963E-01 5.194E-01 5.411E-01 5.614E-01 5.986E-01 6.318E-01
 6.619E-01 6.893E-01 7.144E-01 7.375E-01 7.589E-01 8.472E-01 9.133E-01 9.652E-01
 1.043E+00 1.098E+00 1.188E+00 1.242E+00 1.307E+00 1.345E+00 1.370E+00 1.388E+00
 1.413E+00 1.429E+00 1.452E+00 1.464E+00 1.478E+00 1.486E+00 1.490E+00 1.494E+00
 1.498E+00 1.501E+00 1.504E+00 1.506E+00 1.509E+00 1.510E+00 1.510E+00 1.511E+00
 1.511E+00 1.512E+00
 0.000E+00 0.000E+00 0.000E+00 0.000E+00 0.000E+00 0.000E+00 0.000E+00 0.000E+00
 0.000E+00 0.000E+00 0.000E+00 0.000E+00 0.000E+00 0.000E+00 0.000E+00 0.000E+00
 0.000E+00 0.000E+00 0.000E+00 0.000E+00 0.000E+00 0.000E+00 0.000E+00 0.000E+00
 0.000E+00 0.000E+00 0.000E+00 0.000E+00 0.000E+00 0.000E+00 0.000E+00 0.000E+00
 5.649E-04 2.306E-03 4.595E-03 7.058E-03 9.516E-03 1.190E-02 1.419E-02 1.637E-02
 1.843E-02 2.038E-02 2.223E-02 2.399E-02 2.566E-02 2.725E-02 3.020E-02 3.290E-02
 3.539E-02 3.768E-02 3.981E-02 4.179E-02 4.364E-02 5.140E-02 5.739E-02 6.222E-02
 6.961E-02 7.511E-02 8.443E-02 9.045E-02 9.805E-02 1.027E-01 1.060E-01 1.085E-01
 1.119E-01 1.142E-01 1.177E-01 1.197E-01 1.219E-01 1.232E-01 1.240E-01 1.246E-01
 1.253E-01 1.258E-01 1.265E-01 1.268E-01 1.272E-01 1.275E-01 1.276E-01 1.277E-01
 1.278E-01 1.279E-01
     1
     3
  1.0000E-03  1.5000E-03  1.8389E-03
  7.3100E+04  2.4870E+04  1.4320E+04
