    97  247.070007
    12   104
    41    33    31    28    23    21    17    15    13     8     6     3
 K  L1 L2 L3 M1 M2 M3 M4 M5 N1 N2 N3
 131590.0  25275.0  24385.0  19452.0   6556.0   6147.0   4977.0   4366.0
   4132.0   1755.0   1554.0   1235.0
  1.00000E+03  1.23490E+03  1.23500E+03  1.50000E+03  1.55390E+03  1.55400E+03
  1.75490E+03  1.75500E+03  2.00000E+03  3.00000E+03  4.00000E+03  4.13190E+03
  4.13200E+03  4.36590E+03  4.36600E+03  4.97690E+03  4.97700E+03  5.00000E+03
  6.00000E+03  6.14690E+03  6.14700E+03  6.55590E+03  6.55600E+03  8.00000E+03
  1.00000E+04  1.50000E+04  1.94519E+04  1.94520E+04  2.00000E+04  2.43849E+04
  2.43850E+04  2.52749E+04  2.52750E+04  3.00000E+04  4.00000E+04  5.00000E+04
  6.00000E+04  8.00000E+04  1.00000E+05  1.31590E+05  1.31590E+05  1.50000E+05
  2.00000E+05  3.00000E+05  4.00000E+05  5.00000E+05  6.00000E+05  8.00000E+05
  1.00000E+06  1.02200E+06  1.25000E+06  1.50000E+06  2.00000E+06  2.04400E+06
  3.00000E+06  4.00000E+06  5.00000E+06  6.00000E+06  7.00000E+06  8.00000E+06
  9.00000E+06  1.00000E+07  1.10000E+07  1.20000E+07  1.30000E+07  1.40000E+07
  1.50000E+07  1.60000E+07  1.80000E+07  2.00000E+07  2.20000E+07  2.40000E+07
  2.60000E+07  2.80000E+07  3.00000E+07  4.00000E+07  5.00000E+07  6.00000E+07
  8.00000E+07  1.00000E+08  1.50000E+08  2.00000E+08  3.00000E+08  4.00000E+08
  5.00000E+08  6.00000E+08  8.00000E+08  1.00000E+09  1.50000E+09  2.00000E+09
  3.00000E+09  4.00000E+09  5.00000E+09  6.00000E+09  8.00000E+09  1.00000E+10
  1.50000E+10  2.00000E+10  3.00000E+10  4.00000E+10  5.00000E+10  6.00000E+10
  8.00000E+10  1.00000E+11
 5.996E+03 5.880E+03 5.880E+03 5.746E+03 5.716E+03 5.716E+03 5.611E+03 5.611E+03
 5.473E+03 4.923E+03 4.406E+03 4.342E+03 4.342E+03 4.231E+03 4.231E+03 3.956E+03
 3.956E+03 3.946E+03 3.549E+03 3.495E+03 3.495E+03 3.353E+03 3.353E+03 2.915E+03
 2.440E+03 1.666E+03 1.250E+03 1.250E+03 1.209E+03 9.455E+02 9.455E+02 8.977E+02
 8.977E+02 7.151E+02 4.797E+02 3.480E+02 2.629E+02 1.653E+02 1.147E+02 7.239E+01
 7.239E+01 5.775E+01 3.466E+01 1.667E+01 9.842E+00 6.495E+00 4.604E+00 2.658E+00
 1.729E+00 1.657E+00 1.121E+00 7.848E-01 4.459E-01 4.271E-01 1.999E-01 1.128E-01
 7.236E-02 5.030E-02 3.698E-02 2.833E-02 2.239E-02 1.814E-02 1.499E-02 1.260E-02
 1.074E-02 9.259E-03 8.066E-03 7.090E-03 5.602E-03 4.538E-03 3.751E-03 3.152E-03
 2.686E-03 2.316E-03 2.017E-03 1.135E-03 7.262E-04 5.043E-04 2.837E-04 1.816E-04
 8.069E-05 4.539E-05 2.017E-05 1.135E-05 7.262E-06 5.043E-06 2.837E-06 1.816E-06
 8.069E-07 4.539E-07 2.017E-07 1.135E-07 7.262E-08 5.043E-08 2.837E-08 1.816E-08
 8.069E-09 4.539E-09 2.017E-09 1.135E-09 7.262E-10 5.043E-10 2.837E-10 1.816E-10
 1.731E+00 2.283E+00 2.283E+00 2.888E+00 3.013E+00 3.014E+00 3.478E+00 3.478E+00
 4.043E+00 6.283E+00 8.355E+00 8.614E+00 8.615E+00 9.067E+00 9.068E+00 1.020E+01
 1.020E+01 1.025E+01 1.196E+01 1.220E+01 1.221E+01 1.286E+01 1.286E+01 1.502E+01
 1.771E+01 2.321E+01 2.677E+01 2.677E+01 2.715E+01 2.973E+01 2.973E+01 3.014E+01
 3.014E+01 3.220E+01 3.527E+01 3.720E+01 3.836E+01 3.931E+01 3.934E+01 3.858E+01
 3.858E+01 3.795E+01 3.603E+01 3.244E+01 2.956E+01 2.727E+01 2.539E+01 2.247E+01
 2.028E+01 2.007E+01 1.819E+01 1.656E+01 1.416E+01 1.399E+01 1.116E+01 9.317E+00
 8.050E+00 7.117E+00 6.397E+00 5.823E+00 5.353E+00 4.960E+00 4.626E+00 4.339E+00
 4.088E+00 3.867E+00 3.672E+00 3.497E+00 3.196E+00 2.947E+00 2.738E+00 2.558E+00
 2.402E+00 2.266E+00 2.146E+00 1.705E+00 1.423E+00 1.226E+00 9.672E-01 8.028E-01
 5.717E-01 4.483E-01 3.177E-01 2.488E-01 2.060E-01 1.764E-01 1.377E-01 1.133E-01
 7.914E-02 6.125E-02 4.259E-02 3.287E-02 2.688E-02 2.279E-02 1.756E-02 1.434E-02
 9.908E-03 7.617E-03 5.253E-03 4.033E-03 3.284E-03 2.776E-03 2.129E-03 1.732E-03
 3.211E+06 2.213E+06 2.354E+06 1.616E+06 1.504E+06 1.523E+06 1.186E+06 1.208E+06
 9.174E+05 3.762E+05 1.943E+05 1.801E+05 4.030E+05 3.637E+05 5.059E+05 3.717E+05
 4.359E+05 4.291E+05 2.707E+05 2.540E+05 2.694E+05 2.295E+05 2.392E+05 1.465E+05
 8.384E+04 2.995E+04 1.534E+04 3.600E+04 3.319E+04 1.952E+04 2.803E+04 2.547E+04
 2.936E+04 1.905E+04 9.118E+03 5.098E+03 3.155E+03 1.470E+03 8.100E+02 3.887E+02
 1.554E+03 1.123E+03 5.429E+02 1.970E+02 9.831E+01 5.855E+01 3.893E+01 2.104E+01
 1.336E+01 1.280E+01 8.661E+00 6.155E+00 3.716E+00 3.582E+00 1.933E+00 1.260E+00
 9.198E-01 7.187E-01 5.872E-01 4.950E-01 4.272E-01 3.752E-01 3.343E-01 3.012E-01
 2.740E-01 2.512E-01 2.319E-01 2.153E-01 1.882E-01 1.671E-01 1.503E-01 1.364E-01
 1.250E-01 1.152E-01 1.069E-01 7.850E-02 6.199E-02 5.121E-02 3.799E-02 3.019E-02
 1.995E-02 1.489E-02 9.885E-03 7.397E-03 5.910E-03 4.920E-03 3.686E-03 2.947E-03
 1.963E-03 1.471E-03 9.805E-04 7.352E-04 5.881E-04 4.900E-04 3.675E-04 2.940E-04
 1.960E-04 1.470E-04 9.797E-05 7.348E-05 5.878E-05 4.898E-05 3.674E-05 2.939E-05
 0.000E+00 0.000E+00 0.000E+00 0.000E+00 0.000E+00 0.000E+00 0.000E+00 0.000E+00
 0.000E+00 0.000E+00 0.000E+00 0.000E+00 0.000E+00 0.000E+00 0.000E+00 0.000E+00
 0.000E+00 0.000E+00 0.000E+00 0.000E+00 0.000E+00 0.000E+00 0.000E+00 0.000E+00
 0.000E+00 0.000E+00 0.000E+00 0.000E+00 0.000E+00 0.000E+00 0.000E+00 0.000E+00
 0.000E+00 0.000E+00 0.000E+00 0.000E+00 0.000E+00 0.000E+00 0.000E+00 0.000E+00
 0.000E+00 0.000E+00 0.000E+00 0.000E+00 0.000E+00 0.000E+00 0.000E+00 0.000E+00
 0.000E+00 0.000E+00 2.003E-01 1.009E+00 2.919E+00 3.077E+00 5.935E+00 8.214E+00
 1.011E+01 1.171E+01 1.316E+01 1.447E+01 1.568E+01 1.679E+01 1.782E+01 1.879E+01
 1.969E+01 2.053E+01 2.132E+01 2.207E+01 2.341E+01 2.461E+01 2.571E+01 2.671E+01
 2.763E+01 2.847E+01 2.924E+01 3.239E+01 3.474E+01 3.656E+01 3.924E+01 4.113E+01
 4.410E+01 4.586E+01 4.792E+01 4.909E+01 4.987E+01 5.042E+01 5.115E+01 5.163E+01
 5.230E+01 5.268E+01 5.307E+01 5.332E+01 5.345E+01 5.355E+01 5.368E+01 5.376E+01
 5.385E+01 5.392E+01 5.397E+01 5.402E+01 5.404E+01 5.405E+01 5.406E+01 5.407E+01
 0.000E+00 0.000E+00 0.000E+00 0.000E+00 0.000E+00 0.000E+00 0.000E+00 0.000E+00
 0.000E+00 0.000E+00 0.000E+00 0.000E+00 0.000E+00 0.000E+00 0.000E+00 0.000E+00
 0.000E+00 0.000E+00 0.000E+00 0.000E+00 0.000E+00 0.000E+00 0.000E+00 0.000E+00
 0.000E+00 0.000E+00 0.000E+00 0.000E+00 0.000E+00 0.000E+00 0.000E+00 0.000E+00
 0.000E+00 0.000E+00 0.000E+00 0.000E+00 0.000E+00 0.000E+00 0.000E+00 0.000E+00
 0.000E+00 0.000E+00 0.000E+00 0.000E+00 0.000E+00 0.000E+00 0.000E+00 0.000E+00
 0.000E+00 0.000E+00 0.000E+00 0.000E+00 0.000E+00 0.000E+00 3.898E-03 1.588E-02
 3.156E-02 4.836E-02 6.505E-02 8.116E-02 9.653E-02 1.111E-01 1.248E-01 1.377E-01
 1.499E-01 1.614E-01 1.723E-01 1.826E-01 2.016E-01 2.189E-01 2.346E-01 2.490E-01
 2.622E-01 2.745E-01 2.858E-01 3.324E-01 3.673E-01 3.947E-01 4.355E-01 4.649E-01
 5.129E-01 5.425E-01 5.784E-01 5.997E-01 6.142E-01 6.248E-01 6.393E-01 6.490E-01
 6.633E-01 6.714E-01 6.802E-01 6.855E-01 6.887E-01 6.909E-01 6.939E-01 6.958E-01
 6.983E-01 6.998E-01 7.012E-01 7.022E-01 7.027E-01 7.030E-01 7.034E-01 7.037E-01
    12
     3     3     3     5     3     3     4     3     5     3     3     8
  1.0000E-03  1.1113E-03  1.2350E-03
  1.2350E-03  1.5000E-03  1.5540E-03
  1.5540E-03  1.6514E-03  1.7550E-03
  1.7550E-03  2.0000E-03  3.0000E-03  4.0000E-03  4.1320E-03
  4.1320E-03  4.2474E-03  4.3660E-03
  4.3660E-03  4.6615E-03  4.9770E-03
  4.9770E-03  5.0000E-03  6.0000E-03  6.1470E-03
  6.1470E-03  6.3482E-03  6.5560E-03
  6.5560E-03  8.0000E-03  1.0000E-02  1.5000E-02  1.9452E-02
  1.9452E-02  2.0000E-02  2.4385E-02
  2.4385E-02  2.4826E-02  2.5275E-02
  2.5275E-02  3.0000E-02  4.0000E-02  5.0000E-02  6.0000E-02  8.0000E-02
  1.0000E-01  1.3159E-01
  3.2110E+06  2.6657E+06  2.2130E+06
  2.3540E+06  1.6160E+06  1.5040E+06
  1.5230E+06  1.3441E+06  1.1860E+06
  1.2080E+06  9.1740E+05  3.7620E+05  1.9430E+05  1.8010E+05
  4.0300E+05  3.8282E+05  3.6370E+05
  5.0590E+05  4.3358E+05  3.7170E+05
  4.3590E+05  4.2910E+05  2.7070E+05  2.5400E+05
  2.6940E+05  2.4862E+05  2.2950E+05
  2.3920E+05  1.4650E+05  8.3840E+04  2.9950E+04  1.5340E+04
  3.6000E+04  3.3190E+04  1.9520E+04
  2.8030E+04  2.6720E+04  2.5470E+04
  2.9360E+04  1.9050E+04  9.1180E+03  5.0980E+03  3.1550E+03  1.4700E+03
  8.1000E+02  3.8870E+02
