    44  101.070000
     4    88
    19    10     7     5
 K  L1 L2 L3
  22117.2   3224.0   2966.9   2837.9
  1.00000E+03  1.50000E+03  2.00000E+03  2.83780E+03  2.83790E+03  2.96680E+03
  2.96690E+03  3.00000E+03  3.22390E+03  3.22400E+03  4.00000E+03  5.00000E+03
  6.00000E+03  8.00000E+03  1.00000E+04  1.50000E+04  2.00000E+04  2.21171E+04
  2.21172E+04  3.00000E+04  4.00000E+04  5.00000E+04  6.00000E+04  8.00000E+04
  1.00000E+05  1.50000E+05  2.00000E+05  3.00000E+05  4.00000E+05  5.00000E+05
  6.00000E+05  8.00000E+05  1.00000E+06  1.02200E+06  1.25000E+06  1.50000E+06
  2.00000E+06  2.04400E+06  3.00000E+06  4.00000E+06  5.00000E+06  6.00000E+06
  7.00000E+06  8.00000E+06  9.00000E+06  1.00000E+07  1.10000E+07  1.20000E+07
  1.30000E+07  1.40000E+07  1.50000E+07  1.60000E+07  1.80000E+07  2.00000E+07
  2.20000E+07  2.40000E+07  2.60000E+07  2.80000E+07  3.00000E+07  4.00000E+07
  5.00000E+07  6.00000E+07  8.00000E+07  1.00000E+08  1.50000E+08  2.00000E+08
  3.00000E+08  4.00000E+08  5.00000E+08  6.00000E+08  8.00000E+08  1.00000E+09
  1.50000E+09  2.00000E+09  3.00000E+09  4.00000E+09  5.00000E+09  6.00000E+09
  8.00000E+09  1.00000E+10  1.50000E+10  2.00000E+10  3.00000E+10  4.00000E+10
  5.00000E+10  6.00000E+10  8.00000E+10  1.00000E+11
 1.221E+03 1.154E+03 1.081E+03 9.584E+02 9.584E+02 9.402E+02 9.401E+02 9.355E+02
 9.049E+02 9.049E+02 8.070E+02 7.003E+02 6.137E+02 4.864E+02 3.979E+02 2.573E+02
 1.767E+02 1.540E+02 1.540E+02 9.949E+01 6.492E+01 4.559E+01 3.364E+01 2.052E+01
 1.389E+01 6.729E+00 3.952E+00 1.830E+00 1.051E+00 6.802E-01 4.758E-01 2.698E-01
 1.734E-01 1.661E-01 1.113E-01 7.740E-02 4.361E-02 4.176E-02 1.940E-02 1.092E-02
 6.990E-03 4.855E-03 3.567E-03 2.731E-03 2.158E-03 1.748E-03 1.445E-03 1.214E-03
 1.034E-03 8.918E-04 7.769E-04 6.828E-04 5.395E-04 4.370E-04 3.612E-04 3.035E-04
 2.586E-04 2.230E-04 1.942E-04 1.093E-04 6.992E-05 4.856E-05 2.731E-05 1.748E-05
 7.769E-06 4.370E-06 1.942E-06 1.092E-06 6.992E-07 4.856E-07 2.731E-07 1.748E-07
 7.769E-08 4.370E-08 1.942E-08 1.092E-08 6.992E-09 4.856E-09 2.731E-09 1.748E-09
 7.769E-10 4.370E-10 1.942E-10 1.092E-10 6.992E-11 4.856E-11 2.731E-11 1.748E-11
 9.720E-01 1.745E+00 2.512E+00 3.735E+00 3.735E+00 3.915E+00 3.915E+00 3.961E+00
 4.266E+00 4.266E+00 5.275E+00 6.476E+00 7.584E+00 9.516E+00 1.107E+01 1.384E+01
 1.571E+01 1.632E+01 1.632E+01 1.797E+01 1.913E+01 1.971E+01 1.996E+01 1.992E+01
 1.957E+01 1.834E+01 1.714E+01 1.518E+01 1.372E+01 1.259E+01 1.168E+01 1.029E+01
 9.266E+00 9.168E+00 8.294E+00 7.543E+00 6.441E+00 6.362E+00 5.071E+00 4.231E+00
 3.654E+00 3.230E+00 2.903E+00 2.642E+00 2.429E+00 2.251E+00 2.099E+00 1.969E+00
 1.855E+00 1.755E+00 1.666E+00 1.586E+00 1.450E+00 1.337E+00 1.242E+00 1.161E+00
 1.090E+00 1.028E+00 9.734E-01 7.735E-01 6.457E-01 5.563E-01 4.387E-01 3.642E-01
 2.593E-01 2.033E-01 1.441E-01 1.129E-01 9.343E-02 8.000E-02 6.248E-02 5.140E-02
 3.590E-02 2.778E-02 1.932E-02 1.491E-02 1.219E-02 1.034E-02 7.965E-03 6.503E-03
 4.494E-03 3.455E-03 2.383E-03 1.829E-03 1.490E-03 1.259E-03 9.656E-04 7.856E-04
 9.584E+05 3.749E+05 1.868E+05 7.800E+04 2.749E+05 2.428E+05 3.305E+05 3.285E+05
 2.739E+05 3.136E+05 1.829E+05 1.028E+05 6.368E+04 2.946E+04 1.604E+04 5.217E+03
 2.324E+03 1.748E+03 1.137E+04 5.152E+03 2.352E+03 1.264E+03 7.557E+02 3.313E+02
 1.733E+02 5.292E+01 2.285E+01 7.166E+00 3.258E+00 1.821E+00 1.159E+00 5.968E-01
 3.722E-01 3.541E-01 2.389E-01 1.714E-01 1.046E-01 1.010E-01 5.584E-02 3.716E-02
 2.757E-02 2.182E-02 1.800E-02 1.530E-02 1.329E-02 1.174E-02 1.051E-02 9.509E-03
 8.681E-03 7.984E-03 7.390E-03 6.877E-03 6.038E-03 5.380E-03 4.851E-03 4.416E-03
 4.053E-03 3.745E-03 3.480E-03 2.570E-03 2.037E-03 1.686E-03 1.255E-03 9.991E-04
 6.618E-04 4.948E-04 3.288E-04 2.462E-04 1.968E-04 1.639E-04 1.228E-04 9.819E-05
 6.542E-05 4.905E-05 3.269E-05 2.451E-05 1.961E-05 1.634E-05 1.225E-05 9.802E-06
 6.534E-06 4.901E-06 3.267E-06 2.450E-06 1.960E-06 1.633E-06 1.225E-06 9.801E-07
 0.000E+00 0.000E+00 0.000E+00 0.000E+00 0.000E+00 0.000E+00 0.000E+00 0.000E+00
 0.000E+00 0.000E+00 0.000E+00 0.000E+00 0.000E+00 0.000E+00 0.000E+00 0.000E+00
 0.000E+00 0.000E+00 0.000E+00 0.000E+00 0.000E+00 0.000E+00 0.000E+00 0.000E+00
 0.000E+00 0.000E+00 0.000E+00 0.000E+00 0.000E+00 0.000E+00 0.000E+00 0.000E+00
 0.000E+00 0.000E+00 2.412E-02 1.138E-01 4.002E-01 4.285E-01 1.049E+00 1.633E+00
 2.141E+00 2.581E+00 2.975E+00 3.329E+00 3.650E+00 3.945E+00 4.215E+00 4.464E+00
 4.693E+00 4.904E+00 5.100E+00 5.283E+00 5.619E+00 5.919E+00 6.192E+00 6.440E+00
 6.667E+00 6.874E+00 7.065E+00 7.840E+00 8.414E+00 8.862E+00 9.522E+00 9.992E+00
 1.074E+01 1.119E+01 1.171E+01 1.201E+01 1.220E+01 1.235E+01 1.253E+01 1.266E+01
 1.283E+01 1.293E+01 1.303E+01 1.309E+01 1.312E+01 1.315E+01 1.318E+01 1.320E+01
 1.323E+01 1.324E+01 1.326E+01 1.327E+01 1.327E+01 1.328E+01 1.328E+01 1.328E+01
 0.000E+00 0.000E+00 0.000E+00 0.000E+00 0.000E+00 0.000E+00 0.000E+00 0.000E+00
 0.000E+00 0.000E+00 0.000E+00 0.000E+00 0.000E+00 0.000E+00 0.000E+00 0.000E+00
 0.000E+00 0.000E+00 0.000E+00 0.000E+00 0.000E+00 0.000E+00 0.000E+00 0.000E+00
 0.000E+00 0.000E+00 0.000E+00 0.000E+00 0.000E+00 0.000E+00 0.000E+00 0.000E+00
 0.000E+00 0.000E+00 0.000E+00 0.000E+00 0.000E+00 0.000E+00 1.774E-03 7.238E-03
 1.441E-02 2.211E-02 2.978E-02 3.721E-02 4.432E-02 5.108E-02 5.747E-02 6.350E-02
 6.918E-02 7.459E-02 7.971E-02 8.457E-02 9.358E-02 1.018E-01 1.093E-01 1.162E-01
 1.226E-01 1.285E-01 1.340E-01 1.568E-01 1.741E-01 1.878E-01 2.085E-01 2.236E-01
 2.487E-01 2.644E-01 2.837E-01 2.953E-01 3.033E-01 3.091E-01 3.171E-01 3.225E-01
 3.304E-01 3.350E-01 3.399E-01 3.428E-01 3.446E-01 3.458E-01 3.475E-01 3.486E-01
 3.500E-01 3.508E-01 3.516E-01 3.521E-01 3.524E-01 3.526E-01 3.528E-01 3.530E-01
     4
     4     3     3     9
  1.0000E-03  1.5000E-03  2.0000E-03  2.8379E-03
  2.8379E-03  2.9017E-03  2.9669E-03
  2.9669E-03  3.0000E-03  3.2240E-03
  3.2240E-03  4.0000E-03  5.0000E-03  6.0000E-03  8.0000E-03  1.0000E-02
  1.5000E-02  2.0000E-02  2.2117E-02
  9.5840E+05  3.7490E+05  1.8680E+05  7.8000E+04
  2.7490E+05  2.5840E+05  2.4280E+05
  3.3050E+05  3.2850E+05  2.7390E+05
  3.1360E+05  1.8290E+05  1.0280E+05  6.3680E+04  2.9460E+04  1.6040E+04
  5.2170E+03  2.3240E+03  1.7480E+03
