    38   87.620003
     4    88
    18     9     7     4
 K  L1 L2 L3
  16104.6   2216.3   2006.8   1939.6
  1.00000E+03  1.50000E+03  1.93950E+03  1.93960E+03  2.00000E+03  2.00670E+03
  2.00680E+03  2.21620E+03  2.21630E+03  3.00000E+03  4.00000E+03  5.00000E+03
  6.00000E+03  8.00000E+03  1.00000E+04  1.50000E+04  1.61045E+04  1.61046E+04
  2.00000E+04  3.00000E+04  4.00000E+04  5.00000E+04  6.00000E+04  8.00000E+04
  1.00000E+05  1.50000E+05  2.00000E+05  3.00000E+05  4.00000E+05  5.00000E+05
  6.00000E+05  8.00000E+05  1.00000E+06  1.02200E+06  1.25000E+06  1.50000E+06
  2.00000E+06  2.04400E+06  3.00000E+06  4.00000E+06  5.00000E+06  6.00000E+06
  7.00000E+06  8.00000E+06  9.00000E+06  1.00000E+07  1.10000E+07  1.20000E+07
  1.30000E+07  1.40000E+07  1.50000E+07  1.60000E+07  1.80000E+07  2.00000E+07
  2.20000E+07  2.40000E+07  2.60000E+07  2.80000E+07  3.00000E+07  4.00000E+07
  5.00000E+07  6.00000E+07  8.00000E+07  1.00000E+08  1.50000E+08  2.00000E+08
  3.00000E+08  4.00000E+08  5.00000E+08  6.00000E+08  8.00000E+08  1.00000E+09
  1.50000E+09  2.00000E+09  3.00000E+09  4.00000E+09  5.00000E+09  6.00000E+09
  8.00000E+09  1.00000E+10  1.50000E+10  2.00000E+10  3.00000E+10  4.00000E+10
  5.00000E+10  6.00000E+10  8.00000E+10  1.00000E+11
 8.904E+02 8.339E+02 7.859E+02 7.859E+02 7.793E+02 7.786E+02 7.786E+02 7.562E+02
 7.562E+02 6.792E+02 5.912E+02 5.172E+02 4.563E+02 3.626E+02 2.930E+02 1.817E+02
 1.658E+02 1.658E+02 1.236E+02 6.999E+01 4.517E+01 3.136E+01 2.305E+01 1.405E+01
 9.514E+00 4.580E+00 2.677E+00 1.234E+00 7.068E-01 4.570E-01 3.193E-01 1.808E-01
 1.161E-01 1.112E-01 7.447E-02 5.177E-02 2.916E-02 2.792E-02 1.297E-02 7.298E-03
 4.672E-03 3.244E-03 2.384E-03 1.825E-03 1.442E-03 1.168E-03 9.654E-04 8.112E-04
 6.912E-04 5.960E-04 5.192E-04 4.563E-04 3.606E-04 2.920E-04 2.414E-04 2.028E-04
 1.728E-04 1.490E-04 1.298E-04 7.301E-05 4.673E-05 3.245E-05 1.825E-05 1.168E-05
 5.192E-06 2.920E-06 1.298E-06 7.301E-07 4.672E-07 3.245E-07 1.825E-07 1.168E-07
 5.192E-08 2.920E-08 1.298E-08 7.301E-09 4.672E-09 3.245E-09 1.825E-09 1.168E-09
 5.192E-10 2.920E-10 1.298E-10 7.301E-11 4.672E-11 3.245E-11 1.825E-11 1.168E-11
 1.223E+00 1.941E+00 2.525E+00 2.525E+00 2.604E+00 2.613E+00 2.613E+00 2.885E+00
 2.885E+00 3.867E+00 5.027E+00 6.084E+00 7.026E+00 8.601E+00 9.886E+00 1.234E+01
 1.277E+01 1.277E+01 1.403E+01 1.601E+01 1.697E+01 1.742E+01 1.758E+01 1.746E+01
 1.710E+01 1.597E+01 1.490E+01 1.316E+01 1.188E+01 1.089E+01 1.010E+01 8.895E+00
 8.007E+00 7.923E+00 7.166E+00 6.517E+00 5.564E+00 5.496E+00 4.380E+00 3.654E+00
 3.156E+00 2.790E+00 2.507E+00 2.282E+00 2.098E+00 1.944E+00 1.813E+00 1.700E+00
 1.602E+00 1.515E+00 1.439E+00 1.370E+00 1.252E+00 1.155E+00 1.073E+00 1.002E+00
 9.411E-01 8.878E-01 8.407E-01 6.680E-01 5.576E-01 4.805E-01 3.789E-01 3.145E-01
 2.240E-01 1.756E-01 1.245E-01 9.748E-02 8.069E-02 6.909E-02 5.396E-02 4.439E-02
 3.100E-02 2.399E-02 1.668E-02 1.288E-02 1.053E-02 8.929E-03 6.879E-03 5.617E-03
 3.882E-03 2.984E-03 2.058E-03 1.580E-03 1.287E-03 1.088E-03 8.340E-04 6.785E-04
 5.074E+05 1.951E+05 1.041E+05 4.158E+05 3.760E+05 3.734E+05 5.198E+05 4.128E+05
 4.708E+05 2.213E+05 1.056E+05 5.852E+04 3.585E+04 1.636E+04 8.825E+03 2.831E+03
 2.315E+03 1.595E+04 9.154E+03 3.051E+03 1.366E+03 7.231E+02 4.270E+02 1.840E+02
 9.510E+01 2.847E+01 1.214E+01 3.748E+00 1.688E+00 9.377E-01 5.947E-01 3.051E-01
 1.901E-01 1.807E-01 1.220E-01 8.768E-02 5.368E-02 5.181E-02 2.879E-02 1.922E-02
 1.430E-02 1.134E-02 9.370E-03 7.974E-03 6.934E-03 6.130E-03 5.491E-03 4.972E-03
 4.541E-03 4.178E-03 3.869E-03 3.602E-03 3.164E-03 2.821E-03 2.545E-03 2.318E-03
 2.127E-03 1.966E-03 1.827E-03 1.351E-03 1.071E-03 8.872E-04 6.604E-04 5.259E-04
 3.485E-04 2.606E-04 1.732E-04 1.297E-04 1.037E-04 8.634E-05 6.470E-05 5.174E-05
 3.447E-05 2.585E-05 1.723E-05 1.292E-05 1.033E-05 8.610E-06 6.457E-06 5.165E-06
 3.443E-06 2.582E-06 1.722E-06 1.291E-06 1.033E-06 8.608E-07 6.456E-07 5.165E-07
 0.000E+00 0.000E+00 0.000E+00 0.000E+00 0.000E+00 0.000E+00 0.000E+00 0.000E+00
 0.000E+00 0.000E+00 0.000E+00 0.000E+00 0.000E+00 0.000E+00 0.000E+00 0.000E+00
 0.000E+00 0.000E+00 0.000E+00 0.000E+00 0.000E+00 0.000E+00 0.000E+00 0.000E+00
 0.000E+00 0.000E+00 0.000E+00 0.000E+00 0.000E+00 0.000E+00 0.000E+00 0.000E+00
 0.000E+00 0.000E+00 1.648E-02 7.971E-02 2.878E-01 3.085E-01 7.696E-01 1.209E+00
 1.594E+00 1.931E+00 2.232E+00 2.502E+00 2.748E+00 2.972E+00 3.177E+00 3.365E+00
 3.539E+00 3.698E+00 3.847E+00 3.986E+00 4.240E+00 4.468E+00 4.676E+00 4.864E+00
 5.036E+00 5.194E+00 5.339E+00 5.931E+00 6.370E+00 6.712E+00 7.218E+00 7.577E+00
 8.149E+00 8.490E+00 8.888E+00 9.117E+00 9.267E+00 9.375E+00 9.519E+00 9.612E+00
 9.747E+00 9.820E+00 9.899E+00 9.942E+00 9.969E+00 9.988E+00 1.001E+01 1.003E+01
 1.005E+01 1.006E+01 1.007E+01 1.008E+01 1.008E+01 1.009E+01 1.009E+01 1.009E+01
 0.000E+00 0.000E+00 0.000E+00 0.000E+00 0.000E+00 0.000E+00 0.000E+00 0.000E+00
 0.000E+00 0.000E+00 0.000E+00 0.000E+00 0.000E+00 0.000E+00 0.000E+00 0.000E+00
 0.000E+00 0.000E+00 0.000E+00 0.000E+00 0.000E+00 0.000E+00 0.000E+00 0.000E+00
 0.000E+00 0.000E+00 0.000E+00 0.000E+00 0.000E+00 0.000E+00 0.000E+00 0.000E+00
 0.000E+00 0.000E+00 0.000E+00 0.000E+00 0.000E+00 0.000E+00 1.533E-03 6.254E-03
 1.245E-02 1.911E-02 2.575E-02 3.218E-02 3.833E-02 4.418E-02 4.972E-02 5.494E-02
 5.987E-02 6.456E-02 6.900E-02 7.323E-02 8.106E-02 8.819E-02 9.472E-02 1.007E-01
 1.063E-01 1.114E-01 1.162E-01 1.361E-01 1.513E-01 1.633E-01 1.815E-01 1.947E-01
 2.168E-01 2.307E-01 2.479E-01 2.582E-01 2.654E-01 2.706E-01 2.779E-01 2.828E-01
 2.902E-01 2.944E-01 2.990E-01 3.017E-01 3.034E-01 3.046E-01 3.062E-01 3.072E-01
 3.086E-01 3.094E-01 3.102E-01 3.107E-01 3.110E-01 3.112E-01 3.114E-01 3.115E-01
     4
     3     3     3     9
  1.0000E-03  1.5000E-03  1.9396E-03
  1.9396E-03  2.0000E-03  2.0068E-03
  2.0068E-03  2.1090E-03  2.2163E-03
  2.2163E-03  3.0000E-03  4.0000E-03  5.0000E-03  6.0000E-03  8.0000E-03
  1.0000E-02  1.5000E-02  1.6105E-02
  5.0740E+05  1.9510E+05  1.0410E+05
  4.1580E+05  3.7600E+05  3.7340E+05
  5.1980E+05  4.6323E+05  4.1280E+05
  4.7080E+05  2.2130E+05  1.0560E+05  5.8520E+04  3.5850E+04  1.6360E+04
  8.8250E+03  2.8310E+03  2.3150E+03
