    20   40.080002
     1    82
     7
 K 
   4038.1
  1.00000E+03  1.50000E+03  2.00000E+03  3.00000E+03  4.00000E+03  4.03800E+03
  4.03810E+03  5.00000E+03  6.00000E+03  8.00000E+03  1.00000E+04  1.50000E+04
  2.00000E+04  3.00000E+04  4.00000E+04  5.00000E+04  6.00000E+04  8.00000E+04
  1.00000E+05  1.50000E+05  2.00000E+05  3.00000E+05  4.00000E+05  5.00000E+05
  6.00000E+05  8.00000E+05  1.00000E+06  1.02200E+06  1.25000E+06  1.50000E+06
  2.00000E+06  2.04400E+06  3.00000E+06  4.00000E+06  5.00000E+06  6.00000E+06
  7.00000E+06  8.00000E+06  9.00000E+06  1.00000E+07  1.10000E+07  1.20000E+07
  1.30000E+07  1.40000E+07  1.50000E+07  1.60000E+07  1.80000E+07  2.00000E+07
  2.20000E+07  2.40000E+07  2.60000E+07  2.80000E+07  3.00000E+07  4.00000E+07
  5.00000E+07  6.00000E+07  8.00000E+07  1.00000E+08  1.50000E+08  2.00000E+08
  3.00000E+08  4.00000E+08  5.00000E+08  6.00000E+08  8.00000E+08  1.00000E+09
  1.50000E+09  2.00000E+09  3.00000E+09  4.00000E+09  5.00000E+09  6.00000E+09
  8.00000E+09  1.00000E+10  1.50000E+10  2.00000E+10  3.00000E+10  4.00000E+10
  5.00000E+10  6.00000E+10  8.00000E+10  1.00000E+11
 2.384E+02 2.169E+02 1.972E+02 1.639E+02 1.365E+02 1.355E+02 1.355E+02 1.145E+02
 9.748E+01 7.429E+01 5.959E+01 3.774E+01 2.544E+01 1.370E+01 8.666E+00 6.016E+00
 4.424E+00 2.670E+00 1.779E+00 8.334E-01 4.810E-01 2.188E-01 1.243E-01 7.991E-02
 5.564E-02 3.138E-02 2.011E-02 1.926E-02 1.288E-02 8.949E-03 5.036E-03 4.822E-03
 2.239E-03 1.260E-03 8.062E-04 5.599E-04 4.113E-04 3.149E-04 2.488E-04 2.016E-04
 1.666E-04 1.400E-04 1.193E-04 1.028E-04 8.958E-05 7.874E-05 6.221E-05 5.039E-05
 4.165E-05 3.499E-05 2.982E-05 2.571E-05 2.240E-05 1.260E-05 8.063E-06 5.599E-06
 3.149E-06 2.016E-06 8.958E-07 5.039E-07 2.239E-07 1.260E-07 8.062E-08 5.599E-08
 3.149E-08 2.015E-08 8.958E-09 5.039E-09 2.239E-09 1.260E-09 8.062E-10 5.599E-10
 3.149E-10 2.015E-10 8.958E-11 5.039E-11 2.239E-11 1.260E-11 8.062E-12 5.599E-12
 3.149E-12 2.015E-12
 9.944E-01 1.568E+00 2.063E+00 2.982E+00 3.804E+00 3.833E+00 3.833E+00 4.522E+00
 5.139E+00 6.105E+00 6.814E+00 8.028E+00 8.801E+00 9.576E+00 9.853E+00 9.922E+00
 9.889E+00 9.677E+00 9.388E+00 8.641E+00 7.994E+00 7.007E+00 6.299E+00 5.763E+00
 5.337E+00 4.693E+00 4.222E+00 4.178E+00 3.777E+00 3.433E+00 2.930E+00 2.894E+00
 2.306E+00 1.924E+00 1.661E+00 1.469E+00 1.320E+00 1.201E+00 1.104E+00 1.023E+00
 9.543E-01 8.949E-01 8.431E-01 7.976E-01 7.572E-01 7.211E-01 6.591E-01 6.078E-01
 5.645E-01 5.275E-01 4.953E-01 4.673E-01 4.425E-01 3.516E-01 2.935E-01 2.529E-01
 1.994E-01 1.655E-01 1.179E-01 9.242E-02 6.551E-02 5.130E-02 4.247E-02 3.636E-02
 2.840E-02 2.336E-02 1.632E-02 1.263E-02 8.781E-03 6.778E-03 5.542E-03 4.699E-03
 3.621E-03 2.956E-03 2.043E-03 1.571E-03 1.083E-03 8.316E-04 6.772E-04 5.724E-04
 4.389E-04 3.571E-04
 3.236E+05 1.138E+05 5.303E+04 1.764E+04 7.968E+03 7.763E+03 6.797E+04 3.998E+04
 2.473E+04 1.141E+04 6.150E+03 1.937E+03 8.349E+02 2.482E+02 1.033E+02 5.191E+01
 2.947E+01 1.198E+01 5.944E+00 1.664E+00 6.803E-01 1.996E-01 8.729E-02 4.763E-02
 2.987E-02 1.517E-02 9.431E-03 8.931E-03 6.047E-03 4.369E-03 2.708E-03 2.617E-03
 1.482E-03 1.003E-03 7.539E-04 6.021E-04 5.004E-04 4.278E-04 3.733E-04 3.310E-04
 2.973E-04 2.698E-04 2.469E-04 2.275E-04 2.110E-04 1.967E-04 1.731E-04 1.546E-04
 1.397E-04 1.274E-04 1.170E-04 1.083E-04 1.007E-04 7.464E-05 5.929E-05 4.917E-05
 3.666E-05 2.922E-05 1.939E-05 1.450E-05 9.646E-06 7.226E-06 5.777E-06 4.811E-06
 3.606E-06 2.884E-06 1.922E-06 1.441E-06 9.604E-07 7.202E-07 5.761E-07 4.801E-07
 3.600E-07 2.880E-07 1.920E-07 1.440E-07 9.600E-08 7.200E-08 5.760E-08 4.800E-08
 3.600E-08 2.880E-08
 0.000E+00 0.000E+00 0.000E+00 0.000E+00 0.000E+00 0.000E+00 0.000E+00 0.000E+00
 0.000E+00 0.000E+00 0.000E+00 0.000E+00 0.000E+00 0.000E+00 0.000E+00 0.000E+00
 0.000E+00 0.000E+00 0.000E+00 0.000E+00 0.000E+00 0.000E+00 0.000E+00 0.000E+00
 0.000E+00 0.000E+00 0.000E+00 0.000E+00 3.569E-03 1.878E-02 7.323E-02 7.891E-02
 2.053E-01 3.300E-01 4.405E-01 5.393E-01 6.271E-01 7.062E-01 7.777E-01 8.426E-01
 9.015E-01 9.554E-01 1.005E+00 1.052E+00 1.095E+00 1.136E+00 1.211E+00 1.277E+00
 1.337E+00 1.392E+00 1.442E+00 1.489E+00 1.531E+00 1.706E+00 1.836E+00 1.938E+00
 2.090E+00 2.199E+00 2.376E+00 2.484E+00 2.611E+00 2.686E+00 2.736E+00 2.772E+00
 2.820E+00 2.851E+00 2.897E+00 2.922E+00 2.949E+00 2.964E+00 2.973E+00 2.979E+00
 2.988E+00 2.993E+00 3.001E+00 3.005E+00 3.009E+00 3.011E+00 3.012E+00 3.013E+00
 3.015E+00 3.015E+00
 0.000E+00 0.000E+00 0.000E+00 0.000E+00 0.000E+00 0.000E+00 0.000E+00 0.000E+00
 0.000E+00 0.000E+00 0.000E+00 0.000E+00 0.000E+00 0.000E+00 0.000E+00 0.000E+00
 0.000E+00 0.000E+00 0.000E+00 0.000E+00 0.000E+00 0.000E+00 0.000E+00 0.000E+00
 0.000E+00 0.000E+00 0.000E+00 0.000E+00 0.000E+00 0.000E+00 0.000E+00 0.000E+00
 8.070E-04 3.295E-03 6.564E-03 1.008E-02 1.359E-02 1.699E-02 2.025E-02 2.335E-02
 2.630E-02 2.907E-02 3.170E-02 3.420E-02 3.657E-02 3.883E-02 4.302E-02 4.685E-02
 5.037E-02 5.361E-02 5.662E-02 5.941E-02 6.202E-02 7.292E-02 8.131E-02 8.804E-02
 9.834E-02 1.060E-01 1.189E-01 1.272E-01 1.377E-01 1.441E-01 1.486E-01 1.519E-01
 1.566E-01 1.598E-01 1.646E-01 1.674E-01 1.705E-01 1.723E-01 1.734E-01 1.742E-01
 1.753E-01 1.760E-01 1.769E-01 1.775E-01 1.780E-01 1.783E-01 1.785E-01 1.786E-01
 1.788E-01 1.789E-01
     1
     6
  1.0000E-03  1.5000E-03  2.0000E-03  3.0000E-03  4.0000E-03  4.0381E-03
  3.2360E+05  1.1380E+05  5.3030E+04  1.7640E+04  7.9680E+03  7.7630E+03
