    86  222.018005
    10   100
    36    28    26    23    17    15    12    10     7     3
 K  L1 L2 L3 M1 M2 M3 M4 M5 N1
  98404.0  18049.0  17337.1  14619.4   4482.0   4159.0   3538.0   3021.5
   2892.4   1097.0
  1.00000E+03  1.09690E+03  1.09700E+03  1.50000E+03  2.00000E+03  2.89230E+03
  2.89240E+03  3.00000E+03  3.02140E+03  3.02150E+03  3.53790E+03  3.53800E+03
  4.00000E+03  4.15890E+03  4.15900E+03  4.48190E+03  4.48200E+03  5.00000E+03
  6.00000E+03  8.00000E+03  1.00000E+04  1.46193E+04  1.46194E+04  1.50000E+04
  1.73370E+04  1.73371E+04  1.80489E+04  1.80490E+04  2.00000E+04  3.00000E+04
  4.00000E+04  5.00000E+04  6.00000E+04  8.00000E+04  9.84039E+04  9.84040E+04
  1.00000E+05  1.50000E+05  2.00000E+05  3.00000E+05  4.00000E+05  5.00000E+05
  6.00000E+05  8.00000E+05  1.00000E+06  1.02200E+06  1.25000E+06  1.50000E+06
  2.00000E+06  2.04400E+06  3.00000E+06  4.00000E+06  5.00000E+06  6.00000E+06
  7.00000E+06  8.00000E+06  9.00000E+06  1.00000E+07  1.10000E+07  1.20000E+07
  1.30000E+07  1.40000E+07  1.50000E+07  1.60000E+07  1.80000E+07  2.00000E+07
  2.20000E+07  2.40000E+07  2.60000E+07  2.80000E+07  3.00000E+07  4.00000E+07
  5.00000E+07  6.00000E+07  8.00000E+07  1.00000E+08  1.50000E+08  2.00000E+08
  3.00000E+08  4.00000E+08  5.00000E+08  6.00000E+08  8.00000E+08  1.00000E+09
  1.50000E+09  2.00000E+09  3.00000E+09  4.00000E+09  5.00000E+09  6.00000E+09
  8.00000E+09  1.00000E+10  1.50000E+10  2.00000E+10  3.00000E+10  4.00000E+10
  5.00000E+10  6.00000E+10  8.00000E+10  1.00000E+11
 4.728E+03 4.691E+03 4.691E+03 4.527E+03 4.298E+03 3.888E+03 3.888E+03 3.840E+03
 3.831E+03 3.831E+03 3.614E+03 3.614E+03 3.432E+03 3.372E+03 3.372E+03 3.256E+03
 3.256E+03 3.079E+03 2.773E+03 2.273E+03 1.893E+03 1.306E+03 1.306E+03 1.270E+03
 1.074E+03 1.074E+03 1.024E+03 1.024E+03 9.039E+02 5.317E+02 3.567E+02 2.551E+02
 1.912E+02 1.201E+02 8.544E+01 8.544E+01 8.317E+01 4.123E+01 2.463E+01 1.178E+01
 6.905E+00 4.530E+00 3.198E+00 1.836E+00 1.190E+00 1.140E+00 7.687E-01 5.370E-01
 3.041E-01 2.913E-01 1.359E-01 7.663E-02 4.910E-02 3.411E-02 2.507E-02 1.920E-02
 1.517E-02 1.229E-02 1.016E-02 8.538E-03 7.275E-03 6.273E-03 5.465E-03 4.803E-03
 3.795E-03 3.074E-03 2.541E-03 2.135E-03 1.819E-03 1.569E-03 1.367E-03 7.687E-04
 4.919E-04 3.416E-04 1.922E-04 1.230E-04 5.466E-05 3.075E-05 1.367E-05 7.687E-06
 4.920E-06 3.416E-06 1.922E-06 1.230E-06 5.466E-07 3.075E-07 1.367E-07 7.687E-08
 4.920E-08 3.416E-08 1.922E-08 1.230E-08 5.466E-09 3.075E-09 1.367E-09 7.687E-10
 4.920E-10 3.416E-10 1.922E-10 1.230E-10
 1.176E+00 1.374E+00 1.374E+00 2.254E+00 3.389E+00 5.382E+00 5.382E+00 5.613E+00
 5.658E+00 5.659E+00 6.723E+00 6.723E+00 7.618E+00 7.913E+00 7.913E+00 8.483E+00
 8.484E+00 9.368E+00 1.095E+01 1.382E+01 1.636E+01 2.097E+01 2.097E+01 2.128E+01
 2.301E+01 2.301E+01 2.349E+01 2.349E+01 2.471E+01 2.935E+01 3.218E+01 3.386E+01
 3.481E+01 3.554E+01 3.549E+01 3.549E+01 3.547E+01 3.406E+01 3.224E+01 2.893E+01
 2.633E+01 2.426E+01 2.258E+01 1.996E+01 1.801E+01 1.783E+01 1.615E+01 1.470E+01
 1.256E+01 1.241E+01 9.899E+00 8.263E+00 7.138E+00 6.310E+00 5.672E+00 5.163E+00
 4.746E+00 4.398E+00 4.102E+00 3.847E+00 3.624E+00 3.429E+00 3.255E+00 3.100E+00
 2.834E+00 2.613E+00 2.427E+00 2.268E+00 2.130E+00 2.009E+00 1.902E+00 1.512E+00
 1.262E+00 1.087E+00 8.575E-01 7.118E-01 5.069E-01 3.974E-01 2.817E-01 2.206E-01
 1.826E-01 1.564E-01 1.221E-01 1.005E-01 7.016E-02 5.430E-02 3.776E-02 2.915E-02
 2.383E-02 2.021E-02 1.557E-02 1.271E-02 8.785E-03 6.754E-03 4.658E-03 3.576E-03
 2.912E-03 2.461E-03 1.887E-03 1.536E-03
 2.143E+06 1.807E+06 1.845E+06 9.977E+05 5.450E+05 2.407E+05 8.514E+05 5.689E+05
 5.581E+05 9.066E+05 5.416E+05 6.268E+05 4.634E+05 4.200E+05 4.454E+05 3.717E+05
 3.879E+05 2.979E+05 1.904E+05 9.270E+04 5.253E+04 1.968E+04 4.822E+04 4.511E+04
 3.045E+04 4.259E+04 3.865E+04 4.469E+04 3.433E+04 1.200E+04 5.598E+03 3.075E+03
 1.878E+03 8.577E+02 4.869E+02 2.188E+03 2.125E+03 7.412E+02 3.491E+02 1.222E+02
 5.959E+01 3.491E+01 2.294E+01 1.223E+01 7.724E+00 7.394E+00 4.991E+00 3.553E+00
 2.148E+00 2.070E+00 1.121E+00 7.330E-01 5.367E-01 4.202E-01 3.439E-01 2.903E-01
 2.508E-01 2.205E-01 1.966E-01 1.773E-01 1.614E-01 1.481E-01 1.367E-01 1.270E-01
 1.111E-01 9.872E-02 8.880E-02 8.068E-02 7.391E-02 6.819E-02 6.328E-02 4.651E-02
 3.676E-02 3.038E-02 2.255E-02 1.792E-02 1.185E-02 8.849E-03 5.874E-03 4.396E-03
 3.512E-03 2.925E-03 2.191E-03 1.752E-03 1.167E-03 8.747E-04 5.829E-04 4.371E-04
 3.496E-04 2.913E-04 2.185E-04 1.748E-04 1.165E-04 8.737E-05 5.824E-05 4.368E-05
 3.495E-05 2.912E-05 2.184E-05 1.747E-05
 0.000E+00 0.000E+00 0.000E+00 0.000E+00 0.000E+00 0.000E+00 0.000E+00 0.000E+00
 0.000E+00 0.000E+00 0.000E+00 0.000E+00 0.000E+00 0.000E+00 0.000E+00 0.000E+00
 0.000E+00 0.000E+00 0.000E+00 0.000E+00 0.000E+00 0.000E+00 0.000E+00 0.000E+00
 0.000E+00 0.000E+00 0.000E+00 0.000E+00 0.000E+00 0.000E+00 0.000E+00 0.000E+00
 0.000E+00 0.000E+00 0.000E+00 0.000E+00 0.000E+00 0.000E+00 0.000E+00 0.000E+00
 0.000E+00 0.000E+00 0.000E+00 0.000E+00 0.000E+00 0.000E+00 1.477E-01 7.139E-01
 2.127E+00 2.249E+00 4.561E+00 6.485E+00 8.093E+00 9.480E+00 1.070E+01 1.180E+01
 1.280E+01 1.373E+01 1.459E+01 1.538E+01 1.613E+01 1.683E+01 1.748E+01 1.809E+01
 1.919E+01 2.017E+01 2.106E+01 2.188E+01 2.262E+01 2.330E+01 2.393E+01 2.649E+01
 2.840E+01 2.987E+01 3.204E+01 3.357E+01 3.598E+01 3.741E+01 3.908E+01 4.003E+01
 4.066E+01 4.111E+01 4.170E+01 4.209E+01 4.264E+01 4.294E+01 4.327E+01 4.345E+01
 4.356E+01 4.364E+01 4.374E+01 4.380E+01 4.389E+01 4.394E+01 4.399E+01 4.402E+01
 4.403E+01 4.404E+01 4.406E+01 4.407E+01
 0.000E+00 0.000E+00 0.000E+00 0.000E+00 0.000E+00 0.000E+00 0.000E+00 0.000E+00
 0.000E+00 0.000E+00 0.000E+00 0.000E+00 0.000E+00 0.000E+00 0.000E+00 0.000E+00
 0.000E+00 0.000E+00 0.000E+00 0.000E+00 0.000E+00 0.000E+00 0.000E+00 0.000E+00
 0.000E+00 0.000E+00 0.000E+00 0.000E+00 0.000E+00 0.000E+00 0.000E+00 0.000E+00
 0.000E+00 0.000E+00 0.000E+00 0.000E+00 0.000E+00 0.000E+00 0.000E+00 0.000E+00
 0.000E+00 0.000E+00 0.000E+00 0.000E+00 0.000E+00 0.000E+00 0.000E+00 0.000E+00
 0.000E+00 0.000E+00 3.458E-03 1.409E-02 2.802E-02 4.295E-02 5.778E-02 7.212E-02
 8.580E-02 9.877E-02 1.110E-01 1.225E-01 1.334E-01 1.436E-01 1.534E-01 1.626E-01
 1.796E-01 1.950E-01 2.091E-01 2.219E-01 2.338E-01 2.448E-01 2.549E-01 2.967E-01
 3.281E-01 3.528E-01 3.896E-01 4.161E-01 4.594E-01 4.862E-01 5.187E-01 5.380E-01
 5.511E-01 5.606E-01 5.737E-01 5.824E-01 5.951E-01 6.024E-01 6.101E-01 6.147E-01
 6.175E-01 6.195E-01 6.221E-01 6.237E-01 6.259E-01 6.272E-01 6.284E-01 6.292E-01
 6.297E-01 6.300E-01 6.303E-01 6.306E-01
    10
     3     4     3     3     3     3     6     3     3     8
  1.0000E-03  1.0474E-03  1.0970E-03
  1.0970E-03  1.5000E-03  2.0000E-03  2.8924E-03
  2.8924E-03  3.0000E-03  3.0215E-03
  3.0215E-03  3.2696E-03  3.5380E-03
  3.5380E-03  4.0000E-03  4.1590E-03
  4.1590E-03  4.3175E-03  4.4820E-03
  4.4820E-03  5.0000E-03  6.0000E-03  8.0000E-03  1.0000E-02  1.4619E-02
  1.4619E-02  1.5000E-02  1.7337E-02
  1.7337E-02  1.7689E-02  1.8049E-02
  1.8049E-02  2.0000E-02  3.0000E-02  4.0000E-02  5.0000E-02  6.0000E-02
  8.0000E-02  9.8404E-02
  2.1430E+06  1.9675E+06  1.8070E+06
  1.8450E+06  9.9770E+05  5.4500E+05  2.4070E+05
  8.5140E+05  5.6890E+05  5.5810E+05
  9.0660E+05  7.0070E+05  5.4160E+05
  6.2680E+05  4.6340E+05  4.2000E+05
  4.4540E+05  4.0688E+05  3.7170E+05
  3.8790E+05  2.9790E+05  1.9040E+05  9.2700E+04  5.2530E+04  1.9680E+04
  4.8220E+04  4.5110E+04  3.0450E+04
  4.2590E+04  4.0567E+04  3.8650E+04
  4.4690E+04  3.4330E+04  1.2000E+04  5.5980E+03  3.0750E+03  1.8780E+03
  8.5770E+02  4.8690E+02
