    17   35.452999
     1    82
     5
 K 
   2822.4
  1.00000E+03  1.50000E+03  2.00000E+03  2.82230E+03  2.82240E+03  3.00000E+03
  4.00000E+03  5.00000E+03  6.00000E+03  8.00000E+03  1.00000E+04  1.50000E+04
  2.00000E+04  3.00000E+04  4.00000E+04  5.00000E+04  6.00000E+04  8.00000E+04
  1.00000E+05  1.50000E+05  2.00000E+05  3.00000E+05  4.00000E+05  5.00000E+05
  6.00000E+05  8.00000E+05  1.00000E+06  1.02200E+06  1.25000E+06  1.50000E+06
  2.00000E+06  2.04400E+06  3.00000E+06  4.00000E+06  5.00000E+06  6.00000E+06
  7.00000E+06  8.00000E+06  9.00000E+06  1.00000E+07  1.10000E+07  1.20000E+07
  1.30000E+07  1.40000E+07  1.50000E+07  1.60000E+07  1.80000E+07  2.00000E+07
  2.20000E+07  2.40000E+07  2.60000E+07  2.80000E+07  3.00000E+07  4.00000E+07
  5.00000E+07  6.00000E+07  8.00000E+07  1.00000E+08  1.50000E+08  2.00000E+08
  3.00000E+08  4.00000E+08  5.00000E+08  6.00000E+08  8.00000E+08  1.00000E+09
  1.50000E+09  2.00000E+09  3.00000E+09  4.00000E+09  5.00000E+09  6.00000E+09
  8.00000E+09  1.00000E+10  1.50000E+10  2.00000E+10  3.00000E+10  4.00000E+10
  5.00000E+10  6.00000E+10  8.00000E+10  1.00000E+11
 1.786E+02 1.646E+02 1.490E+02 1.246E+02 1.246E+02 1.200E+02 9.782E+01 8.196E+01
 7.043E+01 5.460E+01 4.365E+01 2.641E+01 1.740E+01 9.320E+00 5.890E+00 4.069E+00
 2.974E+00 1.779E+00 1.180E+00 5.501E-01 3.166E-01 1.435E-01 8.134E-02 5.225E-02
 3.636E-02 2.050E-02 1.313E-02 1.257E-02 8.410E-03 5.842E-03 3.287E-03 3.147E-03
 1.461E-03 8.221E-04 5.262E-04 3.654E-04 2.685E-04 2.055E-04 1.624E-04 1.315E-04
 1.087E-04 9.135E-05 7.784E-05 6.712E-05 5.847E-05 5.139E-05 4.060E-05 3.289E-05
 2.718E-05 2.284E-05 1.946E-05 1.678E-05 1.462E-05 8.222E-06 5.262E-06 3.654E-06
 2.055E-06 1.315E-06 5.846E-07 3.288E-07 1.462E-07 8.221E-08 5.262E-08 3.654E-08
 2.055E-08 1.315E-08 5.846E-09 3.288E-09 1.462E-09 8.221E-10 5.262E-10 3.654E-10
 2.055E-10 1.315E-10 5.846E-11 3.288E-11 1.462E-11 8.221E-12 5.262E-12 3.654E-12
 2.055E-12 1.315E-12
 5.037E-01 9.956E-01 1.522E+00 2.339E+00 2.339E+00 2.501E+00 3.309E+00 3.950E+00
 4.463E+00 5.260E+00 5.887E+00 7.010E+00 7.683E+00 8.304E+00 8.515E+00 8.559E+00
 8.516E+00 8.309E+00 8.043E+00 7.379E+00 6.816E+00 5.966E+00 5.360E+00 4.902E+00
 4.539E+00 3.991E+00 3.590E+00 3.552E+00 3.211E+00 2.919E+00 2.491E+00 2.461E+00
 1.960E+00 1.635E+00 1.412E+00 1.248E+00 1.122E+00 1.021E+00 9.386E-01 8.696E-01
 8.111E-01 7.607E-01 7.166E-01 6.780E-01 6.437E-01 6.130E-01 5.602E-01 5.166E-01
 4.798E-01 4.484E-01 4.211E-01 3.972E-01 3.761E-01 2.989E-01 2.495E-01 2.150E-01
 1.695E-01 1.407E-01 1.002E-01 7.856E-02 5.568E-02 4.361E-02 3.610E-02 3.091E-02
 2.414E-02 1.986E-02 1.387E-02 1.073E-02 7.464E-03 5.761E-03 4.710E-03 3.994E-03
 3.078E-03 2.513E-03 1.736E-03 1.335E-03 9.207E-04 7.068E-04 5.756E-04 4.866E-04
 3.731E-04 3.035E-04
 1.665E+05 5.736E+04 2.646E+04 1.032E+04 9.622E+04 8.658E+04 4.133E+04 2.288E+04
 1.396E+04 6.269E+03 3.321E+03 1.017E+03 4.306E+02 1.252E+02 5.133E+01 2.554E+01
 1.438E+01 5.784E+00 2.846E+00 7.865E-01 3.190E-01 9.272E-02 4.034E-02 2.194E-02
 1.374E-02 6.963E-03 4.331E-03 4.095E-03 2.774E-03 2.006E-03 1.247E-03 1.205E-03
 6.854E-04 4.655E-04 3.505E-04 2.803E-04 2.333E-04 1.996E-04 1.743E-04 1.547E-04
 1.390E-04 1.261E-04 1.155E-04 1.065E-04 9.875E-05 9.207E-05 8.109E-05 7.245E-05
 6.546E-05 5.971E-05 5.488E-05 5.077E-05 4.723E-05 3.503E-05 2.783E-05 2.309E-05
 1.722E-05 1.373E-05 9.109E-06 6.816E-06 4.533E-06 3.396E-06 2.715E-06 2.261E-06
 1.695E-06 1.356E-06 9.033E-07 6.773E-07 4.514E-07 3.385E-07 2.708E-07 2.257E-07
 1.692E-07 1.354E-07 9.026E-08 6.769E-08 4.513E-08 3.384E-08 2.707E-08 2.256E-08
 1.692E-08 1.354E-08
 0.000E+00 0.000E+00 0.000E+00 0.000E+00 0.000E+00 0.000E+00 0.000E+00 0.000E+00
 0.000E+00 0.000E+00 0.000E+00 0.000E+00 0.000E+00 0.000E+00 0.000E+00 0.000E+00
 0.000E+00 0.000E+00 0.000E+00 0.000E+00 0.000E+00 0.000E+00 0.000E+00 0.000E+00
 0.000E+00 0.000E+00 0.000E+00 0.000E+00 2.497E-03 1.337E-02 5.227E-02 5.632E-02
 1.477E-01 2.380E-01 3.183E-01 3.900E-01 4.539E-01 5.113E-01 5.634E-01 6.106E-01
 6.534E-01 6.927E-01 7.291E-01 7.630E-01 7.946E-01 8.243E-01 8.786E-01 9.272E-01
 9.711E-01 1.011E+00 1.048E+00 1.081E+00 1.112E+00 1.241E+00 1.337E+00 1.412E+00
 1.522E+00 1.602E+00 1.732E+00 1.812E+00 1.906E+00 1.960E+00 1.997E+00 2.023E+00
 2.058E+00 2.081E+00 2.114E+00 2.132E+00 2.151E+00 2.162E+00 2.169E+00 2.173E+00
 2.180E+00 2.183E+00 2.189E+00 2.192E+00 2.195E+00 2.196E+00 2.197E+00 2.198E+00
 2.199E+00 2.199E+00
 0.000E+00 0.000E+00 0.000E+00 0.000E+00 0.000E+00 0.000E+00 0.000E+00 0.000E+00
 0.000E+00 0.000E+00 0.000E+00 0.000E+00 0.000E+00 0.000E+00 0.000E+00 0.000E+00
 0.000E+00 0.000E+00 0.000E+00 0.000E+00 0.000E+00 0.000E+00 0.000E+00 0.000E+00
 0.000E+00 0.000E+00 0.000E+00 0.000E+00 0.000E+00 0.000E+00 0.000E+00 0.000E+00
 6.859E-04 2.801E-03 5.580E-03 8.569E-03 1.155E-02 1.445E-02 1.722E-02 1.986E-02
 2.237E-02 2.473E-02 2.697E-02 2.910E-02 3.112E-02 3.304E-02 3.662E-02 3.989E-02
 4.289E-02 4.566E-02 4.823E-02 5.062E-02 5.285E-02 6.219E-02 6.939E-02 7.517E-02
 8.402E-02 9.059E-02 1.017E-01 1.089E-01 1.180E-01 1.235E-01 1.273E-01 1.302E-01
 1.341E-01 1.367E-01 1.407E-01 1.429E-01 1.454E-01 1.469E-01 1.478E-01 1.484E-01
 1.492E-01 1.497E-01 1.505E-01 1.509E-01 1.513E-01 1.515E-01 1.517E-01 1.518E-01
 1.519E-01 1.520E-01
     1
     4
  1.0000E-03  1.5000E-03  2.0000E-03  2.8224E-03
  1.6650E+05  5.7360E+04  2.6460E+04  1.0320E+04
