    76  190.199997
     9    98
    33    25    23    21    14    11     9     7     4
 K  L1 L2 L3 M1 M2 M3 M4 M5
  73870.8  12968.0  12385.0  10870.9   3048.5   2792.2   2457.2   2030.8
   1960.1
  1.00000E+03  1.50000E+03  1.96000E+03  1.96010E+03  2.00000E+03  2.03070E+03
  2.03080E+03  2.45710E+03  2.45720E+03  2.79210E+03  2.79220E+03  3.00000E+03
  3.04840E+03  3.04850E+03  4.00000E+03  5.00000E+03  6.00000E+03  8.00000E+03
  1.00000E+04  1.08708E+04  1.08709E+04  1.23849E+04  1.23850E+04  1.29679E+04
  1.29680E+04  1.50000E+04  2.00000E+04  3.00000E+04  4.00000E+04  5.00000E+04
  6.00000E+04  7.38707E+04  7.38708E+04  8.00000E+04  1.00000E+05  1.50000E+05
  2.00000E+05  3.00000E+05  4.00000E+05  5.00000E+05  6.00000E+05  8.00000E+05
  1.00000E+06  1.02200E+06  1.25000E+06  1.50000E+06  2.00000E+06  2.04400E+06
  3.00000E+06  4.00000E+06  5.00000E+06  6.00000E+06  7.00000E+06  8.00000E+06
  9.00000E+06  1.00000E+07  1.10000E+07  1.20000E+07  1.30000E+07  1.40000E+07
  1.50000E+07  1.60000E+07  1.80000E+07  2.00000E+07  2.20000E+07  2.40000E+07
  2.60000E+07  2.80000E+07  3.00000E+07  4.00000E+07  5.00000E+07  6.00000E+07
  8.00000E+07  1.00000E+08  1.50000E+08  2.00000E+08  3.00000E+08  4.00000E+08
  5.00000E+08  6.00000E+08  8.00000E+08  1.00000E+09  1.50000E+09  2.00000E+09
  3.00000E+09  4.00000E+09  5.00000E+09  6.00000E+09  8.00000E+09  1.00000E+10
  1.50000E+10  2.00000E+10  3.00000E+10  4.00000E+10  5.00000E+10  6.00000E+10
  8.00000E+10  1.00000E+11
 3.694E+03 3.542E+03 3.385E+03 3.385E+03 3.371E+03 3.360E+03 3.360E+03 3.213E+03
 3.213E+03 3.095E+03 3.095E+03 3.023E+03 3.006E+03 3.006E+03 2.700E+03 2.413E+03
 2.162E+03 1.755E+03 1.446E+03 1.335E+03 1.335E+03 1.168E+03 1.168E+03 1.109E+03
 1.109E+03 9.427E+02 6.645E+02 3.928E+02 2.599E+02 1.840E+02 1.377E+02 9.867E+01
 9.867E+01 8.658E+01 5.956E+01 2.919E+01 1.739E+01 8.271E+00 4.817E+00 3.146E+00
 2.214E+00 1.267E+00 8.186E-01 7.843E-01 5.278E-01 3.681E-01 2.081E-01 1.993E-01
 9.284E-02 5.230E-02 3.349E-02 2.327E-02 1.710E-02 1.309E-02 1.035E-02 8.382E-03
 6.928E-03 5.821E-03 4.960E-03 4.277E-03 3.726E-03 3.275E-03 2.588E-03 2.096E-03
 1.732E-03 1.456E-03 1.240E-03 1.069E-03 9.316E-04 5.240E-04 3.354E-04 2.329E-04
 1.310E-04 8.384E-05 3.726E-05 2.096E-05 9.316E-06 5.240E-06 3.354E-06 2.329E-06
 1.310E-06 8.384E-07 3.726E-07 2.096E-07 9.316E-08 5.240E-08 3.354E-08 2.329E-08
 1.310E-08 8.384E-09 3.726E-09 2.096E-09 9.316E-10 5.240E-10 3.354E-10 2.329E-10
 1.310E-10 8.384E-11
 1.278E+00 2.254E+00 3.116E+00 3.116E+00 3.190E+00 3.247E+00 3.247E+00 4.016E+00
 4.016E+00 4.612E+00 4.612E+00 4.977E+00 5.062E+00 5.062E+00 6.682E+00 8.302E+00
 9.835E+00 1.258E+01 1.487E+01 1.576E+01 1.576E+01 1.717E+01 1.717E+01 1.764E+01
 1.764E+01 1.925E+01 2.249E+01 2.686E+01 2.935E+01 3.074E+01 3.150E+01 3.196E+01
 3.196E+01 3.203E+01 3.188E+01 3.046E+01 2.874E+01 2.572E+01 2.337E+01 2.151E+01
 2.001E+01 1.768E+01 1.594E+01 1.577E+01 1.428E+01 1.300E+01 1.111E+01 1.097E+01
 8.751E+00 7.303E+00 6.309E+00 5.577E+00 5.013E+00 4.563E+00 4.195E+00 3.887E+00
 3.625E+00 3.400E+00 3.203E+00 3.030E+00 2.877E+00 2.740E+00 2.504E+00 2.309E+00
 2.145E+00 2.004E+00 1.882E+00 1.776E+00 1.681E+00 1.336E+00 1.115E+00 9.609E-01
 7.578E-01 6.290E-01 4.479E-01 3.512E-01 2.489E-01 1.950E-01 1.614E-01 1.382E-01
 1.079E-01 8.879E-02 6.201E-02 4.799E-02 3.337E-02 2.576E-02 2.106E-02 1.786E-02
 1.376E-02 1.123E-02 7.763E-03 5.968E-03 4.116E-03 3.160E-03 2.573E-03 2.175E-03
 1.668E-03 1.357E-03
 1.270E+06 5.654E+05 3.197E+05 3.297E+05 6.972E+05 8.154E+05 8.925E+05 8.002E+05
 9.271E+05 6.796E+05 7.221E+05 6.092E+05 5.872E+05 6.124E+05 3.203E+05 1.850E+05
 1.171E+05 5.622E+04 3.154E+04 2.536E+04 6.563E+04 4.629E+04 6.390E+04 5.718E+04
 6.611E+04 4.572E+04 2.154E+04 7.297E+03 3.341E+03 1.811E+03 1.095E+03 6.147E+02
 3.078E+03 2.499E+03 1.392E+03 4.708E+02 2.169E+02 7.382E+01 3.533E+01 2.043E+01
 1.331E+01 7.026E+00 4.418E+00 4.229E+00 2.852E+00 2.033E+00 1.230E+00 1.186E+00
 6.448E-01 4.230E-01 3.105E-01 2.436E-01 1.997E-01 1.688E-01 1.460E-01 1.285E-01
 1.147E-01 1.035E-01 9.426E-02 8.651E-02 7.993E-02 7.426E-02 6.502E-02 5.781E-02
 5.203E-02 4.729E-02 4.334E-02 3.999E-02 3.713E-02 2.732E-02 2.160E-02 1.786E-02
 1.326E-02 1.055E-02 6.975E-03 5.210E-03 3.460E-03 2.589E-03 2.069E-03 1.723E-03
 1.291E-03 1.032E-03 6.874E-04 5.154E-04 3.434E-04 2.575E-04 2.060E-04 1.716E-04
 1.287E-04 1.030E-04 6.864E-05 5.148E-05 3.432E-05 2.574E-05 2.059E-05 1.716E-05
 1.287E-05 1.029E-05
 0.000E+00 0.000E+00 0.000E+00 0.000E+00 0.000E+00 0.000E+00 0.000E+00 0.000E+00
 0.000E+00 0.000E+00 0.000E+00 0.000E+00 0.000E+00 0.000E+00 0.000E+00 0.000E+00
 0.000E+00 0.000E+00 0.000E+00 0.000E+00 0.000E+00 0.000E+00 0.000E+00 0.000E+00
 0.000E+00 0.000E+00 0.000E+00 0.000E+00 0.000E+00 0.000E+00 0.000E+00 0.000E+00
 0.000E+00 0.000E+00 0.000E+00 0.000E+00 0.000E+00 0.000E+00 0.000E+00 0.000E+00
 0.000E+00 0.000E+00 0.000E+00 0.000E+00 1.059E-01 4.979E-01 1.533E+00 1.626E+00
 3.458E+00 5.047E+00 6.378E+00 7.522E+00 8.531E+00 9.438E+00 1.026E+01 1.102E+01
 1.172E+01 1.238E+01 1.299E+01 1.356E+01 1.409E+01 1.458E+01 1.548E+01 1.627E+01
 1.699E+01 1.765E+01 1.825E+01 1.880E+01 1.931E+01 2.139E+01 2.292E+01 2.412E+01
 2.588E+01 2.711E+01 2.907E+01 3.022E+01 3.157E+01 3.234E+01 3.284E+01 3.320E+01
 3.368E+01 3.399E+01 3.443E+01 3.467E+01 3.494E+01 3.508E+01 3.517E+01 3.523E+01
 3.531E+01 3.536E+01 3.543E+01 3.547E+01 3.551E+01 3.553E+01 3.554E+01 3.555E+01
 3.556E+01 3.557E+01
 0.000E+00 0.000E+00 0.000E+00 0.000E+00 0.000E+00 0.000E+00 0.000E+00 0.000E+00
 0.000E+00 0.000E+00 0.000E+00 0.000E+00 0.000E+00 0.000E+00 0.000E+00 0.000E+00
 0.000E+00 0.000E+00 0.000E+00 0.000E+00 0.000E+00 0.000E+00 0.000E+00 0.000E+00
 0.000E+00 0.000E+00 0.000E+00 0.000E+00 0.000E+00 0.000E+00 0.000E+00 0.000E+00
 0.000E+00 0.000E+00 0.000E+00 0.000E+00 0.000E+00 0.000E+00 0.000E+00 0.000E+00
 0.000E+00 0.000E+00 0.000E+00 0.000E+00 0.000E+00 0.000E+00 0.000E+00 0.000E+00
 3.058E-03 1.246E-02 2.479E-02 3.801E-02 5.115E-02 6.386E-02 7.600E-02 8.750E-02
 9.837E-02 1.086E-01 1.182E-01 1.274E-01 1.360E-01 1.442E-01 1.594E-01 1.731E-01
 1.857E-01 1.972E-01 2.078E-01 2.176E-01 2.267E-01 2.641E-01 2.922E-01 3.144E-01
 3.474E-01 3.713E-01 4.102E-01 4.344E-01 4.636E-01 4.809E-01 4.927E-01 5.013E-01
 5.131E-01 5.210E-01 5.326E-01 5.391E-01 5.462E-01 5.505E-01 5.530E-01 5.548E-01
 5.572E-01 5.587E-01 5.607E-01 5.619E-01 5.630E-01 5.638E-01 5.642E-01 5.645E-01
 5.648E-01 5.650E-01
     9
     3     3     3     3     3     7     3     3     8
  1.0000E-03  1.5000E-03  1.9601E-03
  1.9601E-03  2.0000E-03  2.0308E-03
  2.0308E-03  2.2338E-03  2.4572E-03
  2.4572E-03  2.6193E-03  2.7922E-03
  2.7922E-03  3.0000E-03  3.0485E-03
  3.0485E-03  4.0000E-03  5.0000E-03  6.0000E-03  8.0000E-03  1.0000E-02
  1.0871E-02
  1.0871E-02  1.1603E-02  1.2385E-02
  1.2385E-02  1.2673E-02  1.2968E-02
  1.2968E-02  1.5000E-02  2.0000E-02  3.0000E-02  4.0000E-02  5.0000E-02
  6.0000E-02  7.3871E-02
  1.2700E+06  5.6540E+05  3.1970E+05
  3.2970E+05  6.9720E+05  8.1540E+05
  8.9250E+05  8.4508E+05  8.0020E+05
  9.2710E+05  7.9371E+05  6.7960E+05
  7.2210E+05  6.0920E+05  5.8720E+05
  6.1240E+05  3.2030E+05  1.8500E+05  1.1710E+05  5.6220E+04  3.1540E+04
  2.5360E+04
  6.5630E+04  5.5116E+04  4.6290E+04
  6.3900E+04  6.0443E+04  5.7180E+04
  6.6110E+04  4.5720E+04  2.1540E+04  7.2970E+03  3.3410E+03  1.8110E+03
  1.0950E+03  6.1470E+02
