     5   10.810000
     0    80
 1.000000E+03 1.500000E+03 2.000000E+03 3.000000E+03 4.000000E+03 5.000000E+03
 6.000000E+03 8.000000E+03 1.000000E+04 1.500000E+04 2.000000E+04 3.000000E+04
 4.000000E+04 5.000000E+04 6.000000E+04 8.000000E+04 1.000000E+05 1.500000E+05
 2.000000E+05 3.000000E+05 4.000000E+05 5.000000E+05 6.000000E+05 8.000000E+05
 1.000000E+06 1.022000E+06 1.250000E+06 1.500000E+06 2.000000E+06 2.044000E+06
 3.000000E+06 4.000000E+06 5.000000E+06 6.000000E+06 7.000000E+06 8.000000E+06
 9.000000E+06 1.000000E+07 1.100000E+07 1.200000E+07 1.300000E+07 1.400000E+07
 1.500000E+07 1.600000E+07 1.800000E+07 2.000000E+07 2.200000E+07 2.400000E+07
 2.600000E+07 2.800000E+07 3.000000E+07 4.000000E+07 5.000000E+07 6.000000E+07
 8.000000E+07 1.000000E+08 1.500000E+08 2.000000E+08 3.000000E+08 4.000000E+08
 5.000000E+08 6.000000E+08 8.000000E+08 1.000000E+09 1.500000E+09 2.000000E+09
 3.000000E+09 4.000000E+09 5.000000E+09 6.000000E+09 8.000000E+09 1.000000E+10
 1.500000E+10 2.000000E+10 3.000000E+10 4.000000E+10 5.000000E+10 6.000000E+10
 8.000000E+10 1.000000E+11
 1.446E+01 1.248E+01 1.054E+01 7.548E+00 5.684E+00 4.524E+00 3.759E+00 2.805E+00
 2.204E+00 1.318E+00 8.564E-01 4.377E-01 2.639E-01 1.758E-01 1.252E-01 7.237E-02
 4.696E-02 2.118E-02 1.197E-02 5.342E-03 3.009E-03 1.927E-03 1.339E-03 7.532E-04
 4.821E-04 4.616E-04 3.086E-04 2.143E-04 1.206E-04 1.154E-04 5.358E-05 3.014E-05
 1.929E-05 1.340E-05 9.842E-06 7.535E-06 5.954E-06 4.823E-06 3.986E-06 3.349E-06
 2.854E-06 2.461E-06 2.143E-06 1.884E-06 1.488E-06 1.206E-06 9.964E-07 8.372E-07
 7.134E-07 6.151E-07 5.358E-07 3.014E-07 1.929E-07 1.340E-07 7.534E-08 4.821E-08
 2.143E-08 1.205E-08 5.357E-09 3.013E-09 1.929E-09 1.339E-09 7.533E-10 4.821E-10
 2.143E-10 1.205E-10 5.357E-11 3.013E-11 1.929E-11 1.339E-11 7.533E-12 4.821E-12
 2.143E-12 1.205E-12 5.357E-13 3.013E-13 1.929E-13 1.339E-13 7.533E-14 4.821E-14
 2.893E-01 5.537E-01 8.201E-01 1.264E+00 1.568E+00 1.773E+00 1.924E+00 2.146E+00
 2.312E+00 2.581E+00 2.714E+00 2.790E+00 2.774E+00 2.727E+00 2.671E+00 2.553E+00
 2.442E+00 2.209E+00 2.027E+00 1.765E+00 1.583E+00 1.446E+00 1.338E+00 1.175E+00
 1.057E+00 1.046E+00 9.450E-01 8.589E-01 7.330E-01 7.239E-01 5.767E-01 4.810E-01
 4.154E-01 3.672E-01 3.300E-01 3.003E-01 2.761E-01 2.558E-01 2.386E-01 2.237E-01
 2.108E-01 1.994E-01 1.893E-01 1.803E-01 1.648E-01 1.519E-01 1.411E-01 1.319E-01
 1.238E-01 1.168E-01 1.106E-01 8.790E-02 7.337E-02 6.322E-02 4.986E-02 4.138E-02
 2.947E-02 2.311E-02 1.638E-02 1.283E-02 1.062E-02 9.091E-03 7.100E-03 5.841E-03
 4.079E-03 3.157E-03 2.195E-03 1.695E-03 1.385E-03 1.175E-03 9.051E-04 7.390E-04
 5.107E-04 3.927E-04 2.708E-04 2.079E-04 1.693E-04 1.431E-04 1.097E-04 8.927E-05
 2.204E+04 6.749E+03 2.856E+03 8.291E+02 3.386E+02 1.675E+02 9.375E+01 3.717E+01
 1.801E+01 4.766E+00 1.840E+00 4.768E-01 1.820E-01 8.606E-02 4.665E-02 1.775E-02
 8.432E-03 2.197E-03 8.606E-04 2.404E-04 1.023E-04 5.497E-05 3.417E-05 1.722E-05
 1.071E-05 9.792E-06 6.653E-06 4.835E-06 3.056E-06 2.957E-06 1.719E-06 1.184E-06
 9.007E-07 7.256E-07 6.070E-07 5.215E-07 4.570E-07 4.067E-07 3.662E-07 3.331E-07
 3.054E-07 2.820E-07 2.619E-07 2.445E-07 2.157E-07 1.930E-07 1.746E-07 1.595E-07
 1.467E-07 1.358E-07 1.264E-07 9.400E-08 7.480E-08 6.211E-08 4.638E-08 3.700E-08
 2.458E-08 1.840E-08 1.224E-08 9.175E-09 7.336E-09 6.111E-09 4.582E-09 3.664E-09
 2.442E-09 1.831E-09 1.221E-09 9.153E-10 7.322E-10 6.102E-10 4.576E-10 3.661E-10
 2.440E-10 1.830E-10 1.220E-10 9.151E-11 7.321E-11 6.101E-11 4.575E-11 3.660E-11
 0.000E-01 0.000E-01 0.000E-01 0.000E-01 0.000E-01 0.000E-01 0.000E-01 0.000E-01
 0.000E-01 0.000E-01 0.000E-01 0.000E-01 0.000E-01 0.000E-01 0.000E-01 0.000E-01
 0.000E-01 0.000E-01 0.000E-01 0.000E-01 0.000E-01 0.000E-01 0.000E-01 0.000E-01
 0.000E-01 0.000E-01 1.981E-04 1.104E-03 4.408E-03 4.752E-03 1.263E-02 2.052E-02
 2.754E-02 3.387E-02 3.950E-02 4.459E-02 4.921E-02 5.341E-02 5.723E-02 6.074E-02
 6.401E-02 6.706E-02 6.991E-02 7.259E-02 7.751E-02 8.193E-02 8.594E-02 8.959E-02
 9.295E-02 9.604E-02 9.892E-02 1.107E-01 1.196E-01 1.267E-01 1.373E-01 1.451E-01
 1.582E-01 1.665E-01 1.766E-01 1.827E-01 1.868E-01 1.898E-01 1.939E-01 1.965E-01
 2.005E-01 2.027E-01 2.050E-01 2.063E-01 2.072E-01 2.077E-01 2.085E-01 2.090E-01
 2.096E-01 2.100E-01 2.104E-01 2.106E-01 2.107E-01 2.108E-01 2.109E-01 2.110E-01
 0.000E-01 0.000E-01 0.000E-01 0.000E-01 0.000E-01 0.000E-01 0.000E-01 0.000E-01
 0.000E-01 0.000E-01 0.000E-01 0.000E-01 0.000E-01 0.000E-01 0.000E-01 0.000E-01
 0.000E-01 0.000E-01 0.000E-01 0.000E-01 0.000E-01 0.000E-01 0.000E-01 0.000E-01
 0.000E-01 0.000E-01 0.000E-01 0.000E-01 0.000E-01 0.000E-01 2.017E-04 8.237E-04
 1.641E-03 2.521E-03 3.399E-03 4.252E-03 5.069E-03 5.849E-03 6.588E-03 7.288E-03
 7.949E-03 8.581E-03 9.180E-03 9.752E-03 1.082E-02 1.179E-02 1.269E-02 1.353E-02
 1.430E-02 1.502E-02 1.570E-02 1.855E-02 2.078E-02 2.259E-02 2.541E-02 2.754E-02
 3.124E-02 3.371E-02 3.690E-02 3.893E-02 4.035E-02 4.142E-02 4.294E-02 4.397E-02
 4.553E-02 4.644E-02 4.744E-02 4.803E-02 4.839E-02 4.865E-02 4.900E-02 4.922E-02
 4.952E-02 4.970E-02 4.987E-02 4.998E-02 5.004E-02 5.008E-02 5.013E-02 5.016E-02
