    74  183.850006
     9    98
    33    25    23    21    13    11     9     6     4
 K  L1 L2 L3 M1 M2 M3 M4 M5
  69525.0  12099.8  11544.0  10206.8   2819.6   2574.9   2281.0   1871.6
   1809.2
  1.00000E+03  1.50000E+03  1.80910E+03  1.80920E+03  1.87150E+03  1.87160E+03
  2.00000E+03  2.28090E+03  2.28100E+03  2.57480E+03  2.57490E+03  2.81950E+03
  2.81960E+03  3.00000E+03  4.00000E+03  5.00000E+03  6.00000E+03  8.00000E+03
  1.00000E+04  1.02067E+04  1.02068E+04  1.15439E+04  1.15440E+04  1.20997E+04
  1.20998E+04  1.50000E+04  2.00000E+04  3.00000E+04  4.00000E+04  5.00000E+04
  6.00000E+04  6.95249E+04  6.95250E+04  8.00000E+04  1.00000E+05  1.50000E+05
  2.00000E+05  3.00000E+05  4.00000E+05  5.00000E+05  6.00000E+05  8.00000E+05
  1.00000E+06  1.02200E+06  1.25000E+06  1.50000E+06  2.00000E+06  2.04400E+06
  3.00000E+06  4.00000E+06  5.00000E+06  6.00000E+06  7.00000E+06  8.00000E+06
  9.00000E+06  1.00000E+07  1.10000E+07  1.20000E+07  1.30000E+07  1.40000E+07
  1.50000E+07  1.60000E+07  1.80000E+07  2.00000E+07  2.20000E+07  2.40000E+07
  2.60000E+07  2.80000E+07  3.00000E+07  4.00000E+07  5.00000E+07  6.00000E+07
  8.00000E+07  1.00000E+08  1.50000E+08  2.00000E+08  3.00000E+08  4.00000E+08
  5.00000E+08  6.00000E+08  8.00000E+08  1.00000E+09  1.50000E+09  2.00000E+09
  3.00000E+09  4.00000E+09  5.00000E+09  6.00000E+09  8.00000E+09  1.00000E+10
  1.50000E+10  2.00000E+10  3.00000E+10  4.00000E+10  5.00000E+10  6.00000E+10
  8.00000E+10  1.00000E+11
 3.494E+03 3.347E+03 3.248E+03 3.248E+03 3.227E+03 3.227E+03 3.184E+03 3.089E+03
 3.089E+03 2.997E+03 2.997E+03 2.917E+03 2.917E+03 2.858E+03 2.555E+03 2.284E+03
 2.044E+03 1.654E+03 1.358E+03 1.332E+03 1.332E+03 1.178E+03 1.178E+03 1.122E+03
 1.122E+03 8.811E+02 6.215E+02 3.675E+02 2.423E+02 1.714E+02 1.284E+02 1.013E+02
 1.013E+02 8.066E+01 5.540E+01 2.710E+01 1.615E+01 7.668E+00 4.460E+00 2.911E+00
 2.048E+00 1.171E+00 7.562E-01 7.246E-01 4.874E-01 3.399E-01 1.921E-01 1.839E-01
 8.567E-02 4.825E-02 3.090E-02 2.147E-02 1.577E-02 1.208E-02 9.545E-03 7.732E-03
 6.390E-03 5.370E-03 4.576E-03 3.946E-03 3.437E-03 3.021E-03 2.387E-03 1.933E-03
 1.598E-03 1.343E-03 1.144E-03 9.865E-04 8.593E-04 4.834E-04 3.094E-04 2.148E-04
 1.208E-04 7.734E-05 3.437E-05 1.933E-05 8.593E-06 4.834E-06 3.094E-06 2.148E-06
 1.208E-06 7.734E-07 3.437E-07 1.933E-07 8.593E-08 4.834E-08 3.094E-08 2.148E-08
 1.208E-08 7.734E-09 3.437E-09 1.933E-09 8.593E-10 4.834E-10 3.094E-10 2.148E-10
 1.208E-10 7.734E-11
 1.325E+00 2.294E+00 2.864E+00 2.864E+00 2.978E+00 2.978E+00 3.213E+00 3.722E+00
 3.722E+00 4.239E+00 4.239E+00 4.669E+00 4.669E+00 4.984E+00 6.675E+00 8.276E+00
 9.777E+00 1.242E+01 1.463E+01 1.484E+01 1.484E+01 1.612E+01 1.612E+01 1.661E+01
 1.661E+01 1.892E+01 2.212E+01 2.639E+01 2.878E+01 3.011E+01 3.083E+01 3.119E+01
 3.119E+01 3.132E+01 3.115E+01 2.973E+01 2.804E+01 2.507E+01 2.277E+01 2.096E+01
 1.949E+01 1.722E+01 1.553E+01 1.536E+01 1.391E+01 1.266E+01 1.082E+01 1.069E+01
 8.521E+00 7.112E+00 6.143E+00 5.430E+00 4.881E+00 4.443E+00 4.084E+00 3.785E+00
 3.530E+00 3.311E+00 3.119E+00 2.951E+00 2.801E+00 2.668E+00 2.438E+00 2.248E+00
 2.089E+00 1.952E+00 1.833E+00 1.729E+00 1.637E+00 1.301E+00 1.086E+00 9.356E-01
 7.379E-01 6.124E-01 4.362E-01 3.420E-01 2.424E-01 1.898E-01 1.571E-01 1.345E-01
 1.051E-01 8.645E-02 6.037E-02 4.673E-02 3.249E-02 2.508E-02 2.050E-02 1.739E-02
 1.340E-02 1.094E-02 7.559E-03 5.811E-03 4.008E-03 3.077E-03 2.506E-03 2.118E-03
 1.624E-03 1.321E-03
 1.121E+06 4.984E+05 3.350E+05 3.983E+05 8.714E+05 9.502E+05 1.194E+06 8.602E+05
 9.981E+05 7.436E+05 7.904E+05 6.393E+05 6.669E+05 5.778E+05 2.894E+05 1.666E+05
 1.052E+05 5.039E+04 2.821E+04 2.674E+04 6.990E+04 5.036E+04 6.939E+04 6.191E+04
 7.157E+04 4.150E+04 1.942E+04 6.545E+03 2.986E+03 1.615E+03 9.742E+02 6.465E+02
 3.297E+03 2.272E+03 1.268E+03 4.259E+02 1.953E+02 6.612E+01 3.153E+01 1.820E+01
 1.183E+01 6.235E+00 3.917E+00 3.749E+00 2.528E+00 1.803E+00 1.091E+00 1.053E+00
 5.725E-01 3.759E-01 2.761E-01 2.167E-01 1.777E-01 1.503E-01 1.300E-01 1.144E-01
 1.021E-01 9.217E-02 8.396E-02 7.707E-02 7.121E-02 6.617E-02 5.795E-02 5.153E-02
 4.638E-02 4.216E-02 3.864E-02 3.566E-02 3.310E-02 2.436E-02 1.927E-02 1.593E-02
 1.183E-02 9.410E-03 6.224E-03 4.649E-03 3.087E-03 2.311E-03 1.846E-03 1.537E-03
 1.152E-03 9.209E-04 6.135E-04 4.599E-04 3.065E-04 2.298E-04 1.838E-04 1.532E-04
 1.149E-04 9.189E-05 6.126E-05 4.594E-05 3.063E-05 2.297E-05 1.838E-05 1.531E-05
 1.148E-05 9.187E-06
 0.000E+00 0.000E+00 0.000E+00 0.000E+00 0.000E+00 0.000E+00 0.000E+00 0.000E+00
 0.000E+00 0.000E+00 0.000E+00 0.000E+00 0.000E+00 0.000E+00 0.000E+00 0.000E+00
 0.000E+00 0.000E+00 0.000E+00 0.000E+00 0.000E+00 0.000E+00 0.000E+00 0.000E+00
 0.000E+00 0.000E+00 0.000E+00 0.000E+00 0.000E+00 0.000E+00 0.000E+00 0.000E+00
 0.000E+00 0.000E+00 0.000E+00 0.000E+00 0.000E+00 0.000E+00 0.000E+00 0.000E+00
 0.000E+00 0.000E+00 0.000E+00 0.000E+00 9.852E-02 4.611E-01 1.430E+00 1.517E+00
 3.258E+00 4.778E+00 6.053E+00 7.149E+00 8.116E+00 8.985E+00 9.776E+00 1.050E+01
 1.117E+01 1.180E+01 1.238E+01 1.293E+01 1.343E+01 1.391E+01 1.476E+01 1.552E+01
 1.621E+01 1.684E+01 1.741E+01 1.794E+01 1.842E+01 2.040E+01 2.187E+01 2.301E+01
 2.469E+01 2.587E+01 2.774E+01 2.885E+01 3.013E+01 3.087E+01 3.135E+01 3.169E+01
 3.215E+01 3.245E+01 3.287E+01 3.310E+01 3.336E+01 3.349E+01 3.358E+01 3.363E+01
 3.371E+01 3.376E+01 3.383E+01 3.387E+01 3.390E+01 3.392E+01 3.394E+01 3.394E+01
 3.396E+01 3.396E+01
 0.000E+00 0.000E+00 0.000E+00 0.000E+00 0.000E+00 0.000E+00 0.000E+00 0.000E+00
 0.000E+00 0.000E+00 0.000E+00 0.000E+00 0.000E+00 0.000E+00 0.000E+00 0.000E+00
 0.000E+00 0.000E+00 0.000E+00 0.000E+00 0.000E+00 0.000E+00 0.000E+00 0.000E+00
 0.000E+00 0.000E+00 0.000E+00 0.000E+00 0.000E+00 0.000E+00 0.000E+00 0.000E+00
 0.000E+00 0.000E+00 0.000E+00 0.000E+00 0.000E+00 0.000E+00 0.000E+00 0.000E+00
 0.000E+00 0.000E+00 0.000E+00 0.000E+00 0.000E+00 0.000E+00 0.000E+00 0.000E+00
 2.978E-03 1.214E-02 2.415E-02 3.702E-02 4.983E-02 6.221E-02 7.403E-02 8.524E-02
 9.584E-02 1.058E-01 1.152E-01 1.241E-01 1.325E-01 1.405E-01 1.553E-01 1.687E-01
 1.810E-01 1.922E-01 2.025E-01 2.121E-01 2.210E-01 2.575E-01 2.850E-01 3.067E-01
 3.390E-01 3.623E-01 4.005E-01 4.241E-01 4.527E-01 4.698E-01 4.814E-01 4.898E-01
 5.015E-01 5.092E-01 5.206E-01 5.271E-01 5.341E-01 5.383E-01 5.408E-01 5.426E-01
 5.450E-01 5.465E-01 5.485E-01 5.497E-01 5.508E-01 5.515E-01 5.520E-01 5.522E-01
 5.525E-01 5.528E-01
     9
     3     3     3     3     3     8     3     3     8
  1.0000E-03  1.5000E-03  1.8092E-03
  1.8092E-03  1.8401E-03  1.8716E-03
  1.8716E-03  2.0000E-03  2.2810E-03
  2.2810E-03  2.4235E-03  2.5749E-03
  2.5749E-03  2.6945E-03  2.8196E-03
  2.8196E-03  3.0000E-03  4.0000E-03  5.0000E-03  6.0000E-03  8.0000E-03
  1.0000E-02  1.0207E-02
  1.0207E-02  1.0855E-02  1.1544E-02
  1.1544E-02  1.1819E-02  1.2100E-02
  1.2100E-02  1.5000E-02  2.0000E-02  3.0000E-02  4.0000E-02  5.0000E-02
  6.0000E-02  6.9525E-02
  1.1210E+06  4.9840E+05  3.3500E+05
  3.9830E+05  5.8933E+05  8.7140E+05
  9.5020E+05  1.1940E+06  8.6020E+05
  9.9810E+05  8.6144E+05  7.4360E+05
  7.9040E+05  7.1087E+05  6.3930E+05
  6.6690E+05  5.7780E+05  2.8940E+05  1.6660E+05  1.0520E+05  5.0390E+04
  2.8210E+04  2.6740E+04
  6.9900E+04  5.9328E+04  5.0360E+04
  6.9390E+04  6.5541E+04  6.1910E+04
  7.1570E+04  4.1500E+04  1.9420E+04  6.5450E+03  2.9860E+03  1.6150E+03
  9.7420E+02  6.4650E+02
