    24   51.995998
     1    82
     8
 K 
   5989.2
  1.00000E+03  1.50000E+03  2.00000E+03  3.00000E+03  4.00000E+03  5.00000E+03
  5.98910E+03  5.98920E+03  6.00000E+03  8.00000E+03  1.00000E+04  1.50000E+04
  2.00000E+04  3.00000E+04  4.00000E+04  5.00000E+04  6.00000E+04  8.00000E+04
  1.00000E+05  1.50000E+05  2.00000E+05  3.00000E+05  4.00000E+05  5.00000E+05
  6.00000E+05  8.00000E+05  1.00000E+06  1.02200E+06  1.25000E+06  1.50000E+06
  2.00000E+06  2.04400E+06  3.00000E+06  4.00000E+06  5.00000E+06  6.00000E+06
  7.00000E+06  8.00000E+06  9.00000E+06  1.00000E+07  1.10000E+07  1.20000E+07
  1.30000E+07  1.40000E+07  1.50000E+07  1.60000E+07  1.80000E+07  2.00000E+07
  2.20000E+07  2.40000E+07  2.60000E+07  2.80000E+07  3.00000E+07  4.00000E+07
  5.00000E+07  6.00000E+07  8.00000E+07  1.00000E+08  1.50000E+08  2.00000E+08
  3.00000E+08  4.00000E+08  5.00000E+08  6.00000E+08  8.00000E+08  1.00000E+09
  1.50000E+09  2.00000E+09  3.00000E+09  4.00000E+09  5.00000E+09  6.00000E+09
  8.00000E+09  1.00000E+10  1.50000E+10  2.00000E+10  3.00000E+10  4.00000E+10
  5.00000E+10  6.00000E+10  8.00000E+10  1.00000E+11
 3.575E+02 3.336E+02 3.085E+02 2.606E+02 2.186E+02 1.838E+02 1.561E+02 1.561E+02
 1.558E+02 1.162E+02 9.105E+01 5.723E+01 3.948E+01 2.153E+01 1.358E+01 9.425E+00
 6.953E+00 4.235E+00 2.839E+00 1.338E+00 7.750E-01 3.541E-01 2.015E-01 1.298E-01
 9.042E-02 5.104E-02 3.272E-02 3.133E-02 2.097E-02 1.457E-02 8.200E-03 7.851E-03
 3.646E-03 2.051E-03 1.313E-03 9.117E-04 6.698E-04 5.129E-04 4.052E-04 3.282E-04
 2.713E-04 2.279E-04 1.942E-04 1.675E-04 1.459E-04 1.282E-04 1.013E-04 8.206E-05
 6.782E-05 5.699E-05 4.856E-05 4.187E-05 3.647E-05 2.052E-05 1.313E-05 9.117E-06
 5.129E-06 3.282E-06 1.459E-06 8.205E-07 3.647E-07 2.051E-07 1.313E-07 9.117E-08
 5.128E-08 3.282E-08 1.459E-08 8.205E-09 3.647E-09 2.051E-09 1.313E-09 9.117E-10
 5.128E-10 3.282E-10 1.459E-10 8.205E-11 3.647E-11 2.051E-11 1.313E-11 9.117E-12
 5.128E-12 3.282E-12
 7.377E-01 1.287E+00 1.818E+00 2.832E+00 3.762E+00 4.600E+00 5.343E+00 5.343E+00
 5.351E+00 6.612E+00 7.585E+00 9.179E+00 1.014E+01 1.117E+01 1.158E+01 1.170E+01
 1.168E+01 1.147E+01 1.115E+01 1.030E+01 9.552E+00 8.389E+00 7.548E+00 6.908E+00
 6.399E+00 5.629E+00 5.065E+00 5.011E+00 4.531E+00 4.119E+00 3.516E+00 3.473E+00
 2.767E+00 2.308E+00 1.994E+00 1.762E+00 1.584E+00 1.441E+00 1.325E+00 1.228E+00
 1.145E+00 1.074E+00 1.012E+00 9.571E-01 9.087E-01 8.653E-01 7.909E-01 7.293E-01
 6.774E-01 6.330E-01 5.944E-01 5.607E-01 5.310E-01 4.219E-01 3.522E-01 3.034E-01
 2.393E-01 1.986E-01 1.415E-01 1.109E-01 7.861E-02 6.157E-02 5.096E-02 4.364E-02
 3.408E-02 2.804E-02 1.958E-02 1.515E-02 1.054E-02 8.134E-03 6.650E-03 5.639E-03
 4.345E-03 3.547E-03 2.452E-03 1.885E-03 1.300E-03 9.979E-04 8.126E-04 6.869E-04
 5.267E-04 4.285E-04
 6.390E+05 2.323E+05 1.100E+05 3.720E+04 1.694E+04 9.133E+03 5.514E+03 4.438E+04
 4.440E+04 2.158E+04 1.188E+04 3.881E+03 1.710E+03 5.228E+02 2.214E+02 1.128E+02
 6.460E+01 2.664E+01 1.335E+01 3.798E+00 1.569E+00 4.659E-01 2.051E-01 1.123E-01
 7.066E-02 3.595E-02 2.236E-02 2.121E-02 1.435E-02 1.036E-02 6.397E-03 6.180E-03
 3.481E-03 2.349E-03 1.761E-03 1.403E-03 1.165E-03 9.946E-04 8.672E-04 7.684E-04
 6.897E-04 6.254E-04 5.721E-04 5.270E-04 4.885E-04 4.553E-04 4.006E-04 3.576E-04
 3.229E-04 2.944E-04 2.705E-04 2.501E-04 2.326E-04 1.723E-04 1.368E-04 1.134E-04
 8.452E-05 6.736E-05 4.468E-05 3.342E-05 2.222E-05 1.665E-05 1.331E-05 1.108E-05
 8.307E-06 6.643E-06 4.426E-06 3.319E-06 2.212E-06 1.659E-06 1.327E-06 1.106E-06
 8.293E-07 6.634E-07 4.422E-07 3.317E-07 2.211E-07 1.658E-07 1.327E-07 1.105E-07
 8.291E-08 6.633E-08
 0.000E+00 0.000E+00 0.000E+00 0.000E+00 0.000E+00 0.000E+00 0.000E+00 0.000E+00
 0.000E+00 0.000E+00 0.000E+00 0.000E+00 0.000E+00 0.000E+00 0.000E+00 0.000E+00
 0.000E+00 0.000E+00 0.000E+00 0.000E+00 0.000E+00 0.000E+00 0.000E+00 0.000E+00
 0.000E+00 0.000E+00 0.000E+00 0.000E+00 5.409E-03 2.782E-02 1.072E-01 1.154E-01
 2.976E-01 4.765E-01 6.346E-01 7.756E-01 9.010E-01 1.014E+00 1.116E+00 1.208E+00
 1.292E+00 1.369E+00 1.440E+00 1.507E+00 1.568E+00 1.626E+00 1.733E+00 1.827E+00
 1.913E+00 1.991E+00 2.062E+00 2.128E+00 2.189E+00 2.436E+00 2.621E+00 2.766E+00
 2.982E+00 3.136E+00 3.386E+00 3.537E+00 3.715E+00 3.818E+00 3.886E+00 3.935E+00
 4.001E+00 4.043E+00 4.105E+00 4.139E+00 4.175E+00 4.195E+00 4.207E+00 4.216E+00
 4.227E+00 4.234E+00 4.244E+00 4.250E+00 4.255E+00 4.258E+00 4.260E+00 4.261E+00
 4.263E+00 4.264E+00
 0.000E+00 0.000E+00 0.000E+00 0.000E+00 0.000E+00 0.000E+00 0.000E+00 0.000E+00
 0.000E+00 0.000E+00 0.000E+00 0.000E+00 0.000E+00 0.000E+00 0.000E+00 0.000E+00
 0.000E+00 0.000E+00 0.000E+00 0.000E+00 0.000E+00 0.000E+00 0.000E+00 0.000E+00
 0.000E+00 0.000E+00 0.000E+00 0.000E+00 0.000E+00 0.000E+00 0.000E+00 0.000E+00
 9.683E-04 3.953E-03 7.875E-03 1.209E-02 1.630E-02 2.038E-02 2.428E-02 2.800E-02
 3.152E-02 3.485E-02 3.799E-02 4.098E-02 4.382E-02 4.652E-02 5.153E-02 5.610E-02
 6.030E-02 6.417E-02 6.776E-02 7.109E-02 7.420E-02 8.717E-02 9.712E-02 1.051E-01
 1.173E-01 1.262E-01 1.413E-01 1.509E-01 1.628E-01 1.701E-01 1.751E-01 1.788E-01
 1.839E-01 1.873E-01 1.924E-01 1.954E-01 1.986E-01 2.005E-01 2.016E-01 2.024E-01
 2.035E-01 2.042E-01 2.052E-01 2.057E-01 2.062E-01 2.066E-01 2.068E-01 2.069E-01
 2.071E-01 2.072E-01
     1
     7
  1.0000E-03  1.5000E-03  2.0000E-03  3.0000E-03  4.0000E-03  5.0000E-03
  5.9892E-03
  6.3900E+05  2.3230E+05  1.1000E+05  3.7200E+04  1.6940E+04  9.1330E+03
  5.5140E+03
