    36   83.800003
     4    88
    17     8     6     4
 K  L1 L2 L3
  14325.6   1921.0   1727.2   1674.9
  1.00000E+03  1.50000E+03  1.67480E+03  1.67490E+03  1.72710E+03  1.72720E+03
  1.92090E+03  1.92100E+03  2.00000E+03  3.00000E+03  4.00000E+03  5.00000E+03
  6.00000E+03  8.00000E+03  1.00000E+04  1.43255E+04  1.43256E+04  1.50000E+04
  2.00000E+04  3.00000E+04  4.00000E+04  5.00000E+04  6.00000E+04  8.00000E+04
  1.00000E+05  1.50000E+05  2.00000E+05  3.00000E+05  4.00000E+05  5.00000E+05
  6.00000E+05  8.00000E+05  1.00000E+06  1.02200E+06  1.25000E+06  1.50000E+06
  2.00000E+06  2.04400E+06  3.00000E+06  4.00000E+06  5.00000E+06  6.00000E+06
  7.00000E+06  8.00000E+06  9.00000E+06  1.00000E+07  1.10000E+07  1.20000E+07
  1.30000E+07  1.40000E+07  1.50000E+07  1.60000E+07  1.80000E+07  2.00000E+07
  2.20000E+07  2.40000E+07  2.60000E+07  2.80000E+07  3.00000E+07  4.00000E+07
  5.00000E+07  6.00000E+07  8.00000E+07  1.00000E+08  1.50000E+08  2.00000E+08
  3.00000E+08  4.00000E+08  5.00000E+08  6.00000E+08  8.00000E+08  1.00000E+09
  1.50000E+09  2.00000E+09  3.00000E+09  4.00000E+09  5.00000E+09  6.00000E+09
  8.00000E+09  1.00000E+10  1.50000E+10  2.00000E+10  3.00000E+10  4.00000E+10
  5.00000E+10  6.00000E+10  8.00000E+10  1.00000E+11
 8.207E+02 7.766E+02 7.589E+02 7.589E+02 7.535E+02 7.535E+02 7.343E+02 7.343E+02
 7.260E+02 6.253E+02 5.399E+02 4.712E+02 4.150E+02 3.273E+02 2.615E+02 1.694E+02
 1.694E+02 1.597E+02 1.087E+02 6.154E+01 3.947E+01 2.732E+01 2.006E+01 1.224E+01
 8.281E+00 3.975E+00 2.319E+00 1.068E+00 6.111E-01 3.949E-01 2.758E-01 1.561E-01
 1.002E-01 9.596E-02 6.426E-02 4.467E-02 2.516E-02 2.409E-02 1.119E-02 6.296E-03
 4.030E-03 2.799E-03 2.056E-03 1.574E-03 1.244E-03 1.008E-03 8.328E-04 6.998E-04
 5.963E-04 5.142E-04 4.479E-04 3.937E-04 3.110E-04 2.519E-04 2.082E-04 1.750E-04
 1.491E-04 1.285E-04 1.120E-04 6.298E-05 4.031E-05 2.799E-05 1.575E-05 1.008E-05
 4.479E-06 2.519E-06 1.120E-06 6.298E-07 4.031E-07 2.799E-07 1.575E-07 1.008E-07
 4.479E-08 2.519E-08 1.120E-08 6.298E-09 4.031E-09 2.799E-09 1.575E-09 1.008E-09
 4.479E-10 2.519E-10 1.120E-10 6.298E-11 4.031E-11 2.799E-11 1.575E-11 1.008E-11
 6.620E-01 1.304E+00 1.543E+00 1.543E+00 1.616E+00 1.616E+00 1.885E+00 1.885E+00
 1.995E+00 3.334E+00 4.548E+00 5.610E+00 6.532E+00 8.078E+00 9.364E+00 1.154E+01
 1.154E+01 1.181E+01 1.346E+01 1.533E+01 1.623E+01 1.664E+01 1.677E+01 1.663E+01
 1.627E+01 1.517E+01 1.414E+01 1.249E+01 1.126E+01 1.032E+01 9.572E+00 8.429E+00
 7.588E+00 7.508E+00 6.790E+00 6.175E+00 5.272E+00 5.207E+00 4.149E+00 3.462E+00
 2.990E+00 2.643E+00 2.375E+00 2.162E+00 1.987E+00 1.841E+00 1.718E+00 1.611E+00
 1.518E+00 1.436E+00 1.363E+00 1.298E+00 1.186E+00 1.094E+00 1.016E+00 9.495E-01
 8.916E-01 8.411E-01 7.964E-01 6.329E-01 5.283E-01 4.552E-01 3.590E-01 2.980E-01
 2.122E-01 1.664E-01 1.179E-01 9.235E-02 7.645E-02 6.545E-02 5.112E-02 4.206E-02
 2.937E-02 2.273E-02 1.581E-02 1.220E-02 9.975E-03 8.459E-03 6.517E-03 5.321E-03
 3.677E-03 2.827E-03 1.950E-03 1.497E-03 1.219E-03 1.030E-03 7.901E-04 6.428E-04
 3.963E+05 1.513E+05 1.156E+05 5.442E+05 4.397E+05 6.344E+05 4.840E+05 5.486E+05
 5.002E+05 1.810E+05 8.555E+04 4.719E+04 2.882E+04 1.309E+04 7.044E+03 2.562E+03
 1.809E+04 1.608E+04 7.598E+03 2.502E+03 1.112E+03 5.854E+02 3.443E+02 1.475E+02
 7.593E+01 2.258E+01 9.585E+00 2.944E+00 1.321E+00 7.327E-01 4.641E-01 2.378E-01
 1.480E-01 1.408E-01 9.508E-02 6.836E-02 4.189E-02 4.044E-02 2.251E-02 1.505E-02
 1.121E-02 8.891E-03 7.352E-03 6.259E-03 5.444E-03 4.815E-03 4.314E-03 3.907E-03
 3.569E-03 3.285E-03 3.042E-03 2.832E-03 2.489E-03 2.219E-03 2.002E-03 1.824E-03
 1.674E-03 1.547E-03 1.438E-03 1.063E-03 8.433E-04 6.986E-04 5.202E-04 4.143E-04
 2.746E-04 2.053E-04 1.365E-04 1.022E-04 8.168E-05 6.803E-05 5.098E-05 4.077E-05
 2.716E-05 2.037E-05 1.357E-05 1.018E-05 8.142E-06 6.785E-06 5.088E-06 4.070E-06
 2.713E-06 2.035E-06 1.357E-06 1.017E-06 8.139E-07 6.783E-07 5.087E-07 4.070E-07
 0.000E+00 0.000E+00 0.000E+00 0.000E+00 0.000E+00 0.000E+00 0.000E+00 0.000E+00
 0.000E+00 0.000E+00 0.000E+00 0.000E+00 0.000E+00 0.000E+00 0.000E+00 0.000E+00
 0.000E+00 0.000E+00 0.000E+00 0.000E+00 0.000E+00 0.000E+00 0.000E+00 0.000E+00
 0.000E+00 0.000E+00 0.000E+00 0.000E+00 0.000E+00 0.000E+00 0.000E+00 0.000E+00
 0.000E+00 0.000E+00 1.437E-02 7.008E-02 2.552E-01 2.737E-01 6.872E-01 1.083E+00
 1.431E+00 1.735E+00 2.007E+00 2.251E+00 2.474E+00 2.676E+00 2.861E+00 3.030E+00
 3.185E+00 3.329E+00 3.463E+00 3.589E+00 3.820E+00 4.026E+00 4.213E+00 4.384E+00
 4.539E+00 4.681E+00 4.813E+00 5.348E+00 5.746E+00 6.056E+00 6.514E+00 6.839E+00
 7.357E+00 7.666E+00 8.026E+00 8.233E+00 8.369E+00 8.467E+00 8.597E+00 8.681E+00
 8.803E+00 8.869E+00 8.941E+00 8.979E+00 9.004E+00 9.021E+00 9.043E+00 9.057E+00
 9.076E+00 9.087E+00 9.097E+00 9.103E+00 9.107E+00 9.109E+00 9.112E+00 9.114E+00
 0.000E+00 0.000E+00 0.000E+00 0.000E+00 0.000E+00 0.000E+00 0.000E+00 0.000E+00
 0.000E+00 0.000E+00 0.000E+00 0.000E+00 0.000E+00 0.000E+00 0.000E+00 0.000E+00
 0.000E+00 0.000E+00 0.000E+00 0.000E+00 0.000E+00 0.000E+00 0.000E+00 0.000E+00
 0.000E+00 0.000E+00 0.000E+00 0.000E+00 0.000E+00 0.000E+00 0.000E+00 0.000E+00
 0.000E+00 0.000E+00 0.000E+00 0.000E+00 0.000E+00 0.000E+00 1.452E-03 5.926E-03
 1.180E-02 1.811E-02 2.440E-02 3.050E-02 3.633E-02 4.188E-02 4.713E-02 5.209E-02
 5.676E-02 6.121E-02 6.542E-02 6.943E-02 7.687E-02 8.364E-02 8.984E-02 9.555E-02
 1.008E-01 1.057E-01 1.103E-01 1.292E-01 1.436E-01 1.551E-01 1.724E-01 1.851E-01
 2.061E-01 2.193E-01 2.356E-01 2.453E-01 2.520E-01 2.569E-01 2.636E-01 2.681E-01
 2.747E-01 2.785E-01 2.825E-01 2.850E-01 2.864E-01 2.874E-01 2.888E-01 2.897E-01
 2.908E-01 2.915E-01 2.922E-01 2.926E-01 2.928E-01 2.930E-01 2.931E-01 2.933E-01
     4
     3     3     3     9
  1.0000E-03  1.5000E-03  1.6749E-03
  1.6749E-03  1.7008E-03  1.7272E-03
  1.7272E-03  1.8215E-03  1.9210E-03
  1.9210E-03  2.0000E-03  3.0000E-03  4.0000E-03  5.0000E-03  6.0000E-03
  8.0000E-03  1.0000E-02  1.4326E-02
  3.9630E+05  1.5130E+05  1.1560E+05
  5.4420E+05  4.8908E+05  4.3970E+05
  6.3440E+05  5.5402E+05  4.8400E+05
  5.4860E+05  5.0020E+05  1.8100E+05  8.5550E+04  4.7190E+04  2.8820E+04
  1.3090E+04  7.0440E+03  2.5620E+03
