    87  223.020004
    10   100
    37    28    26    24    17    15    12    10     7     3
 K  L1 L2 L3 M1 M2 M3 M4 M5 N1
 101137.0  18639.0  17906.5  15031.2   4652.0   4327.0   3663.0   3136.2
   2999.9   1153.0
  1.00000E+03  1.15290E+03  1.15300E+03  1.50000E+03  2.00000E+03  2.99980E+03
  2.99990E+03  3.00000E+03  3.13610E+03  3.13620E+03  3.66290E+03  3.66300E+03
  4.00000E+03  4.32690E+03  4.32700E+03  4.65190E+03  4.65200E+03  5.00000E+03
  6.00000E+03  8.00000E+03  1.00000E+04  1.50000E+04  1.50311E+04  1.50312E+04
  1.79064E+04  1.79065E+04  1.86389E+04  1.86390E+04  2.00000E+04  3.00000E+04
  4.00000E+04  5.00000E+04  6.00000E+04  8.00000E+04  1.00000E+05  1.01137E+05
  1.01137E+05  1.50000E+05  2.00000E+05  3.00000E+05  4.00000E+05  5.00000E+05
  6.00000E+05  8.00000E+05  1.00000E+06  1.02200E+06  1.25000E+06  1.50000E+06
  2.00000E+06  2.04400E+06  3.00000E+06  4.00000E+06  5.00000E+06  6.00000E+06
  7.00000E+06  8.00000E+06  9.00000E+06  1.00000E+07  1.10000E+07  1.20000E+07
  1.30000E+07  1.40000E+07  1.50000E+07  1.60000E+07  1.80000E+07  2.00000E+07
  2.20000E+07  2.40000E+07  2.60000E+07  2.80000E+07  3.00000E+07  4.00000E+07
  5.00000E+07  6.00000E+07  8.00000E+07  1.00000E+08  1.50000E+08  2.00000E+08
  3.00000E+08  4.00000E+08  5.00000E+08  6.00000E+08  8.00000E+08  1.00000E+09
  1.50000E+09  2.00000E+09  3.00000E+09  4.00000E+09  5.00000E+09  6.00000E+09
  8.00000E+09  1.00000E+10  1.50000E+10  2.00000E+10  3.00000E+10  4.00000E+10
  5.00000E+10  6.00000E+10  8.00000E+10  1.00000E+11
 4.801E+03 4.738E+03 4.738E+03 4.592E+03 4.365E+03 3.910E+03 3.910E+03 3.910E+03
 3.850E+03 3.850E+03 3.630E+03 3.630E+03 3.497E+03 3.375E+03 3.375E+03 3.258E+03
 3.258E+03 3.139E+03 2.829E+03 2.324E+03 1.937E+03 1.303E+03 1.300E+03 1.300E+03
 1.062E+03 1.062E+03 1.012E+03 1.012E+03 9.292E+02 5.466E+02 3.670E+02 2.628E+02
 1.971E+02 1.238E+02 8.576E+01 8.415E+01 8.415E+01 4.258E+01 2.544E+01 1.218E+01
 7.143E+00 4.688E+00 3.310E+00 1.902E+00 1.232E+00 1.181E+00 7.966E-01 5.566E-01
 3.153E-01 3.020E-01 1.410E-01 7.947E-02 5.092E-02 3.539E-02 2.601E-02 1.992E-02
 1.574E-02 1.275E-02 1.054E-02 8.856E-03 7.546E-03 6.507E-03 5.669E-03 4.982E-03
 3.937E-03 3.189E-03 2.636E-03 2.215E-03 1.887E-03 1.627E-03 1.417E-03 7.973E-04
 5.103E-04 3.544E-04 1.993E-04 1.276E-04 5.670E-05 3.189E-05 1.417E-05 7.973E-06
 5.103E-06 3.544E-06 1.993E-06 1.276E-06 5.670E-07 3.189E-07 1.417E-07 7.973E-08
 5.103E-08 3.544E-08 1.993E-08 1.276E-08 5.670E-09 3.189E-09 1.417E-09 7.973E-10
 5.103E-10 3.544E-10 1.993E-10 1.276E-10
 1.516E+00 1.832E+00 1.833E+00 2.574E+00 3.678E+00 5.852E+00 5.852E+00 5.852E+00
 6.136E+00 6.136E+00 7.209E+00 7.209E+00 7.857E+00 8.455E+00 8.455E+00 9.028E+00
 9.028E+00 9.620E+00 1.120E+01 1.405E+01 1.658E+01 2.153E+01 2.155E+01 2.155E+01
 2.365E+01 2.365E+01 2.413E+01 2.413E+01 2.498E+01 2.962E+01 3.247E+01 3.417E+01
 3.514E+01 3.588E+01 3.582E+01 3.581E+01 3.581E+01 3.442E+01 3.259E+01 2.925E+01
 2.662E+01 2.454E+01 2.283E+01 2.019E+01 1.822E+01 1.803E+01 1.633E+01 1.487E+01
 1.271E+01 1.255E+01 1.001E+01 8.358E+00 7.221E+00 6.384E+00 5.738E+00 5.223E+00
 4.801E+00 4.449E+00 4.150E+00 3.892E+00 3.667E+00 3.469E+00 3.293E+00 3.136E+00
 2.867E+00 2.644E+00 2.455E+00 2.294E+00 2.155E+00 2.032E+00 1.925E+00 1.529E+00
 1.277E+00 1.100E+00 8.675E-01 7.200E-01 5.128E-01 4.020E-01 2.850E-01 2.232E-01
 1.847E-01 1.582E-01 1.235E-01 1.016E-01 7.098E-02 5.494E-02 3.820E-02 2.948E-02
 2.411E-02 2.044E-02 1.575E-02 1.286E-02 8.887E-03 6.832E-03 4.712E-03 3.617E-03
 2.946E-03 2.490E-03 1.909E-03 1.553E-03
 2.248E+06 1.727E+06 1.763E+06 1.049E+06 5.740E+05 2.336E+05 7.350E+05 7.347E+05
 5.329E+05 8.312E+05 5.206E+05 6.041E+05 4.859E+05 3.987E+05 4.235E+05 3.547E+05
 3.700E+05 3.112E+05 1.990E+05 9.708E+04 5.505E+04 1.932E+04 1.921E+04 4.695E+04
 2.922E+04 4.102E+04 3.715E+04 4.293E+04 3.583E+04 1.257E+04 5.872E+03 3.230E+03
 1.975E+03 9.036E+02 4.914E+02 4.764E+02 2.135E+03 7.727E+02 3.646E+02 1.281E+02
 6.255E+01 3.670E+01 2.414E+01 1.288E+01 8.140E+00 7.794E+00 5.264E+00 3.744E+00
 2.263E+00 2.182E+00 1.181E+00 7.719E-01 5.650E-01 4.423E-01 3.619E-01 3.055E-01
 2.639E-01 2.320E-01 2.069E-01 1.865E-01 1.698E-01 1.557E-01 1.438E-01 1.335E-01
 1.168E-01 1.038E-01 9.337E-02 8.483E-02 7.771E-02 7.169E-02 6.653E-02 4.890E-02
 3.864E-02 3.193E-02 2.370E-02 1.884E-02 1.245E-02 9.300E-03 6.174E-03 4.620E-03
 3.691E-03 3.074E-03 2.303E-03 1.841E-03 1.226E-03 9.193E-04 6.126E-04 4.593E-04
 3.674E-04 3.062E-04 2.296E-04 1.837E-04 1.224E-04 9.182E-05 6.121E-05 4.591E-05
 3.672E-05 3.060E-05 2.295E-05 1.836E-05
 0.000E+00 0.000E+00 0.000E+00 0.000E+00 0.000E+00 0.000E+00 0.000E+00 0.000E+00
 0.000E+00 0.000E+00 0.000E+00 0.000E+00 0.000E+00 0.000E+00 0.000E+00 0.000E+00
 0.000E+00 0.000E+00 0.000E+00 0.000E+00 0.000E+00 0.000E+00 0.000E+00 0.000E+00
 0.000E+00 0.000E+00 0.000E+00 0.000E+00 0.000E+00 0.000E+00 0.000E+00 0.000E+00
 0.000E+00 0.000E+00 0.000E+00 0.000E+00 0.000E+00 0.000E+00 0.000E+00 0.000E+00
 0.000E+00 0.000E+00 0.000E+00 0.000E+00 0.000E+00 0.000E+00 1.525E-01 7.393E-01
 2.196E+00 2.321E+00 4.678E+00 6.637E+00 8.273E+00 9.682E+00 1.092E+01 1.204E+01
 1.307E+01 1.401E+01 1.488E+01 1.569E+01 1.645E+01 1.716E+01 1.783E+01 1.845E+01
 1.957E+01 2.057E+01 2.148E+01 2.231E+01 2.307E+01 2.376E+01 2.441E+01 2.702E+01
 2.896E+01 3.047E+01 3.268E+01 3.423E+01 3.670E+01 3.816E+01 3.986E+01 4.083E+01
 4.147E+01 4.193E+01 4.254E+01 4.293E+01 4.350E+01 4.381E+01 4.414E+01 4.432E+01
 4.444E+01 4.452E+01 4.462E+01 4.469E+01 4.478E+01 4.483E+01 4.488E+01 4.490E+01
 4.492E+01 4.493E+01 4.495E+01 4.496E+01
 0.000E+00 0.000E+00 0.000E+00 0.000E+00 0.000E+00 0.000E+00 0.000E+00 0.000E+00
 0.000E+00 0.000E+00 0.000E+00 0.000E+00 0.000E+00 0.000E+00 0.000E+00 0.000E+00
 0.000E+00 0.000E+00 0.000E+00 0.000E+00 0.000E+00 0.000E+00 0.000E+00 0.000E+00
 0.000E+00 0.000E+00 0.000E+00 0.000E+00 0.000E+00 0.000E+00 0.000E+00 0.000E+00
 0.000E+00 0.000E+00 0.000E+00 0.000E+00 0.000E+00 0.000E+00 0.000E+00 0.000E+00
 0.000E+00 0.000E+00 0.000E+00 0.000E+00 0.000E+00 0.000E+00 0.000E+00 0.000E+00
 0.000E+00 0.000E+00 3.498E-03 1.425E-02 2.834E-02 4.344E-02 5.844E-02 7.294E-02
 8.678E-02 9.989E-02 1.123E-01 1.239E-01 1.349E-01 1.453E-01 1.551E-01 1.644E-01
 1.816E-01 1.972E-01 2.114E-01 2.244E-01 2.364E-01 2.475E-01 2.577E-01 3.000E-01
 3.317E-01 3.566E-01 3.938E-01 4.206E-01 4.644E-01 4.915E-01 5.244E-01 5.440E-01
 5.573E-01 5.670E-01 5.803E-01 5.892E-01 6.023E-01 6.098E-01 6.179E-01 6.227E-01
 6.256E-01 6.276E-01 6.304E-01 6.321E-01 6.344E-01 6.358E-01 6.371E-01 6.380E-01
 6.385E-01 6.388E-01 6.391E-01 6.394E-01
    10
     3     4     3     3     3     3     7     3     3     9
  1.0000E-03  1.0738E-03  1.1530E-03
  1.1530E-03  1.5000E-03  2.0000E-03  2.9999E-03
  2.9999E-03  3.0000E-03  3.1362E-03
  3.1362E-03  3.3894E-03  3.6630E-03
  3.6630E-03  4.0000E-03  4.3270E-03
  4.3270E-03  4.4866E-03  4.6520E-03
  4.6520E-03  5.0000E-03  6.0000E-03  8.0000E-03  1.0000E-02  1.5000E-02
  1.5031E-02
  1.5031E-02  1.6406E-02  1.7907E-02
  1.7907E-02  1.8269E-02  1.8639E-02
  1.8639E-02  2.0000E-02  3.0000E-02  4.0000E-02  5.0000E-02  6.0000E-02
  8.0000E-02  1.0000E-01  1.01137E-01
  2.2480E+06  1.9702E+06  1.7270E+06
  1.7630E+06  1.0490E+06  5.7400E+05  2.3360E+05
  7.3500E+05  7.3470E+05  5.3290E+05
  8.3120E+05  6.5779E+05  5.2060E+05
  6.0410E+05  4.8590E+05  3.9870E+05
  4.2350E+05  3.8760E+05  3.5470E+05
  3.7000E+05  3.1120E+05  1.9900E+05  9.7080E+04  5.5050E+04  1.9320E+04
  1.9210E+04
  4.6950E+04  3.7035E+04  2.9220E+04
  4.1020E+04  3.9034E+04  3.7150E+04
  4.2930E+04  3.5830E+04  1.2570E+04  5.8720E+03  3.2300E+03  1.9750E+03
  9.0360E+02  4.9140E+02  4.7640E+02
