    35   79.903999
     4    88
    17     8     6     4
 K  L1 L2 L3
  13473.7   1782.0   1596.0   1549.9
  1.00000E+03  1.50000E+03  1.54980E+03  1.54990E+03  1.59590E+03  1.59600E+03
  1.78190E+03  1.78200E+03  2.00000E+03  3.00000E+03  4.00000E+03  5.00000E+03
  6.00000E+03  8.00000E+03  1.00000E+04  1.34736E+04  1.34737E+04  1.50000E+04
  2.00000E+04  3.00000E+04  4.00000E+04  5.00000E+04  6.00000E+04  8.00000E+04
  1.00000E+05  1.50000E+05  2.00000E+05  3.00000E+05  4.00000E+05  5.00000E+05
  6.00000E+05  8.00000E+05  1.00000E+06  1.02200E+06  1.25000E+06  1.50000E+06
  2.00000E+06  2.04400E+06  3.00000E+06  4.00000E+06  5.00000E+06  6.00000E+06
  7.00000E+06  8.00000E+06  9.00000E+06  1.00000E+07  1.10000E+07  1.20000E+07
  1.30000E+07  1.40000E+07  1.50000E+07  1.60000E+07  1.80000E+07  2.00000E+07
  2.20000E+07  2.40000E+07  2.60000E+07  2.80000E+07  3.00000E+07  4.00000E+07
  5.00000E+07  6.00000E+07  8.00000E+07  1.00000E+08  1.50000E+08  2.00000E+08
  3.00000E+08  4.00000E+08  5.00000E+08  6.00000E+08  8.00000E+08  1.00000E+09
  1.50000E+09  2.00000E+09  3.00000E+09  4.00000E+09  5.00000E+09  6.00000E+09
  8.00000E+09  1.00000E+10  1.50000E+10  2.00000E+10  3.00000E+10  4.00000E+10
  5.00000E+10  6.00000E+10  8.00000E+10  1.00000E+11
 7.740E+02 7.313E+02 7.265E+02 7.265E+02 7.220E+02 7.220E+02 7.046E+02 7.045E+02
 6.830E+02 5.890E+02 5.100E+02 4.459E+02 3.927E+02 3.082E+02 2.449E+02 1.707E+02
 1.707E+02 1.489E+02 1.015E+02 5.740E+01 3.670E+01 2.537E+01 1.864E+01 1.137E+01
 7.692E+00 3.687E+00 2.150E+00 9.893E-01 5.659E-01 3.655E-01 2.552E-01 1.444E-01
 9.271E-02 8.878E-02 5.945E-02 4.133E-02 2.327E-02 2.228E-02 1.035E-02 5.824E-03
 3.728E-03 2.589E-03 1.902E-03 1.456E-03 1.151E-03 9.321E-04 7.703E-04 6.473E-04
 5.516E-04 4.756E-04 4.143E-04 3.641E-04 2.877E-04 2.330E-04 1.926E-04 1.618E-04
 1.379E-04 1.189E-04 1.036E-04 5.826E-05 3.729E-05 2.589E-05 1.456E-05 9.321E-06
 4.143E-06 2.330E-06 1.036E-06 5.826E-07 3.728E-07 2.589E-07 1.456E-07 9.321E-08
 4.143E-08 2.330E-08 1.036E-08 5.826E-09 3.728E-09 2.589E-09 1.456E-09 9.321E-10
 4.143E-10 2.330E-10 1.036E-10 5.826E-11 3.728E-11 2.589E-11 1.456E-11 9.321E-12
 6.864E-01 1.338E+00 1.406E+00 1.406E+00 1.469E+00 1.470E+00 1.727E+00 1.727E+00
 2.028E+00 3.340E+00 4.501E+00 5.505E+00 6.384E+00 7.892E+00 9.163E+00 1.095E+01
 1.095E+01 1.158E+01 1.319E+01 1.500E+01 1.587E+01 1.625E+01 1.636E+01 1.621E+01
 1.585E+01 1.478E+01 1.377E+01 1.215E+01 1.096E+01 1.004E+01 9.309E+00 8.196E+00
 7.378E+00 7.300E+00 6.602E+00 6.003E+00 5.126E+00 5.063E+00 4.034E+00 3.366E+00
 2.907E+00 2.569E+00 2.310E+00 2.102E+00 1.932E+00 1.790E+00 1.670E+00 1.566E+00
 1.475E+00 1.396E+00 1.325E+00 1.262E+00 1.153E+00 1.064E+00 9.879E-01 9.231E-01
 8.669E-01 8.177E-01 7.743E-01 6.153E-01 5.136E-01 4.425E-01 3.490E-01 2.897E-01
 2.063E-01 1.617E-01 1.146E-01 8.978E-02 7.432E-02 6.363E-02 4.970E-02 4.089E-02
 2.855E-02 2.210E-02 1.537E-02 1.186E-02 9.698E-03 8.224E-03 6.336E-03 5.173E-03
 3.575E-03 2.749E-03 1.896E-03 1.455E-03 1.185E-03 1.002E-03 7.681E-04 6.249E-04
 3.474E+05 1.322E+05 1.221E+05 5.714E+05 4.760E+05 6.763E+05 5.260E+05 5.956E+05
 4.514E+05 1.627E+05 7.664E+04 4.218E+04 2.572E+04 1.166E+04 6.263E+03 2.706E+03
 1.933E+04 1.468E+04 6.872E+03 2.254E+03 9.957E+02 5.241E+02 3.076E+02 1.314E+02
 6.749E+01 2.000E+01 8.472E+00 2.595E+00 1.163E+00 6.441E-01 4.078E-01 2.088E-01
 1.300E-01 1.236E-01 8.348E-02 6.003E-02 3.681E-02 3.554E-02 1.979E-02 1.325E-02
 9.868E-03 7.832E-03 6.478E-03 5.516E-03 4.799E-03 4.245E-03 3.804E-03 3.445E-03
 3.147E-03 2.897E-03 2.683E-03 2.498E-03 2.195E-03 1.958E-03 1.766E-03 1.609E-03
 1.477E-03 1.365E-03 1.269E-03 9.385E-04 7.443E-04 6.167E-04 4.592E-04 3.657E-04
 2.424E-04 1.813E-04 1.205E-04 9.024E-05 7.212E-05 6.007E-05 4.502E-05 3.600E-05
 2.398E-05 1.798E-05 1.199E-05 8.988E-06 7.189E-06 5.991E-06 4.493E-06 3.594E-06
 2.396E-06 1.797E-06 1.198E-06 8.984E-07 7.187E-07 5.989E-07 4.492E-07 3.593E-07
 0.000E+00 0.000E+00 0.000E+00 0.000E+00 0.000E+00 0.000E+00 0.000E+00 0.000E+00
 0.000E+00 0.000E+00 0.000E+00 0.000E+00 0.000E+00 0.000E+00 0.000E+00 0.000E+00
 0.000E+00 0.000E+00 0.000E+00 0.000E+00 0.000E+00 0.000E+00 0.000E+00 0.000E+00
 0.000E+00 0.000E+00 0.000E+00 0.000E+00 0.000E+00 0.000E+00 0.000E+00 0.000E+00
 0.000E+00 0.000E+00 1.339E-02 6.557E-02 2.398E-01 2.573E-01 6.479E-01 1.023E+00
 1.352E+00 1.641E+00 1.899E+00 2.131E+00 2.341E+00 2.533E+00 2.708E+00 2.869E+00
 3.016E+00 3.153E+00 3.280E+00 3.399E+00 3.617E+00 3.812E+00 3.989E+00 4.151E+00
 4.298E+00 4.433E+00 4.557E+00 5.065E+00 5.443E+00 5.737E+00 6.173E+00 6.482E+00
 6.975E+00 7.269E+00 7.611E+00 7.808E+00 7.937E+00 8.030E+00 8.153E+00 8.233E+00
 8.349E+00 8.412E+00 8.480E+00 8.516E+00 8.539E+00 8.555E+00 8.576E+00 8.590E+00
 8.608E+00 8.618E+00 8.628E+00 8.634E+00 8.637E+00 8.639E+00 8.643E+00 8.644E+00
 0.000E+00 0.000E+00 0.000E+00 0.000E+00 0.000E+00 0.000E+00 0.000E+00 0.000E+00
 0.000E+00 0.000E+00 0.000E+00 0.000E+00 0.000E+00 0.000E+00 0.000E+00 0.000E+00
 0.000E+00 0.000E+00 0.000E+00 0.000E+00 0.000E+00 0.000E+00 0.000E+00 0.000E+00
 0.000E+00 0.000E+00 0.000E+00 0.000E+00 0.000E+00 0.000E+00 0.000E+00 0.000E+00
 0.000E+00 0.000E+00 0.000E+00 0.000E+00 0.000E+00 0.000E+00 1.412E-03 5.761E-03
 1.147E-02 1.761E-02 2.373E-02 2.966E-02 3.533E-02 4.073E-02 4.583E-02 5.065E-02
 5.520E-02 5.953E-02 6.363E-02 6.753E-02 7.477E-02 8.136E-02 8.739E-02 9.295E-02
 9.809E-02 1.029E-01 1.073E-01 1.258E-01 1.398E-01 1.510E-01 1.679E-01 1.802E-01
 2.007E-01 2.136E-01 2.295E-01 2.391E-01 2.456E-01 2.504E-01 2.570E-01 2.614E-01
 2.679E-01 2.716E-01 2.756E-01 2.780E-01 2.794E-01 2.805E-01 2.818E-01 2.827E-01
 2.838E-01 2.845E-01 2.851E-01 2.855E-01 2.858E-01 2.859E-01 2.861E-01 2.862E-01
     4
     3     3     3     9
  1.0000E-03  1.5000E-03  1.5499E-03
  1.5499E-03  1.5728E-03  1.5960E-03
  1.5960E-03  1.6864E-03  1.7820E-03
  1.7820E-03  2.0000E-03  3.0000E-03  4.0000E-03  5.0000E-03  6.0000E-03
  8.0000E-03  1.0000E-02  1.3474E-02
  3.4740E+05  1.3220E+05  1.2210E+05
  5.7140E+05  5.2153E+05  4.7600E+05
  6.7630E+05  5.9644E+05  5.2600E+05
  5.9560E+05  4.5140E+05  1.6270E+05  7.6640E+04  4.2180E+04  2.5720E+04
  1.1660E+04  6.2630E+03  2.7060E+03
