     7   14.006700
     0    80
 1.000000E+03 1.500000E+03 2.000000E+03 3.000000E+03 4.000000E+03 5.000000E+03
 6.000000E+03 8.000000E+03 1.000000E+04 1.500000E+04 2.000000E+04 3.000000E+04
 4.000000E+04 5.000000E+04 6.000000E+04 8.000000E+04 1.000000E+05 1.500000E+05
 2.000000E+05 3.000000E+05 4.000000E+05 5.000000E+05 6.000000E+05 8.000000E+05
 1.000000E+06 1.022000E+06 1.250000E+06 1.500000E+06 2.000000E+06 2.044000E+06
 3.000000E+06 4.000000E+06 5.000000E+06 6.000000E+06 7.000000E+06 8.000000E+06
 9.000000E+06 1.000000E+07 1.100000E+07 1.200000E+07 1.300000E+07 1.400000E+07
 1.500000E+07 1.600000E+07 1.800000E+07 2.000000E+07 2.200000E+07 2.400000E+07
 2.600000E+07 2.800000E+07 3.000000E+07 4.000000E+07 5.000000E+07 6.000000E+07
 8.000000E+07 1.000000E+08 1.500000E+08 2.000000E+08 3.000000E+08 4.000000E+08
 5.000000E+08 6.000000E+08 8.000000E+08 1.000000E+09 1.500000E+09 2.000000E+09
 3.000000E+09 4.000000E+09 5.000000E+09 6.000000E+09 8.000000E+09 1.000000E+10
 1.500000E+10 2.000000E+10 3.000000E+10 4.000000E+10 5.000000E+10 6.000000E+10
 8.000000E+10 1.000000E+11
 3.003E+01 2.734E+01 2.432E+01 1.861E+01 1.421E+01 1.110E+01 8.927E+00 6.246E+00
 4.722E+00 2.805E+00 1.870E+00 9.839E-01 6.009E-01 4.042E-01 2.901E-01 1.697E-01
 1.109E-01 5.046E-02 2.863E-02 1.281E-02 7.221E-03 4.626E-03 3.215E-03 1.809E-03
 1.158E-03 1.109E-03 7.414E-04 5.149E-04 2.897E-04 2.773E-04 1.287E-04 7.243E-05
 4.635E-05 3.219E-05 2.365E-05 1.811E-05 1.431E-05 1.159E-05 9.577E-06 8.047E-06
 6.857E-06 5.912E-06 5.150E-06 4.527E-06 3.577E-06 2.897E-06 2.394E-06 2.012E-06
 1.714E-06 1.478E-06 1.288E-06 7.242E-07 4.635E-07 3.219E-07 1.810E-07 1.159E-07
 5.149E-08 2.896E-08 1.287E-08 7.241E-09 4.634E-09 3.218E-09 1.810E-09 1.159E-09
 5.149E-10 2.896E-10 1.287E-10 7.241E-11 4.634E-11 3.218E-11 1.810E-11 1.159E-11
 5.149E-12 2.896E-12 1.287E-12 7.241E-13 4.634E-13 3.218E-13 1.810E-13 1.159E-13
 2.560E-01 5.198E-01 8.165E-01 1.392E+00 1.866E+00 2.225E+00 2.494E+00 2.858E+00
 3.093E+00 3.449E+00 3.645E+00 3.800E+00 3.811E+00 3.766E+00 3.700E+00 3.551E+00
 3.403E+00 3.085E+00 2.834E+00 2.470E+00 2.215E+00 2.023E+00 1.872E+00 1.645E+00
 1.479E+00 1.464E+00 1.323E+00 1.202E+00 1.026E+00 1.013E+00 8.073E-01 6.734E-01
 5.815E-01 5.140E-01 4.620E-01 4.205E-01 3.865E-01 3.581E-01 3.340E-01 3.132E-01
 2.951E-01 2.792E-01 2.650E-01 2.524E-01 2.307E-01 2.127E-01 1.976E-01 1.846E-01
 1.734E-01 1.636E-01 1.549E-01 1.231E-01 1.027E-01 8.851E-02 6.980E-02 5.794E-02
 4.126E-02 3.235E-02 2.293E-02 1.796E-02 1.486E-02 1.273E-02 9.940E-03 8.178E-03
 5.711E-03 4.420E-03 3.073E-03 2.372E-03 1.940E-03 1.645E-03 1.267E-03 1.035E-03
 7.150E-04 5.497E-04 3.791E-04 2.911E-04 2.370E-04 2.003E-04 1.536E-04 1.250E-04
 7.699E+04 2.515E+04 1.107E+04 3.367E+03 1.418E+03 7.180E+02 4.092E+02 1.667E+02
 8.241E+01 2.250E+01 8.856E+00 2.348E+00 9.087E-01 4.340E-01 2.369E-01 9.114E-02
 4.347E-02 1.144E-02 4.516E-03 1.270E-03 5.428E-04 2.922E-04 1.819E-04 9.177E-05
 5.704E-05 5.293E-05 3.593E-05 2.609E-05 1.643E-05 1.590E-05 9.200E-06 6.323E-06
 4.799E-06 3.861E-06 3.227E-06 2.770E-06 2.426E-06 2.157E-06 1.942E-06 1.766E-06
 1.619E-06 1.494E-06 1.387E-06 1.295E-06 1.142E-06 1.022E-06 9.241E-07 8.435E-07
 7.759E-07 7.183E-07 6.686E-07 4.968E-07 3.952E-07 3.281E-07 2.450E-07 1.954E-07
 1.298E-07 9.715E-08 6.465E-08 4.844E-08 3.873E-08 3.226E-08 2.418E-08 1.934E-08
 1.289E-08 9.666E-09 6.443E-09 4.831E-09 3.865E-09 3.221E-09 2.415E-09 1.932E-09
 1.288E-09 9.661E-10 6.440E-10 4.830E-10 3.864E-10 3.220E-10 2.415E-10 1.932E-10
 0.000E-01 0.000E-01 0.000E-01 0.000E-01 0.000E-01 0.000E-01 0.000E-01 0.000E-01
 0.000E-01 0.000E-01 0.000E-01 0.000E-01 0.000E-01 0.000E-01 0.000E-01 0.000E-01
 0.000E-01 0.000E-01 0.000E-01 0.000E-01 0.000E-01 0.000E-01 0.000E-01 0.000E-01
 0.000E-01 0.000E-01 3.931E-04 2.177E-03 8.667E-03 9.343E-03 2.479E-02 4.023E-02
 5.398E-02 6.636E-02 7.737E-02 8.731E-02 9.633E-02 1.045E-01 1.120E-01 1.188E-01
 1.252E-01 1.311E-01 1.367E-01 1.419E-01 1.514E-01 1.599E-01 1.677E-01 1.747E-01
 1.812E-01 1.871E-01 1.926E-01 2.153E-01 2.325E-01 2.462E-01 2.667E-01 2.819E-01
 3.071E-01 3.229E-01 3.418E-01 3.530E-01 3.605E-01 3.659E-01 3.731E-01 3.779E-01
 3.848E-01 3.887E-01 3.928E-01 3.951E-01 3.965E-01 3.975E-01 3.988E-01 3.996E-01
 4.008E-01 4.014E-01 4.020E-01 4.024E-01 4.026E-01 4.027E-01 4.029E-01 4.030E-01
 0.000E-01 0.000E-01 0.000E-01 0.000E-01 0.000E-01 0.000E-01 0.000E-01 0.000E-01
 0.000E-01 0.000E-01 0.000E-01 0.000E-01 0.000E-01 0.000E-01 0.000E-01 0.000E-01
 0.000E-01 0.000E-01 0.000E-01 0.000E-01 0.000E-01 0.000E-01 0.000E-01 0.000E-01
 0.000E-01 0.000E-01 0.000E-01 0.000E-01 0.000E-01 0.000E-01 2.824E-04 1.153E-03
 2.298E-03 3.529E-03 4.759E-03 5.952E-03 7.097E-03 8.188E-03 9.223E-03 1.020E-02
 1.113E-02 1.201E-02 1.285E-02 1.365E-02 1.514E-02 1.650E-02 1.776E-02 1.892E-02
 2.000E-02 2.101E-02 2.195E-02 2.591E-02 2.900E-02 3.150E-02 3.539E-02 3.832E-02
 4.340E-02 4.675E-02 5.102E-02 5.368E-02 5.554E-02 5.692E-02 5.884E-02 6.014E-02
 6.209E-02 6.320E-02 6.443E-02 6.515E-02 6.559E-02 6.590E-02 6.632E-02 6.658E-02
 6.694E-02 6.715E-02 6.735E-02 6.748E-02 6.755E-02 6.760E-02 6.766E-02 6.770E-02
