    52  127.599998
     5    90
    22    13    11     9     3
 K  L1 L2 L3 M1
  31813.8   4939.2   4612.0   4341.4   1006.0
  1.00000E+03  1.00590E+03  1.00600E+03  1.50000E+03  2.00000E+03  3.00000E+03
  4.00000E+03  4.34130E+03  4.34140E+03  4.61190E+03  4.61200E+03  4.93910E+03
  4.93920E+03  5.00000E+03  6.00000E+03  8.00000E+03  1.00000E+04  1.50000E+04
  2.00000E+04  3.00000E+04  3.18137E+04  3.18138E+04  4.00000E+04  5.00000E+04
  6.00000E+04  8.00000E+04  1.00000E+05  1.50000E+05  2.00000E+05  3.00000E+05
  4.00000E+05  5.00000E+05  6.00000E+05  8.00000E+05  1.00000E+06  1.02200E+06
  1.25000E+06  1.50000E+06  2.00000E+06  2.04400E+06  3.00000E+06  4.00000E+06
  5.00000E+06  6.00000E+06  7.00000E+06  8.00000E+06  9.00000E+06  1.00000E+07
  1.10000E+07  1.20000E+07  1.30000E+07  1.40000E+07  1.50000E+07  1.60000E+07
  1.80000E+07  2.00000E+07  2.20000E+07  2.40000E+07  2.60000E+07  2.80000E+07
  3.00000E+07  4.00000E+07  5.00000E+07  6.00000E+07  8.00000E+07  1.00000E+08
  1.50000E+08  2.00000E+08  3.00000E+08  4.00000E+08  5.00000E+08  6.00000E+08
  8.00000E+08  1.00000E+09  1.50000E+09  2.00000E+09  3.00000E+09  4.00000E+09
  5.00000E+09  6.00000E+09  8.00000E+09  1.00000E+10  1.50000E+10  2.00000E+10
  3.00000E+10  4.00000E+10  5.00000E+10  6.00000E+10  8.00000E+10  1.00000E+11
 1.706E+03 1.705E+03 1.705E+03 1.612E+03 1.509E+03 1.313E+03 1.145E+03 1.094E+03
 1.094E+03 1.056E+03 1.056E+03 1.011E+03 1.011E+03 1.003E+03 8.836E+02 6.971E+02
 5.660E+02 3.730E+02 2.645E+02 1.498E+02 1.375E+02 1.375E+02 9.768E+01 6.935E+01
 5.171E+01 3.175E+01 2.150E+01 1.045E+01 6.179E+00 2.880E+00 1.658E+00 1.075E+00
 7.535E-01 4.282E-01 2.755E-01 2.639E-01 1.770E-01 1.231E-01 6.942E-02 6.647E-02
 3.090E-02 1.739E-02 1.114E-02 7.734E-03 5.682E-03 4.351E-03 3.438E-03 2.785E-03
 2.301E-03 1.934E-03 1.648E-03 1.421E-03 1.238E-03 1.088E-03 8.595E-04 6.962E-04
 5.754E-04 4.835E-04 4.120E-04 3.552E-04 3.095E-04 1.741E-04 1.114E-04 7.736E-05
 4.351E-05 2.785E-05 1.238E-05 6.962E-06 3.094E-06 1.741E-06 1.114E-06 7.736E-07
 4.351E-07 2.785E-07 1.238E-07 6.962E-08 3.094E-08 1.741E-08 1.114E-08 7.736E-09
 4.351E-09 2.785E-09 1.238E-09 6.962E-10 3.094E-10 1.741E-10 1.114E-10 7.736E-11
 4.351E-11 2.785E-11
 1.005E+00 1.015E+00 1.015E+00 1.896E+00 2.809E+00 4.527E+00 6.029E+00 6.491E+00
 6.491E+00 6.844E+00 6.845E+00 7.258E+00 7.258E+00 7.333E+00 8.499E+00 1.056E+01
 1.234E+01 1.572E+01 1.793E+01 2.055E+01 2.086E+01 2.086E+01 2.193E+01 2.267E+01
 2.303E+01 2.311E+01 2.278E+01 2.145E+01 2.010E+01 1.785E+01 1.616E+01 1.484E+01
 1.378E+01 1.215E+01 1.094E+01 1.083E+01 9.796E+00 8.910E+00 7.610E+00 7.517E+00
 5.991E+00 4.999E+00 4.318E+00 3.817E+00 3.431E+00 3.123E+00 2.871E+00 2.660E+00
 2.481E+00 2.327E+00 2.192E+00 2.074E+00 1.969E+00 1.875E+00 1.713E+00 1.580E+00
 1.468E+00 1.371E+00 1.288E+00 1.215E+00 1.150E+00 9.141E-01 7.631E-01 6.575E-01
 5.185E-01 4.304E-01 3.065E-01 2.403E-01 1.703E-01 1.334E-01 1.104E-01 9.454E-02
 7.384E-02 6.075E-02 4.242E-02 3.284E-02 2.283E-02 1.762E-02 1.441E-02 1.222E-02
 9.414E-03 7.686E-03 5.312E-03 4.084E-03 2.816E-03 2.162E-03 1.761E-03 1.488E-03
 1.141E-03 9.284E-04
 1.785E+06 1.763E+06 1.838E+06 7.628E+05 3.867E+05 1.426E+05 6.871E+04 5.565E+04
 1.659E+05 1.472E+05 1.991E+05 1.698E+05 1.959E+05 1.900E+05 1.203E+05 5.654E+04
 3.123E+04 1.037E+04 4.678E+03 1.499E+03 1.269E+03 7.723E+03 4.255E+03 2.334E+03
 1.417E+03 6.348E+02 3.373E+02 1.057E+02 4.637E+01 1.484E+01 6.831E+00 3.849E+00
 2.464E+00 1.275E+00 7.965E-01 7.580E-01 5.112E-01 3.660E-01 2.228E-01 2.149E-01
 1.182E-01 7.834E-02 5.795E-02 4.574E-02 3.767E-02 3.197E-02 2.773E-02 2.447E-02
 2.189E-02 1.979E-02 1.805E-02 1.660E-02 1.535E-02 1.428E-02 1.253E-02 1.116E-02
 1.006E-02 9.150E-03 8.394E-03 7.753E-03 7.202E-03 5.313E-03 4.208E-03 3.483E-03
 2.591E-03 2.062E-03 1.365E-03 1.020E-03 6.780E-04 5.076E-04 4.056E-04 3.378E-04
 2.531E-04 2.024E-04 1.348E-04 1.011E-04 6.737E-05 5.052E-05 4.041E-05 3.368E-05
 2.525E-05 2.020E-05 1.347E-05 1.010E-05 6.733E-06 5.050E-06 4.040E-06 3.366E-06
 2.525E-06 2.020E-06
 0.000E+00 0.000E+00 0.000E+00 0.000E+00 0.000E+00 0.000E+00 0.000E+00 0.000E+00
 0.000E+00 0.000E+00 0.000E+00 0.000E+00 0.000E+00 0.000E+00 0.000E+00 0.000E+00
 0.000E+00 0.000E+00 0.000E+00 0.000E+00 0.000E+00 0.000E+00 0.000E+00 0.000E+00
 0.000E+00 0.000E+00 0.000E+00 0.000E+00 0.000E+00 0.000E+00 0.000E+00 0.000E+00
 0.000E+00 0.000E+00 0.000E+00 0.000E+00 3.770E-02 1.746E-01 5.916E-01 6.321E-01
 1.498E+00 2.301E+00 2.994E+00 3.591E+00 4.122E+00 4.600E+00 5.034E+00 5.432E+00
 5.798E+00 6.137E+00 6.452E+00 6.742E+00 7.011E+00 7.260E+00 7.716E+00 8.124E+00
 8.494E+00 8.830E+00 9.137E+00 9.417E+00 9.676E+00 1.073E+01 1.151E+01 1.211E+01
 1.301E+01 1.364E+01 1.465E+01 1.526E+01 1.596E+01 1.637E+01 1.664E+01 1.683E+01
 1.708E+01 1.725E+01 1.748E+01 1.761E+01 1.775E+01 1.783E+01 1.788E+01 1.791E+01
 1.795E+01 1.798E+01 1.802E+01 1.804E+01 1.806E+01 1.807E+01 1.808E+01 1.808E+01
 1.809E+01 1.809E+01
 0.000E+00 0.000E+00 0.000E+00 0.000E+00 0.000E+00 0.000E+00 0.000E+00 0.000E+00
 0.000E+00 0.000E+00 0.000E+00 0.000E+00 0.000E+00 0.000E+00 0.000E+00 0.000E+00
 0.000E+00 0.000E+00 0.000E+00 0.000E+00 0.000E+00 0.000E+00 0.000E+00 0.000E+00
 0.000E+00 0.000E+00 0.000E+00 0.000E+00 0.000E+00 0.000E+00 0.000E+00 0.000E+00
 0.000E+00 0.000E+00 0.000E+00 0.000E+00 0.000E+00 0.000E+00 0.000E+00 0.000E+00
 2.096E-03 8.547E-03 1.701E-02 2.610E-02 3.515E-02 4.391E-02 5.228E-02 6.024E-02
 6.776E-02 7.485E-02 8.153E-02 8.789E-02 9.389E-02 9.960E-02 1.102E-01 1.198E-01
 1.286E-01 1.367E-01 1.441E-01 1.510E-01 1.574E-01 1.840E-01 2.042E-01 2.202E-01
 2.442E-01 2.617E-01 2.906E-01 3.087E-01 3.309E-01 3.442E-01 3.533E-01 3.600E-01
 3.692E-01 3.753E-01 3.844E-01 3.895E-01 3.951E-01 3.984E-01 4.004E-01 4.018E-01
 4.037E-01 4.049E-01 4.065E-01 4.074E-01 4.083E-01 4.089E-01 4.092E-01 4.095E-01
 4.097E-01 4.099E-01
     5
     3     6     3     3     9
  1.0000E-03  1.0030E-03  1.0060E-03
  1.0060E-03  1.5000E-03  2.0000E-03  3.0000E-03  4.0000E-03  4.3414E-03
  4.3414E-03  4.4747E-03  4.6120E-03
  4.6120E-03  4.7728E-03  4.9392E-03
  4.9392E-03  5.0000E-03  6.0000E-03  8.0000E-03  1.0000E-02  1.5000E-02
  2.0000E-02  3.0000E-02  3.1814E-02
  1.7850E+06  1.7739E+06  1.7630E+06
  1.8380E+06  7.6280E+05  3.8670E+05  1.4260E+05  6.8710E+04  5.5650E+04
  1.6590E+05  1.5627E+05  1.4720E+05
  1.9910E+05  1.8386E+05  1.6980E+05
  1.9590E+05  1.9000E+05  1.2030E+05  5.6540E+04  3.1230E+04  1.0370E+04
  4.6780E+03  1.4990E+03  1.2690E+03
