     1    1.007900
     0    80
 1.000000E+03 1.500000E+03 2.000000E+03 3.000000E+03 4.000000E+03 5.000000E+03
 6.000000E+03 8.000000E+03 1.000000E+04 1.500000E+04 2.000000E+04 3.000000E+04
 4.000000E+04 5.000000E+04 6.000000E+04 8.000000E+04 1.000000E+05 1.500000E+05
 2.000000E+05 3.000000E+05 4.000000E+05 5.000000E+05 6.000000E+05 8.000000E+05
 1.000000E+06 1.022000E+06 1.250000E+06 1.500000E+06 2.000000E+06 2.044000E+06
 3.000000E+06 4.000000E+06 5.000000E+06 6.000000E+06 7.000000E+06 8.000000E+06
 9.000000E+06 1.000000E+07 1.100000E+07 1.200000E+07 1.300000E+07 1.400000E+07
 1.500000E+07 1.600000E+07 1.800000E+07 2.000000E+07 2.200000E+07 2.400000E+07
 2.600000E+07 2.800000E+07 3.000000E+07 4.000000E+07 5.000000E+07 6.000000E+07
 8.000000E+07 1.000000E+08 1.500000E+08 2.000000E+08 3.000000E+08 4.000000E+08
 5.000000E+08 6.000000E+08 8.000000E+08 1.000000E+09 1.500000E+09 2.000000E+09
 3.000000E+09 4.000000E+09 5.000000E+09 6.000000E+09 8.000000E+09 1.000000E+10
 1.500000E+10 2.000000E+10 3.000000E+10 4.000000E+10 5.000000E+10 6.000000E+10
 8.000000E+10 1.000000E+11
 5.805E-01 4.985E-01 4.141E-01 2.764E-01 1.881E-01 1.341E-01 9.988E-02 6.126E-02
 4.121E-02 1.943E-02 1.119E-02 5.062E-03 2.866E-03 1.840E-03 1.280E-03 7.211E-04
 4.619E-04 2.055E-04 1.156E-04 5.139E-05 2.891E-05 1.850E-05 1.285E-05 7.227E-06
 4.625E-06 4.428E-06 2.960E-06 2.056E-06 1.156E-06 1.107E-06 5.139E-07 2.891E-07
 1.850E-07 1.285E-07 9.439E-08 7.227E-08 5.710E-08 4.625E-08 3.823E-08 3.212E-08
 2.737E-08 2.360E-08 2.056E-08 1.807E-08 1.428E-08 1.156E-08 9.556E-09 8.030E-09
 6.842E-09 5.899E-09 5.139E-09 2.890E-09 1.850E-09 1.284E-09 7.222E-10 4.620E-10
 2.054E-10 1.155E-10 5.134E-11 2.888E-11 1.848E-11 1.283E-11 7.219E-12 4.620E-12
 2.054E-12 1.155E-12 5.134E-13 2.888E-13 1.848E-13 1.283E-13 7.219E-14 4.620E-14
 2.054E-14 1.155E-14 5.134E-15 2.888E-15 1.848E-15 1.283E-15 7.219E-16 4.620E-16
 8.424E-02 1.650E-01 2.478E-01 3.822E-01 4.675E-01 5.187E-01 5.503E-01 5.840E-01
 5.993E-01 6.095E-01 6.068E-01 5.924E-01 5.759E-01 5.597E-01 5.444E-01 5.166E-01
 4.923E-01 4.435E-01 4.064E-01 3.535E-01 3.168E-01 2.893E-01 2.676E-01 2.351E-01
 2.114E-01 2.092E-01 1.890E-01 1.718E-01 1.466E-01 1.448E-01 1.153E-01 9.620E-02
 8.308E-02 7.343E-02 6.600E-02 6.007E-02 5.522E-02 5.116E-02 4.772E-02 4.475E-02
 4.216E-02 3.988E-02 3.786E-02 3.606E-02 3.296E-02 3.039E-02 2.823E-02 2.638E-02
 2.477E-02 2.336E-02 2.212E-02 1.758E-02 1.468E-02 1.264E-02 9.972E-03 8.276E-03
 5.894E-03 4.621E-03 3.275E-03 2.565E-03 2.123E-03 1.818E-03 1.420E-03 1.168E-03
 8.159E-04 6.314E-04 4.390E-04 3.389E-04 2.771E-04 2.350E-04 1.810E-04 1.478E-04
 1.021E-04 7.853E-05 5.416E-05 4.158E-05 3.386E-05 2.862E-05 2.195E-05 1.785E-05
 1.141E+01 2.932E+00 1.111E+00 2.806E-01 1.053E-01 4.907E-02 2.627E-02 9.816E-03
 4.558E-03 1.128E-03 4.182E-04 1.032E-04 3.823E-05 1.771E-05 9.455E-06 3.523E-06
 1.644E-06 4.176E-07 1.611E-07 4.414E-08 1.858E-08 9.927E-09 6.158E-09 3.118E-09
 1.961E-09 1.880E-09 1.304E-09 9.732E-10 6.201E-10 6.004E-10 3.524E-10 2.444E-10
 1.866E-10 1.508E-10 1.264E-10 1.088E-10 9.546E-11 8.503E-11 7.665E-11 6.977E-11
 6.401E-11 5.914E-11 5.495E-11 5.131E-11 4.531E-11 4.057E-11 3.672E-11 3.354E-11
 3.087E-11 2.859E-11 2.662E-11 1.981E-11 1.577E-11 1.310E-11 9.787E-12 7.811E-12
 5.191E-12 3.887E-12 2.587E-12 1.939E-12 1.550E-12 1.291E-12 9.682E-13 7.744E-13
 5.161E-13 3.870E-13 2.580E-13 1.934E-13 1.548E-13 1.290E-13 9.671E-14 7.737E-14
 5.158E-14 3.868E-14 2.579E-14 1.934E-14 1.547E-14 1.289E-14 9.670E-15 7.736E-15
 0.000E-01 0.000E-01 0.000E-01 0.000E-01 0.000E-01 0.000E-01 0.000E-01 0.000E-01
 0.000E-01 0.000E-01 0.000E-01 0.000E-01 0.000E-01 0.000E-01 0.000E-01 0.000E-01
 0.000E-01 0.000E-01 0.000E-01 0.000E-01 0.000E-01 0.000E-01 0.000E-01 0.000E-01
 0.000E-01 0.000E-01 7.805E-06 4.385E-05 1.758E-04 1.895E-04 5.048E-04 8.202E-04
 1.102E-03 1.355E-03 1.580E-03 1.784E-03 1.970E-03 2.138E-03 2.292E-03 2.433E-03
 2.565E-03 2.688E-03 2.803E-03 2.912E-03 3.112E-03 3.292E-03 3.457E-03 3.608E-03
 3.747E-03 3.877E-03 3.998E-03 4.506E-03 4.902E-03 5.225E-03 5.731E-03 6.116E-03
 6.781E-03 7.214E-03 7.753E-03 8.079E-03 8.300E-03 8.461E-03 8.680E-03 8.824E-03
 9.035E-03 9.153E-03 9.277E-03 9.353E-03 9.397E-03 9.428E-03 9.469E-03 9.495E-03
 9.529E-03 9.549E-03 9.567E-03 9.581E-03 9.588E-03 9.592E-03 9.597E-03 9.601E-03
 0.000E-01 0.000E-01 0.000E-01 0.000E-01 0.000E-01 0.000E-01 0.000E-01 0.000E-01
 0.000E-01 0.000E-01 0.000E-01 0.000E-01 0.000E-01 0.000E-01 0.000E-01 0.000E-01
 0.000E-01 0.000E-01 0.000E-01 0.000E-01 0.000E-01 0.000E-01 0.000E-01 0.000E-01
 0.000E-01 0.000E-01 0.000E-01 0.000E-01 0.000E-01 0.000E-01 4.035E-05 1.647E-04
 3.283E-04 5.042E-04 6.798E-04 8.503E-04 1.014E-03 1.170E-03 1.318E-03 1.458E-03
 1.590E-03 1.716E-03 1.836E-03 1.951E-03 2.164E-03 2.359E-03 2.539E-03 2.706E-03
 2.862E-03 3.007E-03 3.143E-03 3.719E-03 4.173E-03 4.546E-03 5.136E-03 5.593E-03
 6.412E-03 6.976E-03 7.731E-03 8.223E-03 8.575E-03 8.841E-03 9.223E-03 9.485E-03
 9.888E-03 1.012E-02 1.038E-02 1.053E-02 1.063E-02 1.070E-02 1.079E-02 1.085E-02
 1.093E-02 1.097E-02 1.102E-02 1.105E-02 1.106E-02 1.108E-02 1.109E-02 1.110E-02
