    66  162.500000
     9    98
    32    24    22    19    13    10     8     5     3
 K  L1 L2 L3 M1 M2 M3 M4 M5
  53788.5   9045.8   8580.6   7790.1   2046.8   1841.8   1675.6   1332.5
   1294.9
  1.00000E+03  1.29480E+03  1.29490E+03  1.33240E+03  1.33250E+03  1.50000E+03
  1.67550E+03  1.67560E+03  1.84170E+03  1.84180E+03  2.00000E+03  2.04670E+03
  2.04680E+03  3.00000E+03  4.00000E+03  5.00000E+03  6.00000E+03  7.79000E+03
  7.79010E+03  8.00000E+03  8.58050E+03  8.58060E+03  9.04570E+03  9.04580E+03
  1.00000E+04  1.50000E+04  2.00000E+04  3.00000E+04  4.00000E+04  5.00000E+04
  5.37884E+04  5.37885E+04  6.00000E+04  8.00000E+04  1.00000E+05  1.50000E+05
  2.00000E+05  3.00000E+05  4.00000E+05  5.00000E+05  6.00000E+05  8.00000E+05
  1.00000E+06  1.02200E+06  1.25000E+06  1.50000E+06  2.00000E+06  2.04400E+06
  3.00000E+06  4.00000E+06  5.00000E+06  6.00000E+06  7.00000E+06  8.00000E+06
  9.00000E+06  1.00000E+07  1.10000E+07  1.20000E+07  1.30000E+07  1.40000E+07
  1.50000E+07  1.60000E+07  1.80000E+07  2.00000E+07  2.20000E+07  2.40000E+07
  2.60000E+07  2.80000E+07  3.00000E+07  4.00000E+07  5.00000E+07  6.00000E+07
  8.00000E+07  1.00000E+08  1.50000E+08  2.00000E+08  3.00000E+08  4.00000E+08
  5.00000E+08  6.00000E+08  8.00000E+08  1.00000E+09  1.50000E+09  2.00000E+09
  3.00000E+09  4.00000E+09  5.00000E+09  6.00000E+09  8.00000E+09  1.00000E+10
  1.50000E+10  2.00000E+10  3.00000E+10  4.00000E+10  5.00000E+10  6.00000E+10
  8.00000E+10  1.00000E+11
 2.755E+03 2.682E+03 2.682E+03 2.672E+03 2.672E+03 2.627E+03 2.580E+03 2.580E+03
 2.538E+03 2.538E+03 2.494E+03 2.481E+03 2.481E+03 2.226E+03 1.971E+03 1.744E+03
 1.547E+03 1.265E+03 1.265E+03 1.237E+03 1.163E+03 1.163E+03 1.108E+03 1.108E+03
 1.007E+03 6.506E+02 4.635E+02 2.732E+02 1.783E+02 1.262E+02 1.126E+02 1.126E+02
 9.478E+01 5.933E+01 4.048E+01 1.973E+01 1.174E+01 5.543E+00 3.210E+00 2.090E+00
 1.468E+00 8.372E-01 5.400E-01 5.173E-01 3.476E-01 2.421E-01 1.367E-01 1.309E-01
 6.092E-02 3.430E-02 2.196E-02 1.525E-02 1.121E-02 8.583E-03 6.782E-03 5.494E-03
 4.541E-03 3.816E-03 3.251E-03 2.803E-03 2.442E-03 2.146E-03 1.696E-03 1.374E-03
 1.135E-03 9.540E-04 8.129E-04 7.009E-04 6.106E-04 3.434E-04 2.198E-04 1.526E-04
 8.586E-05 5.495E-05 2.442E-05 1.374E-05 6.105E-06 3.434E-06 2.198E-06 1.526E-06
 8.586E-07 5.495E-07 2.442E-07 1.374E-07 6.105E-08 3.434E-08 2.198E-08 1.526E-08
 8.586E-09 5.495E-09 2.442E-09 1.374E-09 6.105E-10 3.434E-10 2.198E-10 1.526E-10
 8.586E-11 5.495E-11
 1.421E+00 1.963E+00 1.963E+00 2.032E+00 2.033E+00 2.340E+00 2.661E+00 2.661E+00
 2.959E+00 2.959E+00 3.245E+00 3.329E+00 3.329E+00 5.029E+00 6.697E+00 8.231E+00
 9.617E+00 1.177E+01 1.177E+01 1.200E+01 1.262E+01 1.262E+01 1.309E+01 1.309E+01
 1.401E+01 1.799E+01 2.093E+01 2.459E+01 2.653E+01 2.758E+01 2.784E+01 2.784E+01
 2.813E+01 2.845E+01 2.820E+01 2.677E+01 2.518E+01 2.247E+01 2.038E+01 1.875E+01
 1.742E+01 1.538E+01 1.386E+01 1.372E+01 1.242E+01 1.130E+01 9.653E+00 9.534E+00
 7.602E+00 6.344E+00 5.480E+00 4.844E+00 4.354E+00 3.963E+00 3.643E+00 3.376E+00
 3.148E+00 2.953E+00 2.782E+00 2.632E+00 2.498E+00 2.379E+00 2.175E+00 2.005E+00
 1.863E+00 1.741E+00 1.635E+00 1.542E+00 1.460E+00 1.160E+00 9.685E-01 8.345E-01
 6.581E-01 5.462E-01 3.890E-01 3.050E-01 2.162E-01 1.693E-01 1.402E-01 1.200E-01
 9.372E-02 7.710E-02 5.385E-02 4.168E-02 2.898E-02 2.237E-02 1.829E-02 1.551E-02
 1.195E-02 9.755E-03 6.742E-03 5.183E-03 3.574E-03 2.744E-03 2.235E-03 1.889E-03
 1.448E-03 1.178E-03
 6.702E+05 4.079E+05 5.703E+05 1.264E+06 1.483E+06 1.495E+06 1.139E+06 1.318E+06
 1.056E+06 1.122E+06 9.329E+05 8.847E+05 9.241E+05 3.768E+05 1.856E+05 1.059E+05
 6.644E+04 3.377E+04 9.146E+04 8.696E+04 7.154E+04 9.793E+04 8.600E+04 9.940E+04
 7.729E+04 2.676E+04 1.237E+04 4.088E+03 1.841E+03 9.868E+02 8.039E+02 4.382E+03
 3.274E+03 1.535E+03 8.380E+02 2.742E+02 1.237E+02 4.103E+01 1.931E+01 1.104E+01
 7.136E+00 3.733E+00 2.340E+00 2.239E+00 1.509E+00 1.078E+00 6.536E-01 6.303E-01
 3.441E-01 2.266E-01 1.668E-01 1.312E-01 1.077E-01 9.121E-02 7.898E-02 6.959E-02
 6.215E-02 5.613E-02 5.115E-02 4.698E-02 4.342E-02 4.037E-02 3.537E-02 3.147E-02
 2.833E-02 2.577E-02 2.362E-02 2.181E-02 2.025E-02 1.491E-02 1.180E-02 9.762E-03
 7.253E-03 5.770E-03 3.818E-03 2.853E-03 1.894E-03 1.418E-03 1.133E-03 9.436E-04
 7.070E-04 5.653E-04 3.766E-04 2.823E-04 1.881E-04 1.411E-04 1.129E-04 9.404E-05
 7.052E-05 5.641E-05 3.761E-05 2.820E-05 1.880E-05 1.410E-05 1.128E-05 9.400E-06
 7.050E-06 5.640E-06
 0.000E+00 0.000E+00 0.000E+00 0.000E+00 0.000E+00 0.000E+00 0.000E+00 0.000E+00
 0.000E+00 0.000E+00 0.000E+00 0.000E+00 0.000E+00 0.000E+00 0.000E+00 0.000E+00
 0.000E+00 0.000E+00 0.000E+00 0.000E+00 0.000E+00 0.000E+00 0.000E+00 0.000E+00
 0.000E+00 0.000E+00 0.000E+00 0.000E+00 0.000E+00 0.000E+00 0.000E+00 0.000E+00
 0.000E+00 0.000E+00 0.000E+00 0.000E+00 0.000E+00 0.000E+00 0.000E+00 0.000E+00
 0.000E+00 0.000E+00 0.000E+00 0.000E+00 7.209E-02 3.338E-01 1.065E+00 1.133E+00
 2.527E+00 3.769E+00 4.824E+00 5.732E+00 6.534E+00 7.254E+00 7.909E+00 8.509E+00
 9.064E+00 9.579E+00 1.006E+01 1.051E+01 1.092E+01 1.131E+01 1.201E+01 1.263E+01
 1.320E+01 1.371E+01 1.418E+01 1.461E+01 1.500E+01 1.662E+01 1.782E+01 1.876E+01
 2.013E+01 2.111E+01 2.265E+01 2.356E+01 2.463E+01 2.524E+01 2.564E+01 2.593E+01
 2.631E+01 2.655E+01 2.691E+01 2.710E+01 2.731E+01 2.743E+01 2.750E+01 2.755E+01
 2.761E+01 2.765E+01 2.771E+01 2.774E+01 2.777E+01 2.779E+01 2.780E+01 2.781E+01
 2.781E+01 2.782E+01
 0.000E+00 0.000E+00 0.000E+00 0.000E+00 0.000E+00 0.000E+00 0.000E+00 0.000E+00
 0.000E+00 0.000E+00 0.000E+00 0.000E+00 0.000E+00 0.000E+00 0.000E+00 0.000E+00
 0.000E+00 0.000E+00 0.000E+00 0.000E+00 0.000E+00 0.000E+00 0.000E+00 0.000E+00
 0.000E+00 0.000E+00 0.000E+00 0.000E+00 0.000E+00 0.000E+00 0.000E+00 0.000E+00
 0.000E+00 0.000E+00 0.000E+00 0.000E+00 0.000E+00 0.000E+00 0.000E+00 0.000E+00
 0.000E+00 0.000E+00 0.000E+00 0.000E+00 0.000E+00 0.000E+00 0.000E+00 0.000E+00
 2.657E-03 1.083E-02 2.156E-02 3.306E-02 4.450E-02 5.557E-02 6.614E-02 7.618E-02
 8.566E-02 9.460E-02 1.030E-01 1.110E-01 1.186E-01 1.257E-01 1.390E-01 1.510E-01
 1.621E-01 1.722E-01 1.815E-01 1.901E-01 1.981E-01 2.312E-01 2.561E-01 2.757E-01
 3.052E-01 3.265E-01 3.616E-01 3.834E-01 4.100E-01 4.259E-01 4.367E-01 4.447E-01
 4.556E-01 4.629E-01 4.737E-01 4.799E-01 4.866E-01 4.906E-01 4.930E-01 4.947E-01
 4.970E-01 4.984E-01 5.004E-01 5.015E-01 5.026E-01 5.033E-01 5.037E-01 5.040E-01
 5.043E-01 5.045E-01
     9
     3     3     3     3     3     6     3     3     8
  1.0000E-03  1.1379E-03  1.2949E-03
  1.2949E-03  1.3136E-03  1.3325E-03
  1.3325E-03  1.5000E-03  1.6756E-03
  1.6756E-03  1.7567E-03  1.8418E-03
  1.8418E-03  2.0000E-03  2.0468E-03
  2.0468E-03  3.0000E-03  4.0000E-03  5.0000E-03  6.0000E-03  7.7901E-03
  7.7901E-03  8.0000E-03  8.5806E-03
  8.5806E-03  8.8101E-03  9.0458E-03
  9.0458E-03  1.0000E-02  1.5000E-02  2.0000E-02  3.0000E-02  4.0000E-02
  5.0000E-02  5.3788E-02
  6.7020E+05  5.2283E+05  4.0790E+05
  5.7030E+05  8.4955E+05  1.2640E+06
  1.4830E+06  1.4950E+06  1.1390E+06
  1.3180E+06  1.1802E+06  1.0560E+06
  1.1220E+06  9.3290E+05  8.8470E+05
  9.2410E+05  3.7680E+05  1.8560E+05  1.0590E+05  6.6440E+04  3.3770E+04
  9.1460E+04  8.6960E+04  7.1540E+04
  9.7930E+04  9.1771E+04  8.6000E+04
  9.9400E+04  7.7290E+04  2.6760E+04  1.2370E+04  4.0880E+03  1.8410E+03
  9.8680E+02  8.0390E+02
