    65  158.925400
     9    98
    32    24    22    19    12    10     8     5     3
 K  L1 L2 L3 M1 M2 M3 M4 M5
  51995.7   8708.0   8251.6   7514.0   1967.5   1767.7   1611.3   1275.0
   1241.2
  1.00000E+03  1.24110E+03  1.24120E+03  1.27490E+03  1.27500E+03  1.50000E+03
  1.61120E+03  1.61130E+03  1.76760E+03  1.76770E+03  1.96740E+03  1.96750E+03
  2.00000E+03  3.00000E+03  4.00000E+03  5.00000E+03  6.00000E+03  7.51390E+03
  7.51400E+03  8.00000E+03  8.25150E+03  8.25160E+03  8.70790E+03  8.70800E+03
  1.00000E+04  1.50000E+04  2.00000E+04  3.00000E+04  4.00000E+04  5.00000E+04
  5.19956E+04  5.19957E+04  6.00000E+04  8.00000E+04  1.00000E+05  1.50000E+05
  2.00000E+05  3.00000E+05  4.00000E+05  5.00000E+05  6.00000E+05  8.00000E+05
  1.00000E+06  1.02200E+06  1.25000E+06  1.50000E+06  2.00000E+06  2.04400E+06
  3.00000E+06  4.00000E+06  5.00000E+06  6.00000E+06  7.00000E+06  8.00000E+06
  9.00000E+06  1.00000E+07  1.10000E+07  1.20000E+07  1.30000E+07  1.40000E+07
  1.50000E+07  1.60000E+07  1.80000E+07  2.00000E+07  2.20000E+07  2.40000E+07
  2.60000E+07  2.80000E+07  3.00000E+07  4.00000E+07  5.00000E+07  6.00000E+07
  8.00000E+07  1.00000E+08  1.50000E+08  2.00000E+08  3.00000E+08  4.00000E+08
  5.00000E+08  6.00000E+08  8.00000E+08  1.00000E+09  1.50000E+09  2.00000E+09
  3.00000E+09  4.00000E+09  5.00000E+09  6.00000E+09  8.00000E+09  1.00000E+10
  1.50000E+10  2.00000E+10  3.00000E+10  4.00000E+10  5.00000E+10  6.00000E+10
  8.00000E+10  1.00000E+11
 2.667E+03 2.607E+03 2.607E+03 2.601E+03 2.601E+03 2.541E+03 2.511E+03 2.511E+03
 2.472E+03 2.472E+03 2.418E+03 2.418E+03 2.409E+03 2.145E+03 1.896E+03 1.675E+03
 1.486E+03 1.251E+03 1.251E+03 1.186E+03 1.155E+03 1.155E+03 1.101E+03 1.101E+03
 9.657E+02 6.248E+02 4.458E+02 2.625E+02 1.711E+02 1.212E+02 1.140E+02 1.140E+02
 9.106E+01 5.695E+01 3.882E+01 1.892E+01 1.126E+01 5.309E+00 3.073E+00 2.000E+00
 1.405E+00 8.010E-01 5.165E-01 4.948E-01 3.324E-01 2.316E-01 1.307E-01 1.252E-01
 5.824E-02 3.279E-02 2.100E-02 1.458E-02 1.072E-02 8.206E-03 6.484E-03 5.252E-03
 4.341E-03 3.648E-03 3.108E-03 2.680E-03 2.335E-03 2.052E-03 1.621E-03 1.313E-03
 1.085E-03 9.120E-04 7.771E-04 6.701E-04 5.837E-04 3.283E-04 2.101E-04 1.459E-04
 8.209E-05 5.253E-05 2.335E-05 1.313E-05 5.837E-06 3.283E-06 2.101E-06 1.459E-06
 8.208E-07 5.253E-07 2.335E-07 1.313E-07 5.837E-08 3.283E-08 2.101E-08 1.459E-08
 8.208E-09 5.253E-09 2.335E-09 1.313E-09 5.837E-10 3.283E-10 2.101E-10 1.459E-10
 8.208E-11 5.253E-11
 1.455E+00 1.925E+00 1.925E+00 1.980E+00 1.980E+00 2.406E+00 2.614E+00 2.614E+00
 2.897E+00 2.897E+00 3.262E+00 3.262E+00 3.321E+00 5.103E+00 6.769E+00 8.303E+00
 9.690E+00 1.152E+01 1.152E+01 1.206E+01 1.232E+01 1.232E+01 1.279E+01 1.279E+01
 1.403E+01 1.794E+01 2.082E+01 2.437E+01 2.624E+01 2.726E+01 2.739E+01 2.739E+01
 2.779E+01 2.808E+01 2.783E+01 2.640E+01 2.482E+01 2.214E+01 2.008E+01 1.847E+01
 1.716E+01 1.515E+01 1.365E+01 1.351E+01 1.223E+01 1.113E+01 9.507E+00 9.390E+00
 7.487E+00 6.248E+00 5.397E+00 4.771E+00 4.288E+00 3.903E+00 3.588E+00 3.324E+00
 3.101E+00 2.908E+00 2.740E+00 2.592E+00 2.461E+00 2.343E+00 2.142E+00 1.975E+00
 1.835E+00 1.714E+00 1.610E+00 1.519E+00 1.438E+00 1.143E+00 9.538E-01 8.218E-01
 6.481E-01 5.380E-01 3.831E-01 3.004E-01 2.129E-01 1.667E-01 1.380E-01 1.182E-01
 9.230E-02 7.593E-02 5.303E-02 4.104E-02 2.854E-02 2.203E-02 1.801E-02 1.527E-02
 1.177E-02 9.607E-03 6.640E-03 5.104E-03 3.520E-03 2.703E-03 2.201E-03 1.860E-03
 1.426E-03 1.161E-03
 6.297E+05 4.174E+05 6.006E+05 1.309E+06 1.549E+06 1.400E+06 1.176E+06 1.360E+06
 1.097E+06 1.165E+06 9.164E+05 9.574E+05 9.232E+05 3.553E+05 1.748E+05 9.960E+04
 6.246E+04 3.485E+04 9.527E+04 8.148E+04 7.488E+04 1.024E+05 8.969E+04 1.037E+05
 7.331E+04 2.522E+04 1.164E+04 3.837E+03 1.726E+03 9.240E+02 8.278E+02 4.547E+03
 3.109E+03 1.452E+03 7.918E+02 2.583E+02 1.163E+02 3.847E+01 1.808E+01 1.033E+01
 6.669E+00 3.486E+00 2.184E+00 2.090E+00 1.409E+00 1.006E+00 6.103E-01 5.886E-01
 3.215E-01 2.118E-01 1.560E-01 1.227E-01 1.008E-01 8.533E-02 7.389E-02 6.511E-02
 5.816E-02 5.253E-02 4.787E-02 4.397E-02 4.065E-02 3.778E-02 3.311E-02 2.946E-02
 2.653E-02 2.412E-02 2.212E-02 2.042E-02 1.896E-02 1.397E-02 1.105E-02 9.143E-03
 6.794E-03 5.405E-03 3.576E-03 2.672E-03 1.775E-03 1.329E-03 1.062E-03 8.840E-04
 6.624E-04 5.296E-04 3.528E-04 2.645E-04 1.763E-04 1.322E-04 1.057E-04 8.810E-05
 6.607E-05 5.285E-05 3.523E-05 2.642E-05 1.761E-05 1.321E-05 1.057E-05 8.807E-06
 6.605E-06 5.284E-06
 0.000E+00 0.000E+00 0.000E+00 0.000E+00 0.000E+00 0.000E+00 0.000E+00 0.000E+00
 0.000E+00 0.000E+00 0.000E+00 0.000E+00 0.000E+00 0.000E+00 0.000E+00 0.000E+00
 0.000E+00 0.000E+00 0.000E+00 0.000E+00 0.000E+00 0.000E+00 0.000E+00 0.000E+00
 0.000E+00 0.000E+00 0.000E+00 0.000E+00 0.000E+00 0.000E+00 0.000E+00 0.000E+00
 0.000E+00 0.000E+00 0.000E+00 0.000E+00 0.000E+00 0.000E+00 0.000E+00 0.000E+00
 0.000E+00 0.000E+00 0.000E+00 0.000E+00 6.914E-02 3.199E-01 1.025E+00 1.091E+00
 2.443E+00 3.651E+00 4.680E+00 5.564E+00 6.346E+00 7.048E+00 7.686E+00 8.271E+00
 8.812E+00 9.314E+00 9.784E+00 1.022E+01 1.062E+01 1.100E+01 1.168E+01 1.228E+01
 1.283E+01 1.333E+01 1.379E+01 1.421E+01 1.459E+01 1.617E+01 1.734E+01 1.824E+01
 1.958E+01 2.053E+01 2.203E+01 2.293E+01 2.397E+01 2.456E+01 2.496E+01 2.524E+01
 2.561E+01 2.585E+01 2.620E+01 2.639E+01 2.659E+01 2.670E+01 2.677E+01 2.682E+01
 2.688E+01 2.692E+01 2.698E+01 2.701E+01 2.704E+01 2.706E+01 2.707E+01 2.707E+01
 2.708E+01 2.709E+01
 0.000E+00 0.000E+00 0.000E+00 0.000E+00 0.000E+00 0.000E+00 0.000E+00 0.000E+00
 0.000E+00 0.000E+00 0.000E+00 0.000E+00 0.000E+00 0.000E+00 0.000E+00 0.000E+00
 0.000E+00 0.000E+00 0.000E+00 0.000E+00 0.000E+00 0.000E+00 0.000E+00 0.000E+00
 0.000E+00 0.000E+00 0.000E+00 0.000E+00 0.000E+00 0.000E+00 0.000E+00 0.000E+00
 0.000E+00 0.000E+00 0.000E+00 0.000E+00 0.000E+00 0.000E+00 0.000E+00 0.000E+00
 0.000E+00 0.000E+00 0.000E+00 0.000E+00 0.000E+00 0.000E+00 0.000E+00 0.000E+00
 2.617E-03 1.067E-02 2.123E-02 3.256E-02 4.383E-02 5.474E-02 6.516E-02 7.504E-02
 8.439E-02 9.319E-02 1.015E-01 1.093E-01 1.168E-01 1.239E-01 1.369E-01 1.488E-01
 1.597E-01 1.696E-01 1.788E-01 1.873E-01 1.952E-01 2.278E-01 2.524E-01 2.718E-01
 3.010E-01 3.221E-01 3.568E-01 3.784E-01 4.048E-01 4.206E-01 4.314E-01 4.393E-01
 4.502E-01 4.574E-01 4.682E-01 4.744E-01 4.811E-01 4.851E-01 4.875E-01 4.892E-01
 4.915E-01 4.929E-01 4.949E-01 4.960E-01 4.971E-01 4.978E-01 4.983E-01 4.985E-01
 4.988E-01 4.990E-01
     9
     3     3     3     3     3     7     3     3     8
  1.0000E-03  1.1141E-03  1.2412E-03
  1.2412E-03  1.2580E-03  1.2750E-03
  1.2750E-03  1.5000E-03  1.6113E-03
  1.6113E-03  1.6877E-03  1.7677E-03
  1.7677E-03  1.8649E-03  1.9675E-03
  1.9675E-03  2.0000E-03  3.0000E-03  4.0000E-03  5.0000E-03  6.0000E-03
  7.5140E-03
  7.5140E-03  8.0000E-03  8.2516E-03
  8.2516E-03  8.4767E-03  8.7080E-03
  8.7080E-03  1.0000E-02  1.5000E-02  2.0000E-02  3.0000E-02  4.0000E-02
  5.0000E-02  5.1996E-02
  6.2970E+05  5.1260E+05  4.1740E+05
  6.0060E+05  8.8706E+05  1.3090E+06
  1.5490E+06  1.4000E+06  1.1760E+06
  1.3600E+06  1.2215E+06  1.0970E+06
  1.1650E+06  1.0331E+06  9.1640E+05
  9.5740E+05  9.2320E+05  3.5530E+05  1.7480E+05  9.9600E+04  6.2460E+04
  3.4850E+04
  9.5270E+04  8.1480E+04  7.4880E+04
  1.0240E+05  9.5844E+04  8.9690E+04
  1.0370E+05  7.3310E+04  2.5220E+04  1.1640E+04  3.8370E+03  1.7260E+03
  9.2400E+02  8.2780E+02
