    79  196.966492
     9    98
    34    25    23    21    14    12     9     7     5
 K  L1 L2 L3 M1 M2 M3 M4 M5
  80724.9  14352.8  13733.6  11918.7   3424.9   3147.8   2743.0   2291.1
   2205.7
  1.00000E+03  1.50000E+03  2.00000E+03  2.20560E+03  2.20570E+03  2.29100E+03
  2.29110E+03  2.74290E+03  2.74300E+03  3.00000E+03  3.14770E+03  3.14780E+03
  3.42480E+03  3.42490E+03  4.00000E+03  5.00000E+03  6.00000E+03  8.00000E+03
  1.00000E+04  1.19186E+04  1.19187E+04  1.37335E+04  1.37336E+04  1.43527E+04
  1.43528E+04  1.50000E+04  2.00000E+04  3.00000E+04  4.00000E+04  5.00000E+04
  6.00000E+04  8.00000E+04  8.07248E+04  8.07249E+04  1.00000E+05  1.50000E+05
  2.00000E+05  3.00000E+05  4.00000E+05  5.00000E+05  6.00000E+05  8.00000E+05
  1.00000E+06  1.02200E+06  1.25000E+06  1.50000E+06  2.00000E+06  2.04400E+06
  3.00000E+06  4.00000E+06  5.00000E+06  6.00000E+06  7.00000E+06  8.00000E+06
  9.00000E+06  1.00000E+07  1.10000E+07  1.20000E+07  1.30000E+07  1.40000E+07
  1.50000E+07  1.60000E+07  1.80000E+07  2.00000E+07  2.20000E+07  2.40000E+07
  2.60000E+07  2.80000E+07  3.00000E+07  4.00000E+07  5.00000E+07  6.00000E+07
  8.00000E+07  1.00000E+08  1.50000E+08  2.00000E+08  3.00000E+08  4.00000E+08
  5.00000E+08  6.00000E+08  8.00000E+08  1.00000E+09  1.50000E+09  2.00000E+09
  3.00000E+09  4.00000E+09  5.00000E+09  6.00000E+09  8.00000E+09  1.00000E+10
  1.50000E+10  2.00000E+10  3.00000E+10  4.00000E+10  5.00000E+10  6.00000E+10
  8.00000E+10  1.00000E+11
 4.012E+03 3.862E+03 3.685E+03 3.606E+03 3.606E+03 3.573E+03 3.573E+03 3.405E+03
 3.405E+03 3.307E+03 3.251E+03 3.251E+03 3.150E+03 3.150E+03 2.946E+03 2.627E+03
 2.351E+03 1.912E+03 1.582E+03 1.335E+03 1.335E+03 1.148E+03 1.148E+03 1.093E+03
 1.093E+03 1.040E+03 7.332E+02 4.327E+02 2.878E+02 2.041E+02 1.528E+02 9.601E+01
 9.459E+01 9.459E+01 6.620E+01 3.253E+01 1.940E+01 9.241E+00 5.391E+00 3.525E+00
 2.483E+00 1.422E+00 9.195E-01 8.811E-01 5.932E-01 4.139E-01 2.341E-01 2.242E-01
 1.045E-01 5.887E-02 3.771E-02 2.620E-02 1.925E-02 1.474E-02 1.165E-02 9.437E-03
 7.800E-03 6.555E-03 5.585E-03 4.816E-03 4.195E-03 3.687E-03 2.914E-03 2.360E-03
 1.950E-03 1.639E-03 1.396E-03 1.204E-03 1.049E-03 5.901E-04 3.776E-04 2.622E-04
 1.475E-04 9.441E-05 4.196E-05 2.360E-05 1.049E-05 5.900E-06 3.776E-06 2.622E-06
 1.475E-06 9.441E-07 4.196E-07 2.360E-07 1.049E-07 5.900E-08 3.776E-08 2.622E-08
 1.475E-08 9.441E-09 4.196E-09 2.360E-09 1.049E-09 5.900E-10 3.776E-10 2.622E-10
 1.475E-10 9.441E-11
 1.069E+00 1.984E+00 2.929E+00 3.316E+00 3.317E+00 3.477E+00 3.477E+00 4.306E+00
 4.306E+00 4.772E+00 5.037E+00 5.037E+00 5.519E+00 5.520E+00 6.511E+00 8.174E+00
 9.770E+00 1.268E+01 1.514E+01 1.714E+01 1.714E+01 1.872E+01 1.872E+01 1.923E+01
 1.923E+01 1.974E+01 2.307E+01 2.756E+01 3.018E+01 3.167E+01 3.250E+01 3.308E+01
 3.309E+01 3.309E+01 3.296E+01 3.155E+01 2.980E+01 2.668E+01 2.426E+01 2.234E+01
 2.078E+01 1.836E+01 1.656E+01 1.639E+01 1.484E+01 1.351E+01 1.155E+01 1.140E+01
 9.096E+00 7.591E+00 6.558E+00 5.797E+00 5.211E+00 4.743E+00 4.360E+00 4.040E+00
 3.768E+00 3.534E+00 3.329E+00 3.150E+00 2.991E+00 2.848E+00 2.603E+00 2.400E+00
 2.230E+00 2.083E+00 1.956E+00 1.846E+00 1.748E+00 1.389E+00 1.159E+00 9.988E-01
 7.877E-01 6.538E-01 4.656E-01 3.651E-01 2.588E-01 2.027E-01 1.678E-01 1.436E-01
 1.122E-01 9.229E-02 6.445E-02 4.988E-02 3.468E-02 2.677E-02 2.189E-02 1.856E-02
 1.430E-02 1.168E-02 8.070E-03 6.204E-03 4.279E-03 3.285E-03 2.675E-03 2.261E-03
 1.734E-03 1.411E-03
 1.518E+06 6.793E+05 3.681E+05 2.969E+05 3.214E+05 7.240E+05 7.675E+05 7.167E+05
 8.271E+05 6.670E+05 5.927E+05 6.289E+05 5.152E+05 5.372E+05 3.711E+05 2.152E+05
 1.367E+05 6.584E+04 3.704E+04 2.345E+04 5.982E+04 4.080E+04 5.654E+04 5.084E+04
 5.874E+04 5.249E+04 2.502E+04 8.541E+03 3.928E+03 2.138E+03 1.296E+03 5.856E+02
 5.711E+02 2.784E+03 1.588E+03 5.441E+02 2.522E+02 8.655E+01 4.164E+01 2.417E+01
 1.579E+01 8.357E+00 5.261E+00 5.035E+00 3.396E+00 2.420E+00 1.464E+00 1.412E+00
 7.663E-01 5.022E-01 3.683E-01 2.888E-01 2.366E-01 2.000E-01 1.729E-01 1.521E-01
 1.357E-01 1.224E-01 1.115E-01 1.023E-01 9.451E-02 8.780E-02 7.686E-02 6.833E-02
 6.148E-02 5.588E-02 5.120E-02 4.724E-02 4.385E-02 3.226E-02 2.550E-02 2.108E-02
 1.565E-02 1.245E-02 8.231E-03 6.148E-03 4.082E-03 3.055E-03 2.441E-03 2.032E-03
 1.523E-03 1.217E-03 8.109E-04 6.080E-04 4.051E-04 3.038E-04 2.430E-04 2.025E-04
 1.518E-04 1.215E-04 8.097E-05 6.073E-05 4.048E-05 3.036E-05 2.429E-05 2.024E-05
 1.518E-05 1.214E-05
 0.000E+00 0.000E+00 0.000E+00 0.000E+00 0.000E+00 0.000E+00 0.000E+00 0.000E+00
 0.000E+00 0.000E+00 0.000E+00 0.000E+00 0.000E+00 0.000E+00 0.000E+00 0.000E+00
 0.000E+00 0.000E+00 0.000E+00 0.000E+00 0.000E+00 0.000E+00 0.000E+00 0.000E+00
 0.000E+00 0.000E+00 0.000E+00 0.000E+00 0.000E+00 0.000E+00 0.000E+00 0.000E+00
 0.000E+00 0.000E+00 0.000E+00 0.000E+00 0.000E+00 0.000E+00 0.000E+00 0.000E+00
 0.000E+00 0.000E+00 0.000E+00 0.000E+00 1.176E-01 5.571E-01 1.698E+00 1.799E+00
 3.772E+00 5.462E+00 6.876E+00 8.094E+00 9.167E+00 1.013E+01 1.101E+01 1.182E+01
 1.256E+01 1.326E+01 1.391E+01 1.452E+01 1.508E+01 1.561E+01 1.657E+01 1.742E+01
 1.819E+01 1.889E+01 1.954E+01 2.012E+01 2.067E+01 2.289E+01 2.453E+01 2.581E+01
 2.768E+01 2.901E+01 3.109E+01 3.233E+01 3.377E+01 3.459E+01 3.512E+01 3.551E+01
 3.602E+01 3.635E+01 3.682E+01 3.708E+01 3.736E+01 3.751E+01 3.761E+01 3.768E+01
 3.776E+01 3.782E+01 3.789E+01 3.793E+01 3.797E+01 3.800E+01 3.801E+01 3.802E+01
 3.803E+01 3.804E+01
 0.000E+00 0.000E+00 0.000E+00 0.000E+00 0.000E+00 0.000E+00 0.000E+00 0.000E+00
 0.000E+00 0.000E+00 0.000E+00 0.000E+00 0.000E+00 0.000E+00 0.000E+00 0.000E+00
 0.000E+00 0.000E+00 0.000E+00 0.000E+00 0.000E+00 0.000E+00 0.000E+00 0.000E+00
 0.000E+00 0.000E+00 0.000E+00 0.000E+00 0.000E+00 0.000E+00 0.000E+00 0.000E+00
 0.000E+00 0.000E+00 0.000E+00 0.000E+00 0.000E+00 0.000E+00 0.000E+00 0.000E+00
 0.000E+00 0.000E+00 0.000E+00 0.000E+00 0.000E+00 0.000E+00 0.000E+00 0.000E+00
 3.178E-03 1.295E-02 2.576E-02 3.949E-02 5.315E-02 6.634E-02 7.894E-02 9.089E-02
 1.022E-01 1.128E-01 1.228E-01 1.323E-01 1.412E-01 1.497E-01 1.655E-01 1.797E-01
 1.927E-01 2.046E-01 2.156E-01 2.258E-01 2.352E-01 2.739E-01 3.030E-01 3.259E-01
 3.601E-01 3.847E-01 4.248E-01 4.497E-01 4.796E-01 4.974E-01 5.094E-01 5.181E-01
 5.301E-01 5.380E-01 5.497E-01 5.563E-01 5.634E-01 5.676E-01 5.701E-01 5.719E-01
 5.743E-01 5.758E-01 5.778E-01 5.790E-01 5.801E-01 5.808E-01 5.812E-01 5.815E-01
 5.818E-01 5.820E-01
     9
     4     3     3     3     3     7     3     3     9
  1.0000E-03  1.5000E-03  2.0000E-03  2.2057E-03
  2.2057E-03  2.2480E-03  2.2911E-03
  2.2911E-03  2.5069E-03  2.7430E-03
  2.7430E-03  3.0000E-03  3.1478E-03
  3.1478E-03  3.2834E-03  3.4249E-03
  3.4249E-03  4.0000E-03  5.0000E-03  6.0000E-03  8.0000E-03  1.0000E-02
  1.1919E-02
  1.1919E-02  1.2794E-02  1.3734E-02
  1.3734E-02  1.4040E-02  1.4353E-02
  1.4353E-02  1.5000E-02  2.0000E-02  3.0000E-02  4.0000E-02  5.0000E-02
  6.0000E-02  8.0000E-02  8.0725E-02
  1.5180E+06  6.7930E+05  3.6810E+05  2.9690E+05
  3.2140E+05  4.8251E+05  7.2400E+05
  7.6750E+05  7.4161E+05  7.1670E+05
  8.2710E+05  6.6700E+05  5.9270E+05
  6.2890E+05  5.6914E+05  5.1520E+05
  5.3720E+05  3.7110E+05  2.1520E+05  1.3670E+05  6.5840E+04  3.7040E+04
  2.3450E+04
  5.9820E+04  4.9398E+04  4.0800E+04
  5.6540E+04  5.3612E+04  5.0840E+04
  5.8740E+04  5.2490E+04  2.5020E+04  8.5410E+03  3.9280E+03  2.1380E+03
  1.2960E+03  5.8560E+02  5.7110E+02
