    82  207.199997
     9    98
    34    26    24    21    14    12    10     7     5
 K  L1 L2 L3 M1 M2 M3 M4 M5
  88004.5  15860.8  15200.0  13035.2   3850.7   3554.2   3066.4   2585.6
   2484.0
  1.00000E+03  1.50000E+03  2.00000E+03  2.48390E+03  2.48400E+03  2.58550E+03
  2.58560E+03  3.00000E+03  3.06630E+03  3.06640E+03  3.55410E+03  3.55420E+03
  3.85060E+03  3.85070E+03  4.00000E+03  5.00000E+03  6.00000E+03  8.00000E+03
  1.00000E+04  1.30351E+04  1.30352E+04  1.50000E+04  1.51999E+04  1.52000E+04
  1.58607E+04  1.58608E+04  2.00000E+04  3.00000E+04  4.00000E+04  5.00000E+04
  6.00000E+04  8.00000E+04  8.80044E+04  8.80045E+04  1.00000E+05  1.50000E+05
  2.00000E+05  3.00000E+05  4.00000E+05  5.00000E+05  6.00000E+05  8.00000E+05
  1.00000E+06  1.02200E+06  1.25000E+06  1.50000E+06  2.00000E+06  2.04400E+06
  3.00000E+06  4.00000E+06  5.00000E+06  6.00000E+06  7.00000E+06  8.00000E+06
  9.00000E+06  1.00000E+07  1.10000E+07  1.20000E+07  1.30000E+07  1.40000E+07
  1.50000E+07  1.60000E+07  1.80000E+07  2.00000E+07  2.20000E+07  2.40000E+07
  2.60000E+07  2.80000E+07  3.00000E+07  4.00000E+07  5.00000E+07  6.00000E+07
  8.00000E+07  1.00000E+08  1.50000E+08  2.00000E+08  3.00000E+08  4.00000E+08
  5.00000E+08  6.00000E+08  8.00000E+08  1.00000E+09  1.50000E+09  2.00000E+09
  3.00000E+09  4.00000E+09  5.00000E+09  6.00000E+09  8.00000E+09  1.00000E+10
  1.50000E+10  2.00000E+10  3.00000E+10  4.00000E+10  5.00000E+10  6.00000E+10
  8.00000E+10  1.00000E+11
 4.304E+03 4.132E+03 3.935E+03 3.742E+03 3.742E+03 3.701E+03 3.701E+03 3.533E+03
 3.507E+03 3.507E+03 3.321E+03 3.321E+03 3.212E+03 3.212E+03 3.158E+03 2.824E+03
 2.533E+03 2.065E+03 1.714E+03 1.325E+03 1.325E+03 1.138E+03 1.121E+03 1.121E+03
 1.068E+03 1.068E+03 8.044E+02 4.738E+02 3.166E+02 2.252E+02 1.686E+02 1.059E+02
 9.055E+01 9.055E+01 7.320E+01 3.610E+01 2.154E+01 1.028E+01 6.008E+00 3.934E+00
 2.773E+00 1.590E+00 1.029E+00 9.859E-01 6.642E-01 4.636E-01 2.624E-01 2.513E-01
 1.172E-01 6.603E-02 4.230E-02 2.939E-02 2.160E-02 1.654E-02 1.307E-02 1.059E-02
 8.750E-03 7.353E-03 6.266E-03 5.403E-03 4.707E-03 4.137E-03 3.269E-03 2.648E-03
 2.188E-03 1.839E-03 1.567E-03 1.351E-03 1.177E-03 6.620E-04 4.237E-04 2.942E-04
 1.655E-04 1.059E-04 4.708E-05 2.648E-05 1.177E-05 6.620E-06 4.237E-06 2.942E-06
 1.655E-06 1.059E-06 4.708E-07 2.648E-07 1.177E-07 6.620E-08 4.237E-08 2.942E-08
 1.655E-08 1.059E-08 4.708E-09 2.648E-09 1.177E-09 6.620E-10 4.237E-10 2.942E-10
 1.655E-10 1.059E-10
 1.234E+00 2.271E+00 3.310E+00 4.266E+00 4.266E+00 4.463E+00 4.463E+00 5.246E+00
 5.369E+00 5.369E+00 6.238E+00 6.238E+00 6.753E+00 6.753E+00 7.009E+00 8.655E+00
 1.022E+01 1.310E+01 1.562E+01 1.870E+01 1.870E+01 2.037E+01 2.052E+01 2.052E+01
 2.103E+01 2.103E+01 2.373E+01 2.831E+01 3.103E+01 3.261E+01 3.349E+01 3.414E+01
 3.416E+01 3.416E+01 3.404E+01 3.263E+01 3.085E+01 2.765E+01 2.515E+01 2.317E+01
 2.155E+01 1.905E+01 1.718E+01 1.701E+01 1.540E+01 1.402E+01 1.198E+01 1.184E+01
 9.440E+00 7.879E+00 6.806E+00 6.017E+00 5.409E+00 4.923E+00 4.526E+00 4.193E+00
 3.911E+00 3.668E+00 3.456E+00 3.270E+00 3.104E+00 2.956E+00 2.702E+00 2.492E+00
 2.314E+00 2.163E+00 2.031E+00 1.916E+00 1.814E+00 1.441E+00 1.203E+00 1.037E+00
 8.176E-01 6.786E-01 4.833E-01 3.789E-01 2.686E-01 2.103E-01 1.741E-01 1.491E-01
 1.164E-01 9.579E-02 6.690E-02 5.178E-02 3.600E-02 2.779E-02 2.272E-02 1.927E-02
 1.484E-02 1.212E-02 8.376E-03 6.440E-03 4.441E-03 3.409E-03 2.776E-03 2.347E-03
 1.800E-03 1.464E-03
 1.788E+06 8.066E+05 4.383E+05 2.718E+05 4.765E+05 6.650E+05 8.392E+05 6.725E+05
 6.354E+05 7.349E+05 5.113E+05 5.419E+05 4.479E+05 4.674E+05 4.273E+05 2.485E+05
 1.582E+05 7.660E+04 4.322E+04 2.171E+04 5.443E+04 3.723E+04 3.594E+04 4.996E+04
 4.514E+04 5.218E+04 2.889E+04 9.929E+03 4.593E+03 2.509E+03 1.525E+03 6.924E+02
 5.324E+02 2.519E+03 1.802E+03 6.244E+02 2.912E+02 1.008E+02 4.876E+01 2.841E+01
 1.860E+01 9.878E+00 6.226E+00 5.959E+00 4.020E+00 2.863E+00 1.732E+00 1.670E+00
 9.054E-01 5.927E-01 4.344E-01 3.404E-01 2.788E-01 2.355E-01 2.035E-01 1.790E-01
 1.597E-01 1.440E-01 1.311E-01 1.203E-01 1.111E-01 1.032E-01 9.033E-02 8.029E-02
 7.223E-02 6.564E-02 6.014E-02 5.549E-02 5.150E-02 3.787E-02 2.993E-02 2.474E-02
 1.837E-02 1.460E-02 9.656E-03 7.212E-03 4.788E-03 3.583E-03 2.863E-03 2.384E-03
 1.786E-03 1.428E-03 9.512E-04 7.131E-04 4.752E-04 3.563E-04 2.850E-04 2.375E-04
 1.781E-04 1.425E-04 9.497E-05 7.123E-05 4.748E-05 3.561E-05 2.849E-05 2.374E-05
 1.780E-05 1.424E-05
 0.000E+00 0.000E+00 0.000E+00 0.000E+00 0.000E+00 0.000E+00 0.000E+00 0.000E+00
 0.000E+00 0.000E+00 0.000E+00 0.000E+00 0.000E+00 0.000E+00 0.000E+00 0.000E+00
 0.000E+00 0.000E+00 0.000E+00 0.000E+00 0.000E+00 0.000E+00 0.000E+00 0.000E+00
 0.000E+00 0.000E+00 0.000E+00 0.000E+00 0.000E+00 0.000E+00 0.000E+00 0.000E+00
 0.000E+00 0.000E+00 0.000E+00 0.000E+00 0.000E+00 0.000E+00 0.000E+00 0.000E+00
 0.000E+00 0.000E+00 0.000E+00 0.000E+00 1.301E-01 6.215E-01 1.875E+00 1.985E+00
 4.102E+00 5.891E+00 7.389E+00 8.680E+00 9.816E+00 1.084E+01 1.177E+01 1.263E+01
 1.342E+01 1.416E+01 1.485E+01 1.550E+01 1.610E+01 1.666E+01 1.768E+01 1.859E+01
 1.941E+01 2.016E+01 2.084E+01 2.147E+01 2.205E+01 2.442E+01 2.617E+01 2.753E+01
 2.953E+01 3.094E+01 3.316E+01 3.448E+01 3.601E+01 3.689E+01 3.746E+01 3.787E+01
 3.842E+01 3.877E+01 3.928E+01 3.956E+01 3.986E+01 4.002E+01 4.012E+01 4.019E+01
 4.028E+01 4.034E+01 4.042E+01 4.047E+01 4.051E+01 4.053E+01 4.055E+01 4.056E+01
 4.057E+01 4.058E+01
 0.000E+00 0.000E+00 0.000E+00 0.000E+00 0.000E+00 0.000E+00 0.000E+00 0.000E+00
 0.000E+00 0.000E+00 0.000E+00 0.000E+00 0.000E+00 0.000E+00 0.000E+00 0.000E+00
 0.000E+00 0.000E+00 0.000E+00 0.000E+00 0.000E+00 0.000E+00 0.000E+00 0.000E+00
 0.000E+00 0.000E+00 0.000E+00 0.000E+00 0.000E+00 0.000E+00 0.000E+00 0.000E+00
 0.000E+00 0.000E+00 0.000E+00 0.000E+00 0.000E+00 0.000E+00 0.000E+00 0.000E+00
 0.000E+00 0.000E+00 0.000E+00 0.000E+00 0.000E+00 0.000E+00 0.000E+00 0.000E+00
 3.298E-03 1.344E-02 2.673E-02 4.098E-02 5.513E-02 6.882E-02 8.188E-02 9.427E-02
 1.060E-01 1.170E-01 1.273E-01 1.372E-01 1.464E-01 1.552E-01 1.715E-01 1.863E-01
 1.997E-01 2.121E-01 2.234E-01 2.339E-01 2.437E-01 2.837E-01 3.138E-01 3.374E-01
 3.727E-01 3.981E-01 4.396E-01 4.652E-01 4.963E-01 5.147E-01 5.272E-01 5.363E-01
 5.488E-01 5.570E-01 5.693E-01 5.762E-01 5.836E-01 5.881E-01 5.908E-01 5.926E-01
 5.951E-01 5.967E-01 5.988E-01 6.001E-01 6.013E-01 6.020E-01 6.025E-01 6.028E-01
 6.031E-01 6.033E-01
     9
     4     3     3     3     3     7     3     3     8
  1.0000E-03  1.5000E-03  2.0000E-03  2.4840E-03
  2.4840E-03  2.5343E-03  2.5856E-03
  2.5856E-03  3.0000E-03  3.0664E-03
  3.0664E-03  3.3013E-03  3.5542E-03
  3.5542E-03  3.6995E-03  3.8507E-03
  3.8507E-03  4.0000E-03  5.0000E-03  6.0000E-03  8.0000E-03  1.0000E-02
  1.3035E-02
  1.3035E-02  1.5000E-02  1.5200E-02
  1.5200E-02  1.5527E-02  1.5861E-02
  1.5861E-02  2.0000E-02  3.0000E-02  4.0000E-02  5.0000E-02  6.0000E-02
  8.0000E-02  8.8004E-02
  1.7880E+06  8.0660E+05  4.3830E+05  2.7180E+05
  4.7650E+05  5.6295E+05  6.6500E+05
  8.3920E+05  6.7250E+05  6.3540E+05
  7.3490E+05  6.1303E+05  5.1130E+05
  5.4190E+05  4.9267E+05  4.4790E+05
  4.6740E+05  4.2730E+05  2.4850E+05  1.5820E+05  7.6600E+04  4.3220E+04
  2.1710E+04
  5.4430E+04  3.7230E+04  3.5940E+04
  4.9960E+04  4.7483E+04  4.5140E+04
  5.2180E+04  2.8890E+04  9.9290E+03  4.5930E+03  2.5090E+03  1.5250E+03
  6.9240E+02  5.3240E+02
