     2    4.002600
     0    80
 1.000000E+03 1.500000E+03 2.000000E+03 3.000000E+03 4.000000E+03 5.000000E+03
 6.000000E+03 8.000000E+03 1.000000E+04 1.500000E+04 2.000000E+04 3.000000E+04
 4.000000E+04 5.000000E+04 6.000000E+04 8.000000E+04 1.000000E+05 1.500000E+05
 2.000000E+05 3.000000E+05 4.000000E+05 5.000000E+05 6.000000E+05 8.000000E+05
 1.000000E+06 1.022000E+06 1.250000E+06 1.500000E+06 2.000000E+06 2.044000E+06
 3.000000E+06 4.000000E+06 5.000000E+06 6.000000E+06 7.000000E+06 8.000000E+06
 9.000000E+06 1.000000E+07 1.100000E+07 1.200000E+07 1.300000E+07 1.400000E+07
 1.500000E+07 1.600000E+07 1.800000E+07 2.000000E+07 2.200000E+07 2.400000E+07
 2.600000E+07 2.800000E+07 3.000000E+07 4.000000E+07 5.000000E+07 6.000000E+07
 8.000000E+07 1.000000E+08 1.500000E+08 2.000000E+08 3.000000E+08 4.000000E+08
 5.000000E+08 6.000000E+08 8.000000E+08 1.000000E+09 1.500000E+09 2.000000E+09
 3.000000E+09 4.000000E+09 5.000000E+09 6.000000E+09 8.000000E+09 1.000000E+10
 1.500000E+10 2.000000E+10 3.000000E+10 4.000000E+10 5.000000E+10 6.000000E+10
 8.000000E+10 1.000000E+11
 2.517E+00 2.357E+00 2.163E+00 1.746E+00 1.372E+00 1.074E+00 8.507E-01 5.600E-01
 3.925E-01 1.964E-01 1.167E-01 5.435E-02 3.114E-02 2.011E-02 1.403E-02 7.935E-03
 5.090E-03 2.268E-03 1.277E-03 5.678E-04 3.194E-04 2.045E-04 1.420E-04 7.988E-05
 5.112E-05 4.894E-05 3.272E-05 2.272E-05 1.278E-05 1.224E-05 5.680E-06 3.195E-06
 2.045E-06 1.420E-06 1.043E-06 7.988E-07 6.312E-07 5.112E-07 4.225E-07 3.550E-07
 3.025E-07 2.608E-07 2.272E-07 1.997E-07 1.578E-07 1.278E-07 1.056E-07 8.876E-08
 7.562E-08 6.521E-08 5.680E-08 3.195E-08 2.045E-08 1.420E-08 7.986E-09 5.110E-09
 2.271E-09 1.278E-09 5.678E-10 3.194E-10 2.044E-10 1.420E-10 7.985E-11 5.110E-11
 2.271E-11 1.278E-11 5.678E-12 3.194E-12 2.044E-12 1.420E-12 7.985E-13 5.110E-13
 2.271E-13 1.278E-13 5.678E-14 3.194E-14 2.044E-14 1.420E-14 7.985E-15 5.110E-15
 6.759E-02 1.419E-01 2.317E-01 4.230E-01 5.948E-01 7.328E-01 8.385E-01 9.785E-01
 1.059E+00 1.145E+00 1.168E+00 1.163E+00 1.139E+00 1.111E+00 1.083E+00 1.030E+00
 9.825E-01 8.860E-01 8.124E-01 7.068E-01 6.334E-01 5.785E-01 5.352E-01 4.702E-01
 4.228E-01 4.183E-01 3.780E-01 3.436E-01 2.932E-01 2.896E-01 2.307E-01 1.924E-01
 1.662E-01 1.469E-01 1.320E-01 1.201E-01 1.104E-01 1.023E-01 9.543E-02 8.950E-02
 8.431E-02 7.976E-02 7.572E-02 7.211E-02 6.591E-02 6.078E-02 5.645E-02 5.275E-02
 4.954E-02 4.673E-02 4.425E-02 3.516E-02 2.935E-02 2.529E-02 1.994E-02 1.655E-02
 1.179E-02 9.242E-03 6.551E-03 5.130E-03 4.247E-03 3.636E-03 2.840E-03 2.336E-03
 1.632E-03 1.263E-03 8.781E-04 6.778E-04 5.542E-04 4.699E-04 3.621E-04 2.956E-04
 2.043E-04 1.571E-04 1.083E-04 8.316E-05 6.772E-05 5.724E-05 4.389E-05 3.571E-05
 4.017E+02 1.089E+02 4.323E+01 1.117E+01 4.234E+00 2.026E+00 1.099E+00 4.110E-01
 1.941E-01 4.875E-02 1.829E-02 4.568E-03 1.705E-03 7.945E-04 4.259E-04 1.596E-04
 7.484E-05 1.916E-05 7.428E-06 2.049E-06 8.662E-07 4.635E-07 2.876E-07 1.449E-07
 9.028E-08 8.294E-08 5.662E-08 4.140E-08 2.632E-08 2.549E-08 1.492E-08 1.033E-08
 7.879E-09 6.361E-09 5.330E-09 4.585E-09 4.022E-09 3.581E-09 3.228E-09 2.937E-09
 2.695E-09 2.489E-09 2.312E-09 2.159E-09 1.906E-09 1.707E-09 1.545E-09 1.411E-09
 1.298E-09 1.202E-09 1.119E-09 8.327E-10 6.629E-10 5.506E-10 4.113E-10 3.282E-10
 2.181E-10 1.633E-10 1.087E-10 8.144E-11 6.512E-11 5.425E-11 4.067E-11 3.253E-11
 2.168E-11 1.626E-11 1.083E-11 8.126E-12 6.500E-12 5.417E-12 4.062E-12 3.250E-12
 2.166E-12 1.625E-12 1.083E-12 8.124E-13 6.499E-13 5.416E-13 4.062E-13 3.249E-13
 0.000E-01 0.000E-01 0.000E-01 0.000E-01 0.000E-01 0.000E-01 0.000E-01 0.000E-01
 0.000E-01 0.000E-01 0.000E-01 0.000E-01 0.000E-01 0.000E-01 0.000E-01 0.000E-01
 0.000E-01 0.000E-01 0.000E-01 0.000E-01 0.000E-01 0.000E-01 0.000E-01 0.000E-01
 0.000E-01 0.000E-01 3.127E-05 1.755E-04 7.034E-04 7.584E-04 2.020E-03 3.281E-03
 4.405E-03 5.419E-03 6.321E-03 7.137E-03 7.878E-03 8.552E-03 9.167E-03 9.732E-03
 1.026E-02 1.075E-02 1.121E-02 1.164E-02 1.244E-02 1.316E-02 1.382E-02 1.442E-02
 1.498E-02 1.549E-02 1.597E-02 1.798E-02 1.952E-02 2.076E-02 2.265E-02 2.404E-02
 2.633E-02 2.775E-02 2.943E-02 3.041E-02 3.106E-02 3.152E-02 3.215E-02 3.255E-02
 3.314E-02 3.346E-02 3.380E-02 3.401E-02 3.413E-02 3.421E-02 3.432E-02 3.439E-02
 3.447E-02 3.453E-02 3.458E-02 3.461E-02 3.463E-02 3.464E-02 3.465E-02 3.466E-02
 0.000E-01 0.000E-01 0.000E-01 0.000E-01 0.000E-01 0.000E-01 0.000E-01 0.000E-01
 0.000E-01 0.000E-01 0.000E-01 0.000E-01 0.000E-01 0.000E-01 0.000E-01 0.000E-01
 0.000E-01 0.000E-01 0.000E-01 0.000E-01 0.000E-01 0.000E-01 0.000E-01 0.000E-01
 0.000E-01 0.000E-01 0.000E-01 0.000E-01 0.000E-01 0.000E-01 8.070E-05 3.295E-04
 6.565E-04 1.008E-03 1.360E-03 1.701E-03 2.028E-03 2.339E-03 2.635E-03 2.915E-03
 3.180E-03 3.432E-03 3.672E-03 3.901E-03 4.328E-03 4.718E-03 5.079E-03 5.413E-03
 5.723E-03 6.013E-03 6.285E-03 7.437E-03 8.344E-03 9.087E-03 1.025E-02 1.115E-02
 1.271E-02 1.375E-02 1.509E-02 1.592E-02 1.650E-02 1.693E-02 1.753E-02 1.793E-02
 1.854E-02 1.888E-02 1.926E-02 1.948E-02 1.961E-02 1.971E-02 1.984E-02 1.992E-02
 2.003E-02 2.009E-02 2.015E-02 2.019E-02 2.022E-02 2.023E-02 2.025E-02 2.026E-02
