    45  102.905502
     4    88
    19    10     8     6
 K  L1 L2 L3
  23219.9   3411.9   3146.1   3003.8
  1.00000E+03  1.50000E+03  2.00000E+03  3.00000E+03  3.00370E+03  3.00380E+03
  3.14600E+03  3.14610E+03  3.41180E+03  3.41190E+03  4.00000E+03  5.00000E+03
  6.00000E+03  8.00000E+03  1.00000E+04  1.50000E+04  2.00000E+04  2.32198E+04
  2.32199E+04  3.00000E+04  4.00000E+04  5.00000E+04  6.00000E+04  8.00000E+04
  1.00000E+05  1.50000E+05  2.00000E+05  3.00000E+05  4.00000E+05  5.00000E+05
  6.00000E+05  8.00000E+05  1.00000E+06  1.02200E+06  1.25000E+06  1.50000E+06
  2.00000E+06  2.04400E+06  3.00000E+06  4.00000E+06  5.00000E+06  6.00000E+06
  7.00000E+06  8.00000E+06  9.00000E+06  1.00000E+07  1.10000E+07  1.20000E+07
  1.30000E+07  1.40000E+07  1.50000E+07  1.60000E+07  1.80000E+07  2.00000E+07
  2.20000E+07  2.40000E+07  2.60000E+07  2.80000E+07  3.00000E+07  4.00000E+07
  5.00000E+07  6.00000E+07  8.00000E+07  1.00000E+08  1.50000E+08  2.00000E+08
  3.00000E+08  4.00000E+08  5.00000E+08  6.00000E+08  8.00000E+08  1.00000E+09
  1.50000E+09  2.00000E+09  3.00000E+09  4.00000E+09  5.00000E+09  6.00000E+09
  8.00000E+09  1.00000E+10  1.50000E+10  2.00000E+10  3.00000E+10  4.00000E+10
  5.00000E+10  6.00000E+10  8.00000E+10  1.00000E+11
 1.280E+03 1.213E+03 1.138E+03 9.867E+02 9.861E+02 9.861E+02 9.655E+02 9.655E+02
 9.284E+02 9.283E+02 8.512E+02 7.379E+02 6.457E+02 5.105E+02 4.174E+02 2.712E+02
 1.869E+02 1.522E+02 1.522E+02 1.051E+02 6.864E+01 4.828E+01 3.567E+01 2.177E+01
 1.473E+01 7.141E+00 4.198E+00 1.946E+00 1.117E+00 7.235E-01 5.062E-01 2.871E-01
 1.845E-01 1.767E-01 1.185E-01 8.239E-02 4.642E-02 4.445E-02 2.066E-02 1.162E-02
 7.441E-03 5.168E-03 3.797E-03 2.907E-03 2.297E-03 1.861E-03 1.538E-03 1.292E-03
 1.101E-03 9.494E-04 8.271E-04 7.269E-04 5.744E-04 4.652E-04 3.845E-04 3.231E-04
 2.753E-04 2.374E-04 2.068E-04 1.163E-04 7.444E-05 5.169E-05 2.908E-05 1.861E-05
 8.271E-06 4.652E-06 2.068E-06 1.163E-06 7.444E-07 5.169E-07 2.908E-07 1.861E-07
 8.271E-08 4.652E-08 2.068E-08 1.163E-08 7.444E-09 5.169E-09 2.908E-09 1.861E-09
 8.271E-10 4.652E-10 2.068E-10 1.163E-10 7.444E-11 5.169E-11 2.908E-11 1.861E-11
 9.448E-01 1.713E+00 2.484E+00 3.952E+00 3.957E+00 3.957E+00 4.155E+00 4.155E+00
 4.514E+00 4.514E+00 5.284E+00 6.500E+00 7.625E+00 9.605E+00 1.122E+01 1.408E+01
 1.599E+01 1.690E+01 1.690E+01 1.829E+01 1.948E+01 2.009E+01 2.035E+01 2.033E+01
 1.997E+01 1.873E+01 1.751E+01 1.552E+01 1.403E+01 1.287E+01 1.194E+01 1.052E+01
 9.475E+00 9.376E+00 8.482E+00 7.714E+00 6.588E+00 6.507E+00 5.186E+00 4.327E+00
 3.737E+00 3.303E+00 2.969E+00 2.702E+00 2.484E+00 2.302E+00 2.147E+00 2.013E+00
 1.897E+00 1.795E+00 1.704E+00 1.622E+00 1.483E+00 1.367E+00 1.270E+00 1.187E+00
 1.115E+00 1.051E+00 9.955E-01 7.911E-01 6.604E-01 5.690E-01 4.487E-01 3.724E-01
 2.652E-01 2.080E-01 1.474E-01 1.154E-01 9.556E-02 8.182E-02 6.390E-02 5.257E-02
 3.671E-02 2.842E-02 1.976E-02 1.525E-02 1.247E-02 1.057E-02 8.146E-03 6.651E-03
 4.597E-03 3.534E-03 2.437E-03 1.871E-03 1.524E-03 1.288E-03 9.876E-04 8.035E-04
 1.053E+06 4.134E+05 2.063E+05 7.491E+04 7.466E+04 2.576E+05 2.276E+05 3.146E+05
 2.575E+05 2.949E+05 1.991E+05 1.118E+05 6.942E+04 3.220E+04 1.756E+04 5.725E+03
 2.555E+03 1.674E+03 1.079E+04 5.567E+03 2.550E+03 1.375E+03 8.236E+02 3.620E+02
 1.898E+02 5.814E+01 2.515E+01 7.908E+00 3.600E+00 2.014E+00 1.284E+00 6.613E-01
 4.124E-01 3.924E-01 2.647E-01 1.899E-01 1.159E-01 1.118E-01 6.179E-02 4.110E-02
 3.048E-02 2.411E-02 1.989E-02 1.690E-02 1.468E-02 1.296E-02 1.160E-02 1.050E-02
 9.583E-03 8.813E-03 8.156E-03 7.590E-03 6.663E-03 5.937E-03 5.353E-03 4.873E-03
 4.472E-03 4.131E-03 3.839E-03 2.835E-03 2.246E-03 1.860E-03 1.384E-03 1.102E-03
 7.298E-04 5.456E-04 3.626E-04 2.715E-04 2.170E-04 1.807E-04 1.354E-04 1.083E-04
 7.213E-05 5.408E-05 3.604E-05 2.703E-05 2.162E-05 1.802E-05 1.351E-05 1.081E-05
 7.205E-06 5.403E-06 3.602E-06 2.702E-06 2.161E-06 1.801E-06 1.351E-06 1.081E-06
 0.000E+00 0.000E+00 0.000E+00 0.000E+00 0.000E+00 0.000E+00 0.000E+00 0.000E+00
 0.000E+00 0.000E+00 0.000E+00 0.000E+00 0.000E+00 0.000E+00 0.000E+00 0.000E+00
 0.000E+00 0.000E+00 0.000E+00 0.000E+00 0.000E+00 0.000E+00 0.000E+00 0.000E+00
 0.000E+00 0.000E+00 0.000E+00 0.000E+00 0.000E+00 0.000E+00 0.000E+00 0.000E+00
 0.000E+00 0.000E+00 2.559E-02 1.204E-01 4.213E-01 4.511E-01 1.100E+00 1.710E+00
 2.240E+00 2.698E+00 3.108E+00 3.477E+00 3.812E+00 4.119E+00 4.401E+00 4.660E+00
 4.900E+00 5.121E+00 5.325E+00 5.516E+00 5.866E+00 6.179E+00 6.464E+00 6.722E+00
 6.958E+00 7.174E+00 7.373E+00 8.180E+00 8.778E+00 9.245E+00 9.934E+00 1.042E+01
 1.120E+01 1.167E+01 1.221E+01 1.252E+01 1.273E+01 1.287E+01 1.307E+01 1.319E+01
 1.338E+01 1.348E+01 1.358E+01 1.364E+01 1.368E+01 1.371E+01 1.374E+01 1.376E+01
 1.379E+01 1.380E+01 1.382E+01 1.383E+01 1.383E+01 1.384E+01 1.384E+01 1.385E+01
 0.000E+00 0.000E+00 0.000E+00 0.000E+00 0.000E+00 0.000E+00 0.000E+00 0.000E+00
 0.000E+00 0.000E+00 0.000E+00 0.000E+00 0.000E+00 0.000E+00 0.000E+00 0.000E+00
 0.000E+00 0.000E+00 0.000E+00 0.000E+00 0.000E+00 0.000E+00 0.000E+00 0.000E+00
 0.000E+00 0.000E+00 0.000E+00 0.000E+00 0.000E+00 0.000E+00 0.000E+00 0.000E+00
 0.000E+00 0.000E+00 0.000E+00 0.000E+00 0.000E+00 0.000E+00 1.814E-03 7.402E-03
 1.474E-02 2.261E-02 3.045E-02 3.805E-02 4.532E-02 5.223E-02 5.876E-02 6.492E-02
 7.073E-02 7.626E-02 8.149E-02 8.646E-02 9.566E-02 1.040E-01 1.117E-01 1.188E-01
 1.253E-01 1.313E-01 1.369E-01 1.602E-01 1.778E-01 1.919E-01 2.130E-01 2.284E-01
 2.540E-01 2.700E-01 2.896E-01 3.014E-01 3.094E-01 3.153E-01 3.235E-01 3.289E-01
 3.370E-01 3.415E-01 3.465E-01 3.494E-01 3.512E-01 3.525E-01 3.541E-01 3.552E-01
 3.566E-01 3.575E-01 3.583E-01 3.588E-01 3.591E-01 3.593E-01 3.595E-01 3.597E-01
     4
     5     3     3     9
  1.0000E-03  1.5000E-03  2.0000E-03  3.0000E-03  3.0038E-03
  3.0038E-03  3.0741E-03  3.1461E-03
  3.1461E-03  3.2763E-03  3.4119E-03
  3.4119E-03  4.0000E-03  5.0000E-03  6.0000E-03  8.0000E-03  1.0000E-02
  1.5000E-02  2.0000E-02  2.3220E-02
  1.0530E+06  4.1340E+05  2.0630E+05  7.4910E+04  7.4660E+04
  2.5760E+05  2.4204E+05  2.2760E+05
  3.1460E+05  2.8462E+05  2.5750E+05
  2.9490E+05  1.9910E+05  1.1180E+05  6.9420E+04  3.2200E+04  1.7560E+04
  5.7250E+03  2.5550E+03  1.6740E+03
