    11   22.989771
     1    82
     3
 K 
   1072.1
  1.00000E+03  1.07200E+03  1.07210E+03  1.50000E+03  2.00000E+03  3.00000E+03
  4.00000E+03  5.00000E+03  6.00000E+03  8.00000E+03  1.00000E+04  1.50000E+04
  2.00000E+04  3.00000E+04  4.00000E+04  5.00000E+04  6.00000E+04  8.00000E+04
  1.00000E+05  1.50000E+05  2.00000E+05  3.00000E+05  4.00000E+05  5.00000E+05
  6.00000E+05  8.00000E+05  1.00000E+06  1.02200E+06  1.25000E+06  1.50000E+06
  2.00000E+06  2.04400E+06  3.00000E+06  4.00000E+06  5.00000E+06  6.00000E+06
  7.00000E+06  8.00000E+06  9.00000E+06  1.00000E+07  1.10000E+07  1.20000E+07
  1.30000E+07  1.40000E+07  1.50000E+07  1.60000E+07  1.80000E+07  2.00000E+07
  2.20000E+07  2.40000E+07  2.60000E+07  2.80000E+07  3.00000E+07  4.00000E+07
  5.00000E+07  6.00000E+07  8.00000E+07  1.00000E+08  1.50000E+08  2.00000E+08
  3.00000E+08  4.00000E+08  5.00000E+08  6.00000E+08  8.00000E+08  1.00000E+09
  1.50000E+09  2.00000E+09  3.00000E+09  4.00000E+09  5.00000E+09  6.00000E+09
  8.00000E+09  1.00000E+10  1.50000E+10  2.00000E+10  3.00000E+10  4.00000E+10
  5.00000E+10  6.00000E+10  8.00000E+10  1.00000E+11
 7.326E+01 7.245E+01 7.245E+01 6.775E+01 6.266E+01 5.355E+01 4.524E+01 3.789E+01
 3.171E+01 2.264E+01 1.683E+01 9.430E+00 6.155E+00 3.282E+00 2.033E+00 1.377E+00
 9.925E-01 5.851E-01 3.852E-01 1.772E-01 1.011E-01 4.547E-02 2.568E-02 1.647E-02
 1.145E-02 6.447E-03 4.128E-03 3.952E-03 2.643E-03 1.836E-03 1.033E-03 9.887E-04
 4.590E-04 2.582E-04 1.653E-04 1.148E-04 8.432E-05 6.456E-05 5.101E-05 4.132E-05
 3.415E-05 2.869E-05 2.445E-05 2.108E-05 1.836E-05 1.614E-05 1.275E-05 1.033E-05
 8.536E-06 7.173E-06 6.112E-06 5.270E-06 4.591E-06 2.582E-06 1.653E-06 1.148E-06
 6.455E-07 4.131E-07 1.836E-07 1.033E-07 4.590E-08 2.582E-08 1.652E-08 1.148E-08
 6.455E-09 4.131E-09 1.836E-09 1.033E-09 4.590E-10 2.582E-10 1.652E-10 1.148E-10
 6.455E-11 4.131E-11 1.836E-11 1.033E-11 4.590E-12 2.582E-12 1.652E-12 1.148E-12
 6.455E-13 4.131E-13
 4.848E-01 5.283E-01 5.284E-01 7.613E-01 1.007E+00 1.507E+00 2.017E+00 2.503E+00
 2.946E+00 3.674E+00 4.203E+00 4.963E+00 5.335E+00 5.666E+00 5.761E+00 5.749E+00
 5.685E+00 5.497E+00 5.291E+00 4.819E+00 4.437E+00 3.873E+00 3.476E+00 3.177E+00
 2.940E+00 2.584E+00 2.324E+00 2.299E+00 2.078E+00 1.889E+00 1.612E+00 1.592E+00
 1.269E+00 1.058E+00 9.138E-01 8.077E-01 7.260E-01 6.607E-01 6.073E-01 5.627E-01
 5.249E-01 4.922E-01 4.637E-01 4.387E-01 4.165E-01 3.966E-01 3.625E-01 3.343E-01
 3.105E-01 2.901E-01 2.724E-01 2.570E-01 2.434E-01 1.934E-01 1.614E-01 1.391E-01
 1.097E-01 9.104E-02 6.483E-02 5.083E-02 3.603E-02 2.822E-02 2.336E-02 2.000E-02
 1.562E-02 1.285E-02 8.974E-03 6.946E-03 4.830E-03 3.728E-03 3.048E-03 2.585E-03
 1.991E-03 1.626E-03 1.124E-03 8.638E-04 5.957E-04 4.574E-04 3.724E-04 3.148E-04
 2.414E-04 1.964E-04
 2.490E+04 2.066E+04 2.456E+05 1.219E+05 5.799E+04 1.930E+04 8.586E+03 4.516E+03
 2.649E+03 1.126E+03 5.735E+02 1.648E+02 6.705E+01 1.853E+01 7.358E+00 3.577E+00
 1.980E+00 7.759E-01 3.751E-01 1.007E-01 4.018E-02 1.145E-02 4.933E-03 2.668E-03
 1.664E-03 8.411E-04 5.228E-04 4.914E-04 3.333E-04 2.416E-04 1.513E-04 1.463E-04
 8.400E-05 5.743E-05 4.344E-05 3.486E-05 2.908E-05 2.493E-05 2.181E-05 1.937E-05
 1.743E-05 1.583E-05 1.451E-05 1.338E-05 1.242E-05 1.159E-05 1.021E-05 9.132E-06
 8.257E-06 7.535E-06 6.928E-06 6.412E-06 5.967E-06 4.430E-06 3.523E-06 2.924E-06
 2.182E-06 1.740E-06 1.155E-06 8.646E-07 5.752E-07 4.309E-07 3.445E-07 2.870E-07
 2.151E-07 1.721E-07 1.147E-07 8.597E-08 5.730E-08 4.297E-08 3.438E-08 2.865E-08
 2.148E-08 1.719E-08 1.146E-08 8.593E-09 5.728E-09 4.296E-09 3.437E-09 2.864E-09
 2.148E-09 1.718E-09
 0.000E+00 0.000E+00 0.000E+00 0.000E+00 0.000E+00 0.000E+00 0.000E+00 0.000E+00
 0.000E+00 0.000E+00 0.000E+00 0.000E+00 0.000E+00 0.000E+00 0.000E+00 0.000E+00
 0.000E+00 0.000E+00 0.000E+00 0.000E+00 0.000E+00 0.000E+00 0.000E+00 0.000E+00
 0.000E+00 0.000E+00 0.000E+00 0.000E+00 9.869E-04 5.425E-03 2.153E-02 2.321E-02
 6.139E-02 9.942E-02 1.333E-01 1.636E-01 1.906E-01 2.150E-01 2.370E-01 2.571E-01
 2.753E-01 2.920E-01 3.075E-01 3.219E-01 3.354E-01 3.480E-01 3.712E-01 3.920E-01
 4.108E-01 4.279E-01 4.435E-01 4.580E-01 4.714E-01 5.264E-01 5.679E-01 6.008E-01
 6.502E-01 6.858E-01 7.434E-01 7.784E-01 8.195E-01 8.434E-01 8.592E-01 8.705E-01
 8.857E-01 8.956E-01 9.099E-01 9.178E-01 9.263E-01 9.309E-01 9.338E-01 9.358E-01
 9.384E-01 9.400E-01 9.424E-01 9.436E-01 9.449E-01 9.456E-01 9.460E-01 9.463E-01
 9.467E-01 9.469E-01
 0.000E+00 0.000E+00 0.000E+00 0.000E+00 0.000E+00 0.000E+00 0.000E+00 0.000E+00
 0.000E+00 0.000E+00 0.000E+00 0.000E+00 0.000E+00 0.000E+00 0.000E+00 0.000E+00
 0.000E+00 0.000E+00 0.000E+00 0.000E+00 0.000E+00 0.000E+00 0.000E+00 0.000E+00
 0.000E+00 0.000E+00 0.000E+00 0.000E+00 0.000E+00 0.000E+00 0.000E+00 0.000E+00
 4.438E-04 1.812E-03 3.611E-03 5.546E-03 7.477E-03 9.353E-03 1.115E-02 1.286E-02
 1.449E-02 1.603E-02 1.748E-02 1.886E-02 2.018E-02 2.143E-02 2.376E-02 2.589E-02
 2.785E-02 2.966E-02 3.135E-02 3.291E-02 3.438E-02 4.053E-02 4.530E-02 4.915E-02
 5.509E-02 5.952E-02 6.703E-02 7.186E-02 7.790E-02 8.160E-02 8.416E-02 8.605E-02
 8.870E-02 9.048E-02 9.317E-02 9.472E-02 9.643E-02 9.744E-02 9.807E-02 9.851E-02
 9.910E-02 9.947E-02 9.999E-02 1.003E-01 1.006E-01 1.008E-01 1.009E-01 1.009E-01
 1.010E-01 1.011E-01
     1
     3
  1.0000E-03  1.0354E-03  1.0721E-03
  2.4900E+04  2.2672E+04  2.0660E+04
