    32   72.589996
     4    88
    17     7     5     3
 K  L1 L2 L3
  11103.1   1414.3   1247.8   1216.7
  1.00000E+03  1.21660E+03  1.21670E+03  1.24770E+03  1.24780E+03  1.41420E+03
  1.41430E+03  1.50000E+03  2.00000E+03  3.00000E+03  4.00000E+03  5.00000E+03
  6.00000E+03  8.00000E+03  1.00000E+04  1.11030E+04  1.11031E+04  1.50000E+04
  2.00000E+04  3.00000E+04  4.00000E+04  5.00000E+04  6.00000E+04  8.00000E+04
  1.00000E+05  1.50000E+05  2.00000E+05  3.00000E+05  4.00000E+05  5.00000E+05
  6.00000E+05  8.00000E+05  1.00000E+06  1.02200E+06  1.25000E+06  1.50000E+06
  2.00000E+06  2.04400E+06  3.00000E+06  4.00000E+06  5.00000E+06  6.00000E+06
  7.00000E+06  8.00000E+06  9.00000E+06  1.00000E+07  1.10000E+07  1.20000E+07
  1.30000E+07  1.40000E+07  1.50000E+07  1.60000E+07  1.80000E+07  2.00000E+07
  2.20000E+07  2.40000E+07  2.60000E+07  2.80000E+07  3.00000E+07  4.00000E+07
  5.00000E+07  6.00000E+07  8.00000E+07  1.00000E+08  1.50000E+08  2.00000E+08
  3.00000E+08  4.00000E+08  5.00000E+08  6.00000E+08  8.00000E+08  1.00000E+09
  1.50000E+09  2.00000E+09  3.00000E+09  4.00000E+09  5.00000E+09  6.00000E+09
  8.00000E+09  1.00000E+10  1.50000E+10  2.00000E+10  3.00000E+10  4.00000E+10
  5.00000E+10  6.00000E+10  8.00000E+10  1.00000E+11
 6.437E+02 6.281E+02 6.281E+02 6.258E+02 6.258E+02 6.139E+02 6.139E+02 6.072E+02
 5.682E+02 4.948E+02 4.313E+02 3.765E+02 3.288E+02 2.522E+02 1.972E+02 1.743E+02
 1.743E+02 1.191E+02 8.159E+01 4.586E+01 2.907E+01 2.006E+01 1.475E+01 9.004E+00
 6.083E+00 2.903E+00 1.688E+00 7.756E-01 4.431E-01 2.860E-01 1.996E-01 1.129E-01
 7.242E-02 6.935E-02 4.643E-02 3.227E-02 1.817E-02 1.740E-02 8.080E-03 4.546E-03
 2.910E-03 2.021E-03 1.485E-03 1.137E-03 8.982E-04 7.276E-04 6.013E-04 5.053E-04
 4.305E-04 3.712E-04 3.234E-04 2.842E-04 2.246E-04 1.819E-04 1.503E-04 1.263E-04
 1.076E-04 9.281E-05 8.085E-05 4.548E-05 2.910E-05 2.021E-05 1.137E-05 7.276E-06
 3.234E-06 1.819E-06 8.084E-07 4.547E-07 2.910E-07 2.021E-07 1.137E-07 7.276E-08
 3.234E-08 1.819E-08 8.084E-09 4.547E-09 2.910E-09 2.021E-09 1.137E-09 7.276E-10
 3.234E-10 1.819E-10 8.084E-11 4.547E-11 2.910E-11 2.021E-11 1.137E-11 7.276E-12
 7.458E-01 1.016E+00 1.016E+00 1.056E+00 1.056E+00 1.271E+00 1.271E+00 1.381E+00
 2.008E+00 3.138E+00 4.126E+00 5.025E+00 5.856E+00 7.328E+00 8.579E+00 9.180E+00
 9.180E+00 1.091E+01 1.238E+01 1.400E+01 1.475E+01 1.505E+01 1.512E+01 1.494E+01
 1.459E+01 1.357E+01 1.263E+01 1.113E+01 1.003E+01 9.188E+00 8.516E+00 7.497E+00
 6.747E+00 6.676E+00 6.038E+00 5.490E+00 4.687E+00 4.629E+00 3.689E+00 3.077E+00
 2.658E+00 2.349E+00 2.112E+00 1.922E+00 1.767E+00 1.637E+00 1.527E+00 1.432E+00
 1.349E+00 1.276E+00 1.212E+00 1.154E+00 1.054E+00 9.724E-01 9.032E-01 8.440E-01
 7.925E-01 7.476E-01 7.079E-01 5.626E-01 4.696E-01 4.046E-01 3.191E-01 2.648E-01
 1.886E-01 1.479E-01 1.048E-01 8.209E-02 6.795E-02 5.818E-02 4.544E-02 3.738E-02
 2.611E-02 2.021E-02 1.405E-02 1.084E-02 8.867E-03 7.519E-03 5.793E-03 4.730E-03
 3.269E-03 2.513E-03 1.733E-03 1.331E-03 1.083E-03 9.159E-04 7.023E-04 5.714E-04
 2.275E+05 1.429E+05 5.252E+05 5.988E+05 8.018E+05 6.690E+05 7.574E+05 6.595E+05
 3.263E+05 1.154E+05 5.379E+04 2.943E+04 1.786E+04 8.048E+03 4.306E+03 3.206E+03
 2.371E+04 1.090E+04 4.996E+03 1.610E+03 7.045E+02 3.670E+02 2.140E+02 9.061E+01
 4.624E+01 1.356E+01 5.706E+00 1.733E+00 7.731E-01 4.270E-01 2.699E-01 1.379E-01
 8.585E-02 8.158E-02 5.512E-02 3.968E-02 2.437E-02 2.353E-02 1.314E-02 8.813E-03
 6.576E-03 5.225E-03 4.325E-03 3.685E-03 3.208E-03 2.839E-03 2.545E-03 2.306E-03
 2.107E-03 1.940E-03 1.797E-03 1.674E-03 1.471E-03 1.312E-03 1.184E-03 1.079E-03
 9.909E-04 9.160E-04 8.516E-04 6.300E-04 4.998E-04 4.142E-04 3.085E-04 2.457E-04
 1.629E-04 1.218E-04 8.098E-05 6.065E-05 4.848E-05 4.037E-05 3.026E-05 2.420E-05
 1.612E-05 1.209E-05 8.056E-06 6.041E-06 4.833E-06 4.027E-06 3.020E-06 2.416E-06
 1.611E-06 1.208E-06 8.052E-07 6.039E-07 4.831E-07 4.026E-07 3.019E-07 2.416E-07
 0.000E+00 0.000E+00 0.000E+00 0.000E+00 0.000E+00 0.000E+00 0.000E+00 0.000E+00
 0.000E+00 0.000E+00 0.000E+00 0.000E+00 0.000E+00 0.000E+00 0.000E+00 0.000E+00
 0.000E+00 0.000E+00 0.000E+00 0.000E+00 0.000E+00 0.000E+00 0.000E+00 0.000E+00
 0.000E+00 0.000E+00 0.000E+00 0.000E+00 0.000E+00 0.000E+00 0.000E+00 0.000E+00
 0.000E+00 0.000E+00 1.073E-02 5.320E-02 1.971E-01 2.116E-01 5.378E-01 8.526E-01
 1.130E+00 1.374E+00 1.592E+00 1.788E+00 1.966E+00 2.127E+00 2.274E+00 2.408E+00
 2.533E+00 2.648E+00 2.755E+00 2.856E+00 3.040E+00 3.205E+00 3.354E+00 3.490E+00
 3.614E+00 3.728E+00 3.833E+00 4.262E+00 4.581E+00 4.831E+00 5.201E+00 5.464E+00
 5.883E+00 6.134E+00 6.425E+00 6.592E+00 6.703E+00 6.781E+00 6.886E+00 6.954E+00
 7.052E+00 7.106E+00 7.164E+00 7.195E+00 7.215E+00 7.228E+00 7.246E+00 7.257E+00
 7.273E+00 7.281E+00 7.290E+00 7.295E+00 7.297E+00 7.299E+00 7.302E+00 7.303E+00
 0.000E+00 0.000E+00 0.000E+00 0.000E+00 0.000E+00 0.000E+00 0.000E+00 0.000E+00
 0.000E+00 0.000E+00 0.000E+00 0.000E+00 0.000E+00 0.000E+00 0.000E+00 0.000E+00
 0.000E+00 0.000E+00 0.000E+00 0.000E+00 0.000E+00 0.000E+00 0.000E+00 0.000E+00
 0.000E+00 0.000E+00 0.000E+00 0.000E+00 0.000E+00 0.000E+00 0.000E+00 0.000E+00
 0.000E+00 0.000E+00 0.000E+00 0.000E+00 0.000E+00 0.000E+00 1.291E-03 5.269E-03
 1.049E-02 1.611E-02 2.170E-02 2.713E-02 3.232E-02 3.726E-02 4.194E-02 4.636E-02
 5.052E-02 5.449E-02 5.825E-02 6.182E-02 6.846E-02 7.450E-02 8.004E-02 8.515E-02
 8.987E-02 9.425E-02 9.834E-02 1.153E-01 1.283E-01 1.386E-01 1.542E-01 1.656E-01
 1.846E-01 1.966E-01 2.113E-01 2.201E-01 2.262E-01 2.307E-01 2.368E-01 2.409E-01
 2.470E-01 2.505E-01 2.543E-01 2.565E-01 2.579E-01 2.589E-01 2.601E-01 2.609E-01
 2.620E-01 2.627E-01 2.633E-01 2.637E-01 2.639E-01 2.641E-01 2.642E-01 2.643E-01
     4
     3     3     3    10
  1.0000E-03  1.1030E-03  1.2167E-03
  1.2167E-03  1.2322E-03  1.2478E-03
  1.2478E-03  1.3284E-03  1.4143E-03
  1.4143E-03  1.5000E-03  2.0000E-03  3.0000E-03  4.0000E-03  5.0000E-03
  6.0000E-03  8.0000E-03  1.0000E-02  1.1103E-02
  2.2750E+05  1.8030E+05  1.4290E+05
  5.2520E+05  5.6085E+05  5.9880E+05
  8.0180E+05  7.3235E+05  6.6900E+05
  7.5740E+05  6.5950E+05  3.2630E+05  1.1540E+05  5.3790E+04  2.9430E+04
  1.7860E+04  8.0480E+03  4.3060E+03  3.2060E+03
