    29   63.546001
     2    84
    12     3
 K  L1
   8978.9   1096.1
  1.00000E+03  1.09600E+03  1.09610E+03  1.50000E+03  2.00000E+03  3.00000E+03
  4.00000E+03  5.00000E+03  6.00000E+03  8.00000E+03  8.97880E+03  8.97890E+03
  1.00000E+04  1.50000E+04  2.00000E+04  3.00000E+04  4.00000E+04  5.00000E+04
  6.00000E+04  8.00000E+04  1.00000E+05  1.50000E+05  2.00000E+05  3.00000E+05
  4.00000E+05  5.00000E+05  6.00000E+05  8.00000E+05  1.00000E+06  1.02200E+06
  1.25000E+06  1.50000E+06  2.00000E+06  2.04400E+06  3.00000E+06  4.00000E+06
  5.00000E+06  6.00000E+06  7.00000E+06  8.00000E+06  9.00000E+06  1.00000E+07
  1.10000E+07  1.20000E+07  1.30000E+07  1.40000E+07  1.50000E+07  1.60000E+07
  1.80000E+07  2.00000E+07  2.20000E+07  2.40000E+07  2.60000E+07  2.80000E+07
  3.00000E+07  4.00000E+07  5.00000E+07  6.00000E+07  8.00000E+07  1.00000E+08
  1.50000E+08  2.00000E+08  3.00000E+08  4.00000E+08  5.00000E+08  6.00000E+08
  8.00000E+08  1.00000E+09  1.50000E+09  2.00000E+09  3.00000E+09  4.00000E+09
  5.00000E+09  6.00000E+09  8.00000E+09  1.00000E+10  1.50000E+10  2.00000E+10
  3.00000E+10  4.00000E+10  5.00000E+10  6.00000E+10  8.00000E+10  1.00000E+11
 5.333E+02 5.285E+02 5.285E+02 5.071E+02 4.775E+02 4.164E+02 3.587E+02 3.075E+02
 2.638E+02 1.975E+02 1.737E+02 1.737E+02 1.530E+02 9.283E+01 6.394E+01 3.555E+01
 2.241E+01 1.548E+01 1.139E+01 6.959E+00 4.691E+00 2.228E+00 1.294E+00 5.931E-01
 3.384E-01 2.182E-01 1.522E-01 8.602E-02 5.517E-02 5.283E-02 3.536E-02 2.458E-02
 1.384E-02 1.325E-02 6.152E-03 3.461E-03 2.216E-03 1.539E-03 1.130E-03 8.655E-04
 6.839E-04 5.539E-04 4.578E-04 3.847E-04 3.278E-04 2.826E-04 2.462E-04 2.164E-04
 1.710E-04 1.385E-04 1.145E-04 9.617E-05 8.195E-05 7.066E-05 6.155E-05 3.462E-05
 2.216E-05 1.539E-05 8.655E-06 5.539E-06 2.462E-06 1.385E-06 6.155E-07 3.462E-07
 2.216E-07 1.539E-07 8.655E-08 5.539E-08 2.462E-08 1.385E-08 6.155E-09 3.462E-09
 2.216E-09 1.539E-09 8.655E-10 5.539E-10 2.462E-10 1.385E-10 6.155E-11 3.462E-11
 2.216E-11 1.539E-11 8.655E-12 5.539E-12
 6.241E-01 7.215E-01 7.216E-01 1.146E+00 1.679E+00 2.730E+00 3.722E+00 4.633E+00
 5.467E+00 6.932E+00 7.557E+00 7.557E+00 8.152E+00 1.030E+01 1.159E+01 1.299E+01
 1.360E+01 1.383E+01 1.386E+01 1.366E+01 1.332E+01 1.236E+01 1.148E+01 1.011E+01
 9.102E+00 8.335E+00 7.723E+00 6.797E+00 6.117E+00 6.052E+00 5.473E+00 4.976E+00
 4.248E+00 4.196E+00 3.343E+00 2.789E+00 2.409E+00 2.129E+00 1.914E+00 1.742E+00
 1.601E+00 1.483E+00 1.384E+00 1.298E+00 1.222E+00 1.157E+00 1.098E+00 1.046E+00
 9.557E-01 8.813E-01 8.185E-01 7.649E-01 7.183E-01 6.775E-01 6.416E-01 5.098E-01
 4.256E-01 3.667E-01 2.892E-01 2.400E-01 1.709E-01 1.340E-01 9.499E-02 7.439E-02
 6.158E-02 5.273E-02 4.118E-02 3.388E-02 2.366E-02 1.831E-02 1.273E-02 9.828E-03
 8.036E-03 6.814E-03 5.250E-03 4.286E-03 2.962E-03 2.277E-03 1.571E-03 1.206E-03
 9.819E-04 8.300E-04 6.364E-04 5.178E-04
 1.115E+06 8.695E+05 9.856E+05 4.657E+05 2.268E+05 7.860E+04 3.629E+04 1.973E+04
 1.193E+04 5.341E+03 3.859E+03 2.919E+04 2.263E+04 7.711E+03 3.491E+03 1.103E+03
 4.770E+02 2.464E+02 1.428E+02 5.989E+01 3.037E+01 8.806E+00 3.680E+00 1.109E+00
 4.921E-01 2.710E-01 1.710E-01 8.721E-02 5.427E-02 5.155E-02 3.485E-02 2.511E-02
 1.545E-02 1.492E-02 8.359E-03 5.618E-03 4.198E-03 3.340E-03 2.767E-03 2.360E-03
 2.055E-03 1.820E-03 1.632E-03 1.479E-03 1.352E-03 1.245E-03 1.154E-03 1.075E-03
 9.451E-04 8.433E-04 7.612E-04 6.936E-04 6.371E-04 5.890E-04 5.477E-04 4.053E-04
 3.216E-04 2.666E-04 1.986E-04 1.582E-04 1.049E-04 7.847E-05 5.217E-05 3.907E-05
 3.123E-05 2.601E-05 1.950E-05 1.559E-05 1.039E-05 7.788E-06 5.191E-06 3.893E-06
 3.114E-06 2.595E-06 1.946E-06 1.557E-06 1.038E-06 7.783E-07 5.188E-07 3.891E-07
 3.113E-07 2.594E-07 1.946E-07 1.556E-07
 0.000E+00 0.000E+00 0.000E+00 0.000E+00 0.000E+00 0.000E+00 0.000E+00 0.000E+00
 0.000E+00 0.000E+00 0.000E+00 0.000E+00 0.000E+00 0.000E+00 0.000E+00 0.000E+00
 0.000E+00 0.000E+00 0.000E+00 0.000E+00 0.000E+00 0.000E+00 0.000E+00 0.000E+00
 0.000E+00 0.000E+00 0.000E+00 0.000E+00 0.000E+00 0.000E+00 8.463E-03 4.246E-02
 1.594E-01 1.713E-01 4.388E-01 6.983E-01 9.272E-01 1.131E+00 1.312E+00 1.474E+00
 1.621E+00 1.755E+00 1.875E+00 1.986E+00 2.089E+00 2.185E+00 2.274E+00 2.357E+00
 2.510E+00 2.646E+00 2.770E+00 2.882E+00 2.985E+00 3.079E+00 3.166E+00 3.521E+00
 3.787E+00 3.995E+00 4.304E+00 4.525E+00 4.876E+00 5.087E+00 5.332E+00 5.473E+00
 5.566E+00 5.632E+00 5.720E+00 5.778E+00 5.860E+00 5.905E+00 5.954E+00 5.980E+00
 5.996E+00 6.008E+00 6.023E+00 6.032E+00 6.045E+00 6.052E+00 6.060E+00 6.064E+00
 6.066E+00 6.067E+00 6.070E+00 6.071E+00
 0.000E+00 0.000E+00 0.000E+00 0.000E+00 0.000E+00 0.000E+00 0.000E+00 0.000E+00
 0.000E+00 0.000E+00 0.000E+00 0.000E+00 0.000E+00 0.000E+00 0.000E+00 0.000E+00
 0.000E+00 0.000E+00 0.000E+00 0.000E+00 0.000E+00 0.000E+00 0.000E+00 0.000E+00
 0.000E+00 0.000E+00 0.000E+00 0.000E+00 0.000E+00 0.000E+00 0.000E+00 0.000E+00
 0.000E+00 0.000E+00 1.170E-03 4.776E-03 9.512E-03 1.460E-02 1.968E-02 2.460E-02
 2.931E-02 3.379E-02 3.804E-02 4.205E-02 4.583E-02 4.943E-02 5.285E-02 5.610E-02
 6.212E-02 6.762E-02 7.266E-02 7.731E-02 8.161E-02 8.560E-02 8.932E-02 1.048E-01
 1.167E-01 1.261E-01 1.405E-01 1.510E-01 1.685E-01 1.796E-01 1.932E-01 2.013E-01
 2.069E-01 2.110E-01 2.166E-01 2.204E-01 2.259E-01 2.291E-01 2.325E-01 2.346E-01
 2.358E-01 2.367E-01 2.378E-01 2.386E-01 2.396E-01 2.401E-01 2.407E-01 2.410E-01
 2.413E-01 2.414E-01 2.415E-01 2.417E-01
     2
     3     9
  1.0000E-03  1.0469E-03  1.0961E-03
  1.0961E-03  1.5000E-03  2.0000E-03  3.0000E-03  4.0000E-03  5.0000E-03
  6.0000E-03  8.0000E-03  8.9789E-03
  1.1150E+06  9.8437E+05  8.6950E+05
  9.8560E+05  4.6570E+05  2.2680E+05  7.8600E+04  3.6290E+04  1.9730E+04
  1.1930E+04  5.3410E+03  3.8590E+03
