    39   88.905899
     4    88
    18     9     7     5
 K  L1 L2 L3
  17038.4   2372.5   2155.5   2080.0
  1.00000E+03  1.50000E+03  2.00000E+03  2.07990E+03  2.08000E+03  2.15540E+03
  2.15550E+03  2.37240E+03  2.37250E+03  3.00000E+03  4.00000E+03  5.00000E+03
  6.00000E+03  8.00000E+03  1.00000E+04  1.50000E+04  1.70383E+04  1.70384E+04
  2.00000E+04  3.00000E+04  4.00000E+04  5.00000E+04  6.00000E+04  8.00000E+04
  1.00000E+05  1.50000E+05  2.00000E+05  3.00000E+05  4.00000E+05  5.00000E+05
  6.00000E+05  8.00000E+05  1.00000E+06  1.02200E+06  1.25000E+06  1.50000E+06
  2.00000E+06  2.04400E+06  3.00000E+06  4.00000E+06  5.00000E+06  6.00000E+06
  7.00000E+06  8.00000E+06  9.00000E+06  1.00000E+07  1.10000E+07  1.20000E+07
  1.30000E+07  1.40000E+07  1.50000E+07  1.60000E+07  1.80000E+07  2.00000E+07
  2.20000E+07  2.40000E+07  2.60000E+07  2.80000E+07  3.00000E+07  4.00000E+07
  5.00000E+07  6.00000E+07  8.00000E+07  1.00000E+08  1.50000E+08  2.00000E+08
  3.00000E+08  4.00000E+08  5.00000E+08  6.00000E+08  8.00000E+08  1.00000E+09
  1.50000E+09  2.00000E+09  3.00000E+09  4.00000E+09  5.00000E+09  6.00000E+09
  8.00000E+09  1.00000E+10  1.50000E+10  2.00000E+10  3.00000E+10  4.00000E+10
  5.00000E+10  6.00000E+10  8.00000E+10  1.00000E+11
 9.397E+02 8.789E+02 8.193E+02 8.100E+02 8.100E+02 8.013E+02 8.013E+02 7.769E+02
 7.769E+02 7.120E+02 6.196E+02 5.422E+02 4.784E+02 3.809E+02 3.090E+02 1.931E+02
 1.637E+02 1.636E+02 1.314E+02 7.437E+01 4.814E+01 3.349E+01 2.462E+01 1.501E+01
 1.016E+01 4.899E+00 2.866E+00 1.322E+00 7.576E-01 4.899E-01 3.424E-01 1.939E-01
 1.245E-01 1.193E-01 7.989E-02 5.554E-02 3.128E-02 2.995E-02 1.392E-02 7.831E-03
 5.013E-03 3.481E-03 2.558E-03 1.958E-03 1.547E-03 1.253E-03 1.036E-03 8.704E-04
 7.417E-04 6.395E-04 5.571E-04 4.896E-04 3.869E-04 3.134E-04 2.590E-04 2.176E-04
 1.854E-04 1.599E-04 1.393E-04 7.834E-05 5.014E-05 3.482E-05 1.958E-05 1.253E-05
 5.571E-06 3.133E-06 1.393E-06 7.834E-07 5.014E-07 3.482E-07 1.958E-07 1.253E-07
 5.571E-08 3.133E-08 1.393E-08 7.834E-09 5.014E-09 3.482E-09 1.958E-09 1.253E-09
 5.571E-10 3.133E-10 1.393E-10 7.834E-11 5.014E-11 3.482E-11 1.958E-11 1.253E-11
 1.240E+00 2.008E+00 2.700E+00 2.808E+00 2.808E+00 2.909E+00 2.909E+00 3.196E+00
 3.196E+00 3.993E+00 5.171E+00 6.245E+00 7.211E+00 8.829E+00 1.013E+01 1.261E+01
 1.338E+01 1.338E+01 1.432E+01 1.634E+01 1.734E+01 1.781E+01 1.799E+01 1.788E+01
 1.752E+01 1.637E+01 1.527E+01 1.350E+01 1.219E+01 1.117E+01 1.036E+01 9.127E+00
 8.217E+00 8.131E+00 7.354E+00 6.688E+00 5.711E+00 5.640E+00 4.495E+00 3.750E+00
 3.239E+00 2.863E+00 2.573E+00 2.342E+00 2.153E+00 1.995E+00 1.861E+00 1.745E+00
 1.644E+00 1.555E+00 1.477E+00 1.406E+00 1.285E+00 1.185E+00 1.101E+00 1.029E+00
 9.659E-01 9.112E-01 8.628E-01 6.856E-01 5.723E-01 4.931E-01 3.889E-01 3.228E-01
 2.299E-01 1.802E-01 1.277E-01 1.000E-01 8.282E-02 7.091E-02 5.538E-02 4.556E-02
 3.182E-02 2.463E-02 1.712E-02 1.322E-02 1.081E-02 9.164E-03 7.060E-03 5.764E-03
 3.984E-03 3.063E-03 2.112E-03 1.622E-03 1.320E-03 1.116E-03 8.559E-04 6.963E-04
 5.695E+05 2.196E+05 1.087E+05 9.867E+04 3.868E+05 3.449E+05 4.809E+05 3.828E+05
 4.364E+05 2.435E+05 1.165E+05 6.477E+04 3.975E+04 1.818E+04 9.825E+03 3.158E+03
 2.202E+03 1.501E+04 9.975E+03 3.350E+03 1.506E+03 7.996E+02 4.730E+02 2.044E+02
 1.059E+02 3.181E+01 1.359E+01 4.206E+00 1.897E+00 1.055E+00 6.697E-01 3.437E-01
 2.142E-01 2.037E-01 1.375E-01 9.878E-02 6.044E-02 5.834E-02 3.239E-02 2.162E-02
 1.607E-02 1.274E-02 1.052E-02 8.954E-03 7.785E-03 6.882E-03 6.164E-03 5.580E-03
 5.096E-03 4.689E-03 4.341E-03 4.041E-03 3.550E-03 3.165E-03 2.854E-03 2.599E-03
 2.386E-03 2.205E-03 2.049E-03 1.514E-03 1.201E-03 9.947E-04 7.404E-04 5.896E-04
 3.907E-04 2.921E-04 1.941E-04 1.454E-04 1.162E-04 9.677E-05 7.252E-05 5.799E-05
 3.864E-05 2.897E-05 1.931E-05 1.448E-05 1.158E-05 9.650E-06 7.237E-06 5.790E-06
 3.859E-06 2.895E-06 1.930E-06 1.447E-06 1.158E-06 9.648E-07 7.236E-07 5.789E-07
 0.000E+00 0.000E+00 0.000E+00 0.000E+00 0.000E+00 0.000E+00 0.000E+00 0.000E+00
 0.000E+00 0.000E+00 0.000E+00 0.000E+00 0.000E+00 0.000E+00 0.000E+00 0.000E+00
 0.000E+00 0.000E+00 0.000E+00 0.000E+00 0.000E+00 0.000E+00 0.000E+00 0.000E+00
 0.000E+00 0.000E+00 0.000E+00 0.000E+00 0.000E+00 0.000E+00 0.000E+00 0.000E+00
 0.000E+00 0.000E+00 1.762E-02 8.484E-02 3.049E-01 3.268E-01 8.128E-01 1.275E+00
 1.680E+00 2.033E+00 2.348E+00 2.632E+00 2.890E+00 3.125E+00 3.341E+00 3.538E+00
 3.720E+00 3.887E+00 4.043E+00 4.189E+00 4.457E+00 4.698E+00 4.916E+00 5.114E+00
 5.295E+00 5.460E+00 5.613E+00 6.234E+00 6.694E+00 7.053E+00 7.583E+00 7.959E+00
 8.558E+00 8.916E+00 9.333E+00 9.574E+00 9.732E+00 9.845E+00 9.996E+00 1.009E+01
 1.023E+01 1.031E+01 1.040E+01 1.044E+01 1.047E+01 1.049E+01 1.051E+01 1.053E+01
 1.055E+01 1.056E+01 1.058E+01 1.058E+01 1.059E+01 1.059E+01 1.059E+01 1.060E+01
 0.000E+00 0.000E+00 0.000E+00 0.000E+00 0.000E+00 0.000E+00 0.000E+00 0.000E+00
 0.000E+00 0.000E+00 0.000E+00 0.000E+00 0.000E+00 0.000E+00 0.000E+00 0.000E+00
 0.000E+00 0.000E+00 0.000E+00 0.000E+00 0.000E+00 0.000E+00 0.000E+00 0.000E+00
 0.000E+00 0.000E+00 0.000E+00 0.000E+00 0.000E+00 0.000E+00 0.000E+00 0.000E+00
 0.000E+00 0.000E+00 0.000E+00 0.000E+00 0.000E+00 0.000E+00 1.573E-03 6.418E-03
 1.278E-02 1.961E-02 2.642E-02 3.302E-02 3.933E-02 4.533E-02 5.101E-02 5.637E-02
 6.143E-02 6.624E-02 7.079E-02 7.512E-02 8.315E-02 9.046E-02 9.715E-02 1.033E-01
 1.090E-01 1.143E-01 1.192E-01 1.396E-01 1.551E-01 1.674E-01 1.860E-01 1.996E-01
 2.222E-01 2.364E-01 2.540E-01 2.646E-01 2.719E-01 2.773E-01 2.848E-01 2.898E-01
 2.973E-01 3.016E-01 3.064E-01 3.092E-01 3.109E-01 3.121E-01 3.137E-01 3.148E-01
 3.162E-01 3.170E-01 3.178E-01 3.183E-01 3.186E-01 3.188E-01 3.190E-01 3.192E-01
     4
     4     3     3     9
  1.0000E-03  1.5000E-03  2.0000E-03  2.0800E-03
  2.0800E-03  2.1174E-03  2.1555E-03
  2.1555E-03  2.2614E-03  2.3725E-03
  2.3725E-03  3.0000E-03  4.0000E-03  5.0000E-03  6.0000E-03  8.0000E-03
  1.0000E-02  1.5000E-02  1.7038E-02
  5.6950E+05  2.1960E+05  1.0870E+05  9.8670E+04
  3.8680E+05  3.6526E+05  3.4490E+05
  4.8090E+05  4.2887E+05  3.8280E+05
  4.3640E+05  2.4350E+05  1.1650E+05  6.4770E+04  3.9750E+04  1.8180E+04
  9.8250E+03  3.1580E+03  2.2020E+03
