    83  208.980392
     9    98
    34    26    24    21    14    12    10     7     5
 K  L1 L2 L3 M1 M2 M3 M4 M5
  90525.9  16387.5  15711.1  13418.6   3999.1   3696.3   3176.9   2687.6
   2579.6
  1.00000E+03  1.50000E+03  2.00000E+03  2.57950E+03  2.57960E+03  2.68750E+03
  2.68760E+03  3.00000E+03  3.17680E+03  3.17690E+03  3.69620E+03  3.69630E+03
  3.99900E+03  3.99910E+03  4.00000E+03  5.00000E+03  6.00000E+03  8.00000E+03
  1.00000E+04  1.34185E+04  1.34186E+04  1.50000E+04  1.57110E+04  1.57111E+04
  1.63874E+04  1.63875E+04  2.00000E+04  3.00000E+04  4.00000E+04  5.00000E+04
  6.00000E+04  8.00000E+04  9.05258E+04  9.05259E+04  1.00000E+05  1.50000E+05
  2.00000E+05  3.00000E+05  4.00000E+05  5.00000E+05  6.00000E+05  8.00000E+05
  1.00000E+06  1.02200E+06  1.25000E+06  1.50000E+06  2.00000E+06  2.04400E+06
  3.00000E+06  4.00000E+06  5.00000E+06  6.00000E+06  7.00000E+06  8.00000E+06
  9.00000E+06  1.00000E+07  1.10000E+07  1.20000E+07  1.30000E+07  1.40000E+07
  1.50000E+07  1.60000E+07  1.80000E+07  2.00000E+07  2.20000E+07  2.40000E+07
  2.60000E+07  2.80000E+07  3.00000E+07  4.00000E+07  5.00000E+07  6.00000E+07
  8.00000E+07  1.00000E+08  1.50000E+08  2.00000E+08  3.00000E+08  4.00000E+08
  5.00000E+08  6.00000E+08  8.00000E+08  1.00000E+09  1.50000E+09  2.00000E+09
  3.00000E+09  4.00000E+09  5.00000E+09  6.00000E+09  8.00000E+09  1.00000E+10
  1.50000E+10  2.00000E+10  3.00000E+10  4.00000E+10  5.00000E+10  6.00000E+10
  8.00000E+10  1.00000E+11
 4.406E+03 4.224E+03 4.020E+03 3.780E+03 3.780E+03 3.735E+03 3.735E+03 3.606E+03
 3.537E+03 3.537E+03 3.338E+03 3.337E+03 3.226E+03 3.226E+03 3.226E+03 2.888E+03
 2.593E+03 2.116E+03 1.758E+03 1.321E+03 1.321E+03 1.170E+03 1.111E+03 1.111E+03
 1.058E+03 1.058E+03 8.288E+02 4.880E+02 3.264E+02 2.325E+02 1.741E+02 1.094E+02
 8.924E+01 8.924E+01 7.562E+01 3.734E+01 2.228E+01 1.064E+01 6.224E+00 4.077E+00
 2.875E+00 1.649E+00 1.067E+00 1.023E+00 6.891E-01 4.812E-01 2.723E-01 2.608E-01
 1.217E-01 6.856E-02 4.392E-02 3.052E-02 2.243E-02 1.717E-02 1.357E-02 1.099E-02
 9.087E-03 7.636E-03 6.507E-03 5.611E-03 4.888E-03 4.296E-03 3.394E-03 2.750E-03
 2.272E-03 1.909E-03 1.627E-03 1.403E-03 1.222E-03 6.874E-04 4.400E-04 3.055E-04
 1.719E-04 1.100E-04 4.888E-05 2.750E-05 1.222E-05 6.874E-06 4.400E-06 3.055E-06
 1.719E-06 1.100E-06 4.888E-07 2.750E-07 1.222E-07 6.874E-08 4.400E-08 3.055E-08
 1.719E-08 1.100E-08 4.888E-09 2.750E-09 1.222E-09 6.874E-10 4.400E-10 3.055E-10
 1.719E-10 1.100E-10
 1.214E+00 2.252E+00 3.313E+00 4.506E+00 4.506E+00 4.722E+00 4.722E+00 5.335E+00
 5.668E+00 5.668E+00 6.618E+00 6.618E+00 7.152E+00 7.152E+00 7.154E+00 8.818E+00
 1.038E+01 1.326E+01 1.579E+01 1.925E+01 1.925E+01 2.059E+01 2.114E+01 2.114E+01
 2.164E+01 2.164E+01 2.397E+01 2.856E+01 3.132E+01 3.292E+01 3.382E+01 3.449E+01
 3.450E+01 3.450E+01 3.440E+01 3.299E+01 3.120E+01 2.797E+01 2.544E+01 2.344E+01
 2.181E+01 1.928E+01 1.739E+01 1.721E+01 1.559E+01 1.419E+01 1.213E+01 1.198E+01
 9.555E+00 7.975E+00 6.889E+00 6.090E+00 5.475E+00 4.983E+00 4.581E+00 4.244E+00
 3.959E+00 3.713E+00 3.498E+00 3.309E+00 3.142E+00 2.992E+00 2.735E+00 2.522E+00
 2.343E+00 2.189E+00 2.056E+00 1.939E+00 1.836E+00 1.459E+00 1.218E+00 1.049E+00
 8.276E-01 6.869E-01 4.892E-01 3.836E-01 2.719E-01 2.129E-01 1.762E-01 1.509E-01
 1.179E-01 9.696E-02 6.772E-02 5.241E-02 3.644E-02 2.813E-02 2.300E-02 1.950E-02
 1.503E-02 1.227E-02 8.478E-03 6.518E-03 4.495E-03 3.451E-03 2.810E-03 2.376E-03
 1.822E-03 1.482E-03
 1.884E+06 8.521E+05 4.636E+05 2.643E+05 6.147E+05 6.406E+05 8.922E+05 7.089E+05
 6.120E+05 7.071E+05 4.875E+05 5.166E+05 4.281E+05 4.469E+05 4.466E+05 2.601E+05
 1.659E+05 8.041E+04 4.542E+04 2.118E+04 5.280E+04 3.905E+04 3.450E+04 4.801E+04
 4.342E+04 5.019E+04 3.021E+04 1.042E+04 4.831E+03 2.642E+03 1.608E+03 7.312E+02
 5.205E+02 2.437E+03 1.881E+03 6.523E+02 3.051E+02 1.059E+02 5.132E+01 2.994E+01
 1.962E+01 1.043E+01 6.577E+00 6.295E+00 4.247E+00 3.025E+00 1.829E+00 1.763E+00
 9.559E-01 6.256E-01 4.584E-01 3.591E-01 2.940E-01 2.483E-01 2.146E-01 1.888E-01
 1.683E-01 1.518E-01 1.382E-01 1.268E-01 1.171E-01 1.088E-01 9.521E-02 8.462E-02
 7.613E-02 6.917E-02 6.338E-02 5.847E-02 5.427E-02 3.990E-02 3.154E-02 2.607E-02
 1.935E-02 1.539E-02 1.017E-02 7.597E-03 5.043E-03 3.775E-03 3.016E-03 2.511E-03
 1.881E-03 1.504E-03 1.002E-03 7.511E-04 5.005E-04 3.753E-04 3.002E-04 2.502E-04
 1.876E-04 1.501E-04 1.000E-04 7.502E-05 5.001E-05 3.751E-05 3.001E-05 2.501E-05
 1.875E-05 1.500E-05
 0.000E+00 0.000E+00 0.000E+00 0.000E+00 0.000E+00 0.000E+00 0.000E+00 0.000E+00
 0.000E+00 0.000E+00 0.000E+00 0.000E+00 0.000E+00 0.000E+00 0.000E+00 0.000E+00
 0.000E+00 0.000E+00 0.000E+00 0.000E+00 0.000E+00 0.000E+00 0.000E+00 0.000E+00
 0.000E+00 0.000E+00 0.000E+00 0.000E+00 0.000E+00 0.000E+00 0.000E+00 0.000E+00
 0.000E+00 0.000E+00 0.000E+00 0.000E+00 0.000E+00 0.000E+00 0.000E+00 0.000E+00
 0.000E+00 0.000E+00 0.000E+00 0.000E+00 1.344E-01 6.438E-01 1.936E+00 2.049E+00
 4.215E+00 6.037E+00 7.563E+00 8.878E+00 1.004E+01 1.108E+01 1.203E+01 1.290E+01
 1.371E+01 1.446E+01 1.517E+01 1.583E+01 1.644E+01 1.702E+01 1.806E+01 1.898E+01
 1.982E+01 2.059E+01 2.129E+01 2.193E+01 2.252E+01 2.493E+01 2.672E+01 2.811E+01
 3.015E+01 3.159E+01 3.386E+01 3.521E+01 3.677E+01 3.767E+01 3.825E+01 3.867E+01
 3.923E+01 3.959E+01 4.011E+01 4.039E+01 4.070E+01 4.086E+01 4.097E+01 4.104E+01
 4.114E+01 4.120E+01 4.128E+01 4.132E+01 4.137E+01 4.139E+01 4.141E+01 4.142E+01
 4.143E+01 4.144E+01
 0.000E+00 0.000E+00 0.000E+00 0.000E+00 0.000E+00 0.000E+00 0.000E+00 0.000E+00
 0.000E+00 0.000E+00 0.000E+00 0.000E+00 0.000E+00 0.000E+00 0.000E+00 0.000E+00
 0.000E+00 0.000E+00 0.000E+00 0.000E+00 0.000E+00 0.000E+00 0.000E+00 0.000E+00
 0.000E+00 0.000E+00 0.000E+00 0.000E+00 0.000E+00 0.000E+00 0.000E+00 0.000E+00
 0.000E+00 0.000E+00 0.000E+00 0.000E+00 0.000E+00 0.000E+00 0.000E+00 0.000E+00
 0.000E+00 0.000E+00 0.000E+00 0.000E+00 0.000E+00 0.000E+00 0.000E+00 0.000E+00
 3.338E-03 1.360E-02 2.705E-02 4.147E-02 5.580E-02 6.964E-02 8.286E-02 9.539E-02
 1.072E-01 1.184E-01 1.288E-01 1.388E-01 1.482E-01 1.571E-01 1.735E-01 1.885E-01
 2.021E-01 2.145E-01 2.260E-01 2.366E-01 2.465E-01 2.870E-01 3.174E-01 3.413E-01
 3.769E-01 4.026E-01 4.445E-01 4.705E-01 5.019E-01 5.205E-01 5.331E-01 5.423E-01
 5.550E-01 5.633E-01 5.757E-01 5.827E-01 5.902E-01 5.947E-01 5.974E-01 5.993E-01
 6.018E-01 6.034E-01 6.055E-01 6.068E-01 6.079E-01 6.087E-01 6.092E-01 6.095E-01
 6.098E-01 6.100E-01
     9
     4     3     3     3     3     7     3     3     8
  1.0000E-03  1.5000E-03  2.0000E-03  2.5796E-03
  2.5796E-03  2.6330E-03  2.6876E-03
  2.6876E-03  3.0000E-03  3.1769E-03
  3.1769E-03  3.4268E-03  3.6963E-03
  3.6963E-03  3.8447E-03  3.9991E-03
  3.9991E-03  4.0000E-03  5.0000E-03  6.0000E-03  8.0000E-03  1.0000E-02
  1.3419E-02
  1.3419E-02  1.5000E-02  1.5711E-02
  1.5711E-02  1.6046E-02  1.6387E-02
  1.6387E-02  2.0000E-02  3.0000E-02  4.0000E-02  5.0000E-02  6.0000E-02
  8.0000E-02  9.0526E-02
  1.8840E+06  8.5210E+05  4.6360E+05  2.6430E+05
  6.1470E+05  6.2747E+05  6.4060E+05
  8.9220E+05  7.0890E+05  6.1200E+05
  7.0710E+05  5.8710E+05  4.8750E+05
  5.1660E+05  4.7022E+05  4.2810E+05
  4.4690E+05  4.4660E+05  2.6010E+05  1.6590E+05  8.0410E+04  4.5420E+04
  2.1180E+04
  5.2800E+04  3.9050E+04  3.4500E+04
  4.8010E+04  4.5654E+04  4.3420E+04
  5.0190E+04  3.0210E+04  1.0420E+04  4.8310E+03  2.6420E+03  1.6080E+03
  7.3120E+02  5.2050E+02
