    61  144.912994
     9    98
    31    23    21    19    12     9     7     5     3
 K  L1 L2 L3 M1 M2 M3 M4 M5
  45184.0   7427.9   7012.8   6459.3   1653.0   1471.4   1356.9   1051.5
   1026.9
  1.00000E+03  1.02680E+03  1.02690E+03  1.05140E+03  1.05150E+03  1.35680E+03
  1.35690E+03  1.47130E+03  1.47140E+03  1.50000E+03  1.65290E+03  1.65300E+03
  2.00000E+03  3.00000E+03  4.00000E+03  5.00000E+03  6.00000E+03  6.45920E+03
  6.45930E+03  7.01270E+03  7.01280E+03  7.42780E+03  7.42790E+03  8.00000E+03
  1.00000E+04  1.50000E+04  2.00000E+04  3.00000E+04  4.00000E+04  4.51839E+04
  4.51840E+04  5.00000E+04  6.00000E+04  8.00000E+04  1.00000E+05  1.50000E+05
  2.00000E+05  3.00000E+05  4.00000E+05  5.00000E+05  6.00000E+05  8.00000E+05
  1.00000E+06  1.02200E+06  1.25000E+06  1.50000E+06  2.00000E+06  2.04400E+06
  3.00000E+06  4.00000E+06  5.00000E+06  6.00000E+06  7.00000E+06  8.00000E+06
  9.00000E+06  1.00000E+07  1.10000E+07  1.20000E+07  1.30000E+07  1.40000E+07
  1.50000E+07  1.60000E+07  1.80000E+07  2.00000E+07  2.20000E+07  2.40000E+07
  2.60000E+07  2.80000E+07  3.00000E+07  4.00000E+07  5.00000E+07  6.00000E+07
  8.00000E+07  1.00000E+08  1.50000E+08  2.00000E+08  3.00000E+08  4.00000E+08
  5.00000E+08  6.00000E+08  8.00000E+08  1.00000E+09  1.50000E+09  2.00000E+09
  3.00000E+09  4.00000E+09  5.00000E+09  6.00000E+09  8.00000E+09  1.00000E+10
  1.50000E+10  2.00000E+10  3.00000E+10  4.00000E+10  5.00000E+10  6.00000E+10
  8.00000E+10  1.00000E+11
 2.332E+03 2.326E+03 2.326E+03 2.320E+03 2.320E+03 2.246E+03 2.246E+03 2.217E+03
 2.217E+03 2.209E+03 2.170E+03 2.170E+03 2.084E+03 1.839E+03 1.614E+03 1.420E+03
 1.257E+03 1.190E+03 1.190E+03 1.117E+03 1.117E+03 1.067E+03 1.067E+03 1.002E+03
 8.159E+02 5.314E+02 3.812E+02 2.227E+02 1.449E+02 1.203E+02 1.203E+02 1.029E+02
 7.728E+01 4.811E+01 3.270E+01 1.593E+01 9.464E+00 4.449E+00 2.570E+00 1.671E+00
 1.173E+00 6.680E-01 4.304E-01 4.124E-01 2.769E-01 1.928E-01 1.088E-01 1.042E-01
 4.845E-02 2.728E-02 1.746E-02 1.213E-02 8.913E-03 6.825E-03 5.393E-03 4.368E-03
 3.610E-03 3.034E-03 2.585E-03 2.229E-03 1.942E-03 1.707E-03 1.348E-03 1.092E-03
 9.027E-04 7.585E-04 6.463E-04 5.573E-04 4.854E-04 2.731E-04 1.748E-04 1.214E-04
 6.826E-05 4.369E-05 1.942E-05 1.092E-05 4.854E-06 2.730E-06 1.748E-06 1.214E-06
 6.826E-07 4.369E-07 1.942E-07 1.092E-07 4.854E-08 2.730E-08 1.748E-08 1.214E-08
 6.826E-09 4.369E-09 1.942E-09 1.092E-09 4.854E-10 2.730E-10 1.748E-10 1.214E-10
 6.826E-11 4.369E-11
 1.498E+00 1.550E+00 1.550E+00 1.598E+00 1.598E+00 2.167E+00 2.167E+00 2.380E+00
 2.381E+00 2.434E+00 2.717E+00 2.717E+00 3.349E+00 5.125E+00 6.766E+00 8.257E+00
 9.582E+00 1.014E+01 1.014E+01 1.078E+01 1.078E+01 1.123E+01 1.123E+01 1.183E+01
 1.372E+01 1.746E+01 2.013E+01 2.333E+01 2.500E+01 2.554E+01 2.554E+01 2.590E+01
 2.637E+01 2.659E+01 2.630E+01 2.489E+01 2.338E+01 2.083E+01 1.888E+01 1.736E+01
 1.612E+01 1.423E+01 1.282E+01 1.269E+01 1.148E+01 1.045E+01 8.924E+00 8.814E+00
 7.027E+00 5.864E+00 5.065E+00 4.477E+00 4.024E+00 3.663E+00 3.367E+00 3.120E+00
 2.910E+00 2.729E+00 2.571E+00 2.432E+00 2.309E+00 2.199E+00 2.010E+00 1.854E+00
 1.722E+00 1.609E+00 1.511E+00 1.425E+00 1.350E+00 1.072E+00 8.951E-01 7.713E-01
 6.083E-01 5.049E-01 3.595E-01 2.819E-01 1.998E-01 1.565E-01 1.295E-01 1.109E-01
 8.662E-02 7.126E-02 4.977E-02 3.852E-02 2.678E-02 2.067E-02 1.690E-02 1.433E-02
 1.104E-02 9.016E-03 6.231E-03 4.790E-03 3.304E-03 2.536E-03 2.065E-03 1.746E-03
 1.339E-03 1.089E-03
 4.925E+05 4.691E+05 6.122E+05 1.394E+06 1.731E+06 1.367E+06 1.575E+06 1.313E+06
 1.393E+06 1.334E+06 1.080E+06 1.129E+06 7.314E+05 2.777E+05 1.358E+05 7.702E+04
 4.814E+04 3.974E+04 1.114E+05 9.043E+04 1.234E+05 1.071E+05 1.237E+05 1.028E+05
 5.789E+04 1.969E+04 9.022E+03 2.946E+03 1.317E+03 9.349E+02 5.305E+03 4.046E+03
 2.513E+03 1.154E+03 6.243E+02 2.011E+02 8.984E+01 2.941E+01 1.373E+01 7.810E+00
 5.030E+00 2.621E+00 1.640E+00 1.570E+00 1.058E+00 7.562E-01 4.591E-01 4.429E-01
 2.424E-01 1.599E-01 1.179E-01 9.285E-02 7.633E-02 6.467E-02 5.604E-02 4.940E-02
 4.414E-02 3.988E-02 3.636E-02 3.340E-02 3.088E-02 2.871E-02 2.517E-02 2.240E-02
 2.018E-02 1.835E-02 1.683E-02 1.554E-02 1.443E-02 1.063E-02 8.417E-03 6.964E-03
 5.176E-03 4.119E-03 2.726E-03 2.037E-03 1.353E-03 1.013E-03 8.094E-04 6.740E-04
 5.050E-04 4.038E-04 2.690E-04 2.017E-04 1.344E-04 1.008E-04 8.061E-05 6.717E-05
 5.037E-05 4.030E-05 2.686E-05 2.015E-05 1.343E-05 1.007E-05 8.058E-06 6.715E-06
 5.036E-06 4.029E-06
 0.000E+00 0.000E+00 0.000E+00 0.000E+00 0.000E+00 0.000E+00 0.000E+00 0.000E+00
 0.000E+00 0.000E+00 0.000E+00 0.000E+00 0.000E+00 0.000E+00 0.000E+00 0.000E+00
 0.000E+00 0.000E+00 0.000E+00 0.000E+00 0.000E+00 0.000E+00 0.000E+00 0.000E+00
 0.000E+00 0.000E+00 0.000E+00 0.000E+00 0.000E+00 0.000E+00 0.000E+00 0.000E+00
 0.000E+00 0.000E+00 0.000E+00 0.000E+00 0.000E+00 0.000E+00 0.000E+00 0.000E+00
 0.000E+00 0.000E+00 0.000E+00 0.000E+00 5.808E-02 2.685E-01 8.740E-01 9.313E-01
 2.124E+00 3.200E+00 4.122E+00 4.915E+00 5.617E+00 6.247E+00 6.820E+00 7.346E+00
 7.831E+00 8.281E+00 8.701E+00 9.090E+00 9.451E+00 9.786E+00 1.039E+01 1.093E+01
 1.143E+01 1.187E+01 1.228E+01 1.265E+01 1.300E+01 1.440E+01 1.544E+01 1.625E+01
 1.745E+01 1.830E+01 1.964E+01 2.045E+01 2.138E+01 2.192E+01 2.228E+01 2.253E+01
 2.287E+01 2.309E+01 2.340E+01 2.358E+01 2.376E+01 2.386E+01 2.393E+01 2.397E+01
 2.403E+01 2.406E+01 2.412E+01 2.414E+01 2.417E+01 2.418E+01 2.419E+01 2.420E+01
 2.421E+01 2.421E+01
 0.000E+00 0.000E+00 0.000E+00 0.000E+00 0.000E+00 0.000E+00 0.000E+00 0.000E+00
 0.000E+00 0.000E+00 0.000E+00 0.000E+00 0.000E+00 0.000E+00 0.000E+00 0.000E+00
 0.000E+00 0.000E+00 0.000E+00 0.000E+00 0.000E+00 0.000E+00 0.000E+00 0.000E+00
 0.000E+00 0.000E+00 0.000E+00 0.000E+00 0.000E+00 0.000E+00 0.000E+00 0.000E+00
 0.000E+00 0.000E+00 0.000E+00 0.000E+00 0.000E+00 0.000E+00 0.000E+00 0.000E+00
 0.000E+00 0.000E+00 0.000E+00 0.000E+00 0.000E+00 0.000E+00 0.000E+00 0.000E+00
 2.457E-03 1.002E-02 1.994E-02 3.058E-02 4.117E-02 5.141E-02 6.120E-02 7.050E-02
 7.928E-02 8.756E-02 9.535E-02 1.028E-01 1.098E-01 1.164E-01 1.287E-01 1.399E-01
 1.501E-01 1.595E-01 1.682E-01 1.762E-01 1.837E-01 2.145E-01 2.377E-01 2.561E-01
 2.838E-01 3.038E-01 3.369E-01 3.576E-01 3.829E-01 3.981E-01 4.085E-01 4.161E-01
 4.266E-01 4.336E-01 4.441E-01 4.501E-01 4.567E-01 4.606E-01 4.629E-01 4.646E-01
 4.668E-01 4.682E-01 4.702E-01 4.713E-01 4.723E-01 4.731E-01 4.735E-01 4.737E-01
 4.740E-01 4.742E-01
     9
     3     3     3     3     3     7     3     3     8
  1.0000E-03  1.0134E-03  1.0269E-03
  1.0269E-03  1.0391E-03  1.0515E-03
  1.0515E-03  1.1945E-03  1.3569E-03
  1.3569E-03  1.4130E-03  1.4714E-03
  1.4714E-03  1.5000E-03  1.6530E-03
  1.6530E-03  2.0000E-03  3.0000E-03  4.0000E-03  5.0000E-03  6.0000E-03
  6.4593E-03
  6.4593E-03  6.7304E-03  7.0128E-03
  7.0128E-03  7.2174E-03  7.4279E-03
  7.4279E-03  8.0000E-03  1.0000E-02  1.5000E-02  2.0000E-02  3.0000E-02
  4.0000E-02  4.5184E-02
  4.9250E+05  4.8050E+05  4.6910E+05
  6.1220E+05  9.2508E+05  1.3940E+06
  1.7310E+06  1.5381E+06  1.3670E+06
  1.5750E+06  1.4382E+06  1.3130E+06
  1.3930E+06  1.3340E+06  1.0800E+06
  1.1290E+06  7.3140E+05  2.7770E+05  1.3580E+05  7.7020E+04  4.8140E+04
  3.9740E+04
  1.1140E+05  1.0036E+05  9.0430E+04
  1.2340E+05  1.1493E+05  1.0710E+05
  1.2370E+05  1.0280E+05  5.7890E+04  1.9690E+04  9.0220E+03  2.9460E+03
  1.3170E+03  9.3490E+02
