    19   39.098301
     1    82
     6
 K 
   3607.4
  1.00000E+03  1.50000E+03  2.00000E+03  3.00000E+03  3.60730E+03  3.60740E+03
  4.00000E+03  5.00000E+03  6.00000E+03  8.00000E+03  1.00000E+04  1.50000E+04
  2.00000E+04  3.00000E+04  4.00000E+04  5.00000E+04  6.00000E+04  8.00000E+04
  1.00000E+05  1.50000E+05  2.00000E+05  3.00000E+05  4.00000E+05  5.00000E+05
  6.00000E+05  8.00000E+05  1.00000E+06  1.02200E+06  1.25000E+06  1.50000E+06
  2.00000E+06  2.04400E+06  3.00000E+06  4.00000E+06  5.00000E+06  6.00000E+06
  7.00000E+06  8.00000E+06  9.00000E+06  1.00000E+07  1.10000E+07  1.20000E+07
  1.30000E+07  1.40000E+07  1.50000E+07  1.60000E+07  1.80000E+07  2.00000E+07
  2.20000E+07  2.40000E+07  2.60000E+07  2.80000E+07  3.00000E+07  4.00000E+07
  5.00000E+07  6.00000E+07  8.00000E+07  1.00000E+08  1.50000E+08  2.00000E+08
  3.00000E+08  4.00000E+08  5.00000E+08  6.00000E+08  8.00000E+08  1.00000E+09
  1.50000E+09  2.00000E+09  3.00000E+09  4.00000E+09  5.00000E+09  6.00000E+09
  8.00000E+09  1.00000E+10  1.50000E+10  2.00000E+10  3.00000E+10  4.00000E+10
  5.00000E+10  6.00000E+10  8.00000E+10  1.00000E+11
 2.173E+02 1.999E+02 1.829E+02 1.511E+02 1.341E+02 1.341E+02 1.244E+02 1.038E+02
 8.831E+01 6.762E+01 5.429E+01 3.393E+01 2.266E+01 1.216E+01 7.691E+00 5.333E+00
 3.915E+00 2.356E+00 1.567E+00 7.330E-01 4.227E-01 1.921E-01 1.090E-01 7.008E-02
 4.879E-02 2.751E-02 1.763E-02 1.688E-02 1.129E-02 7.844E-03 4.414E-03 4.226E-03
 1.962E-03 1.104E-03 7.066E-04 4.907E-04 3.605E-04 2.760E-04 2.181E-04 1.767E-04
 1.460E-04 1.227E-04 1.045E-04 9.013E-05 7.851E-05 6.901E-05 5.452E-05 4.416E-05
 3.650E-05 3.067E-05 2.613E-05 2.253E-05 1.963E-05 1.104E-05 7.066E-06 4.907E-06
 2.760E-06 1.766E-06 7.851E-07 4.416E-07 1.963E-07 1.104E-07 7.066E-08 4.907E-08
 2.760E-08 1.766E-08 7.851E-09 4.416E-09 1.963E-09 1.104E-09 7.066E-10 4.907E-10
 2.760E-10 1.766E-10 7.851E-11 4.416E-11 1.963E-11 1.104E-11 7.066E-12 4.907E-12
 2.760E-12 1.766E-12
 7.892E-01 1.271E+00 1.755E+00 2.702E+00 3.231E+00 3.231E+00 3.547E+00 4.270E+00
 4.874E+00 5.799E+00 6.482E+00 7.674E+00 8.423E+00 9.152E+00 9.407E+00 9.468E+00
 9.432E+00 9.223E+00 8.941E+00 8.221E+00 7.602E+00 6.661E+00 5.987E+00 5.476E+00
 5.071E+00 4.459E+00 4.011E+00 3.969E+00 3.588E+00 3.262E+00 2.784E+00 2.750E+00
 2.191E+00 1.828E+00 1.578E+00 1.395E+00 1.254E+00 1.141E+00 1.049E+00 9.719E-01
 9.065E-01 8.502E-01 8.009E-01 7.577E-01 7.194E-01 6.851E-01 6.261E-01 5.774E-01
 5.363E-01 5.011E-01 4.706E-01 4.439E-01 4.203E-01 3.340E-01 2.788E-01 2.402E-01
 1.895E-01 1.573E-01 1.120E-01 8.780E-02 6.223E-02 4.874E-02 4.035E-02 3.454E-02
 2.698E-02 2.220E-02 1.550E-02 1.200E-02 8.342E-03 6.439E-03 5.265E-03 4.464E-03
 3.440E-03 2.808E-03 1.941E-03 1.492E-03 1.029E-03 7.900E-04 6.433E-04 5.438E-04
 4.170E-04 3.392E-04
 2.632E+05 9.186E+04 4.262E+04 1.412E+04 8.480E+03 7.782E+04 5.996E+04 3.358E+04
 2.071E+04 9.463E+03 5.073E+03 1.583E+03 6.787E+02 2.002E+02 8.294E+01 4.154E+01
 2.352E+01 9.531E+00 4.716E+00 1.315E+00 5.360E-01 1.568E-01 6.844E-02 3.731E-02
 2.338E-02 1.187E-02 7.381E-03 6.987E-03 4.731E-03 3.419E-03 2.121E-03 2.050E-03
 1.162E-03 7.877E-04 5.923E-04 4.732E-04 3.935E-04 3.364E-04 2.937E-04 2.605E-04
 2.340E-04 2.123E-04 1.943E-04 1.791E-04 1.661E-04 1.548E-04 1.363E-04 1.218E-04
 1.100E-04 1.003E-04 9.221E-05 8.529E-05 7.934E-05 5.882E-05 4.673E-05 3.876E-05
 2.890E-05 2.303E-05 1.528E-05 1.143E-05 7.605E-06 5.697E-06 4.554E-06 3.793E-06
 2.843E-06 2.274E-06 1.515E-06 1.136E-06 7.572E-07 5.679E-07 4.542E-07 3.785E-07
 2.839E-07 2.271E-07 1.514E-07 1.135E-07 7.569E-08 5.677E-08 4.541E-08 3.784E-08
 2.838E-08 2.271E-08
 0.000E+00 0.000E+00 0.000E+00 0.000E+00 0.000E+00 0.000E+00 0.000E+00 0.000E+00
 0.000E+00 0.000E+00 0.000E+00 0.000E+00 0.000E+00 0.000E+00 0.000E+00 0.000E+00
 0.000E+00 0.000E+00 0.000E+00 0.000E+00 0.000E+00 0.000E+00 0.000E+00 0.000E+00
 0.000E+00 0.000E+00 0.000E+00 0.000E+00 3.185E-03 1.689E-02 6.577E-02 7.086E-02
 1.850E-01 2.977E-01 3.976E-01 4.869E-01 5.663E-01 6.378E-01 7.025E-01 7.612E-01
 8.145E-01 8.633E-01 9.086E-01 9.506E-01 9.899E-01 1.027E+00 1.094E+00 1.155E+00
 1.209E+00 1.259E+00 1.304E+00 1.346E+00 1.384E+00 1.543E+00 1.662E+00 1.754E+00
 1.891E+00 1.990E+00 2.150E+00 2.248E+00 2.364E+00 2.432E+00 2.476E+00 2.509E+00
 2.552E+00 2.580E+00 2.621E+00 2.644E+00 2.668E+00 2.681E+00 2.689E+00 2.695E+00
 2.703E+00 2.708E+00 2.714E+00 2.718E+00 2.722E+00 2.724E+00 2.725E+00 2.726E+00
 2.727E+00 2.727E+00
 0.000E+00 0.000E+00 0.000E+00 0.000E+00 0.000E+00 0.000E+00 0.000E+00 0.000E+00
 0.000E+00 0.000E+00 0.000E+00 0.000E+00 0.000E+00 0.000E+00 0.000E+00 0.000E+00
 0.000E+00 0.000E+00 0.000E+00 0.000E+00 0.000E+00 0.000E+00 0.000E+00 0.000E+00
 0.000E+00 0.000E+00 0.000E+00 0.000E+00 0.000E+00 0.000E+00 0.000E+00 0.000E+00
 7.666E-04 3.130E-03 6.236E-03 9.576E-03 1.291E-02 1.614E-02 1.924E-02 2.219E-02
 2.499E-02 2.763E-02 3.012E-02 3.250E-02 3.475E-02 3.690E-02 4.089E-02 4.453E-02
 4.788E-02 5.097E-02 5.383E-02 5.649E-02 5.897E-02 6.935E-02 7.734E-02 8.376E-02
 9.357E-02 1.009E-01 1.132E-01 1.211E-01 1.311E-01 1.371E-01 1.414E-01 1.445E-01
 1.489E-01 1.518E-01 1.563E-01 1.589E-01 1.617E-01 1.634E-01 1.644E-01 1.651E-01
 1.661E-01 1.667E-01 1.676E-01 1.681E-01 1.686E-01 1.689E-01 1.691E-01 1.692E-01
 1.693E-01 1.694E-01
     1
     5
  1.0000E-03  1.5000E-03  2.0000E-03  3.0000E-03  3.6074E-03
  2.6320E+05  9.1860E+04  4.2620E+04  1.4120E+04  8.4800E+03
