    91  231.035904
    12   104
    41    33    31    28    22    20    17    14    12     7     5     3
 K  L1 L2 L3 M1 M2 M3 M4 M5 N1 N2 N3
 112601.4  21104.6  20313.7  16733.1   5366.9   5000.9   4173.8   3611.2
   3441.8   1387.1   1224.3   1006.7
  1.00000E+03  1.00660E+03  1.00670E+03  1.22420E+03  1.22430E+03  1.38700E+03
  1.38710E+03  1.50000E+03  2.00000E+03  3.00000E+03  3.44170E+03  3.44180E+03
  3.61110E+03  3.61120E+03  4.00000E+03  4.17370E+03  4.17380E+03  5.00000E+03
  5.00080E+03  5.00090E+03  5.36680E+03  5.36690E+03  6.00000E+03  8.00000E+03
  1.00000E+04  1.50000E+04  1.67330E+04  1.67331E+04  2.00000E+04  2.03136E+04
  2.03137E+04  2.11045E+04  2.11046E+04  3.00000E+04  4.00000E+04  5.00000E+04
  6.00000E+04  8.00000E+04  1.00000E+05  1.12601E+05  1.12601E+05  1.50000E+05
  2.00000E+05  3.00000E+05  4.00000E+05  5.00000E+05  6.00000E+05  8.00000E+05
  1.00000E+06  1.02200E+06  1.25000E+06  1.50000E+06  2.00000E+06  2.04400E+06
  3.00000E+06  4.00000E+06  5.00000E+06  6.00000E+06  7.00000E+06  8.00000E+06
  9.00000E+06  1.00000E+07  1.10000E+07  1.20000E+07  1.30000E+07  1.40000E+07
  1.50000E+07  1.60000E+07  1.80000E+07  2.00000E+07  2.20000E+07  2.40000E+07
  2.60000E+07  2.80000E+07  3.00000E+07  4.00000E+07  5.00000E+07  6.00000E+07
  8.00000E+07  1.00000E+08  1.50000E+08  2.00000E+08  3.00000E+08  4.00000E+08
  5.00000E+08  6.00000E+08  8.00000E+08  1.00000E+09  1.50000E+09  2.00000E+09
  3.00000E+09  4.00000E+09  5.00000E+09  6.00000E+09  8.00000E+09  1.00000E+10
  1.50000E+10  2.00000E+10  3.00000E+10  4.00000E+10  5.00000E+10  6.00000E+10
  8.00000E+10  1.00000E+11
 5.240E+03 5.237E+03 5.237E+03 5.132E+03 5.132E+03 5.055E+03 5.055E+03 4.997E+03
 4.742E+03 4.248E+03 4.045E+03 4.045E+03 3.969E+03 3.969E+03 3.801E+03 3.729E+03
 3.729E+03 3.412E+03 3.412E+03 3.412E+03 3.283E+03 3.283E+03 3.078E+03 2.537E+03
 2.123E+03 1.439E+03 1.276E+03 1.276E+03 1.035E+03 1.015E+03 1.015E+03 9.688E+02
 9.688E+02 6.096E+02 4.098E+02 2.951E+02 2.219E+02 1.394E+02 9.669E+01 7.921E+01
 7.921E+01 4.828E+01 2.890E+01 1.386E+01 8.153E+00 5.363E+00 3.792E+00 2.183E+00
 1.416E+00 1.358E+00 9.165E-01 6.409E-01 3.635E-01 3.482E-01 1.627E-01 9.175E-02
 5.880E-02 4.086E-02 3.004E-02 2.300E-02 1.818E-02 1.473E-02 1.217E-02 1.023E-02
 8.717E-03 7.517E-03 6.548E-03 5.755E-03 4.548E-03 3.684E-03 3.045E-03 2.558E-03
 2.180E-03 1.880E-03 1.637E-03 9.211E-04 5.895E-04 4.094E-04 2.303E-04 1.474E-04
 6.550E-05 3.684E-05 1.638E-05 9.211E-06 5.895E-06 4.094E-06 2.303E-06 1.474E-06
 6.550E-07 3.684E-07 1.638E-07 9.211E-08 5.895E-08 4.094E-08 2.303E-08 1.474E-08
 6.550E-09 3.684E-09 1.638E-09 9.211E-10 5.895E-10 4.094E-10 2.303E-10 1.474E-10
 1.804E+00 1.820E+00 1.820E+00 2.333E+00 2.334E+00 2.699E+00 2.699E+00 2.960E+00
 4.099E+00 6.306E+00 7.237E+00 7.237E+00 7.583E+00 7.583E+00 8.355E+00 8.690E+00
 8.690E+00 1.020E+01 1.021E+01 1.021E+01 1.083E+01 1.083E+01 1.185E+01 1.474E+01
 1.729E+01 2.240E+01 2.378E+01 2.378E+01 2.598E+01 2.617E+01 2.617E+01 2.663E+01
 2.663E+01 3.070E+01 3.363E+01 3.541E+01 3.646E+01 3.727E+01 3.724E+01 3.701E+01
 3.701E+01 3.584E+01 3.398E+01 3.053E+01 2.780E+01 2.563E+01 2.386E+01 2.110E+01
 1.905E+01 1.885E+01 1.708E+01 1.555E+01 1.329E+01 1.313E+01 1.047E+01 8.742E+00
 7.552E+00 6.677E+00 6.002E+00 5.463E+00 5.022E+00 4.653E+00 4.340E+00 4.071E+00
 3.835E+00 3.628E+00 3.445E+00 3.280E+00 2.998E+00 2.765E+00 2.568E+00 2.400E+00
 2.254E+00 2.126E+00 2.013E+00 1.600E+00 1.335E+00 1.150E+00 9.074E-01 7.531E-01
 5.363E-01 4.205E-01 2.981E-01 2.334E-01 1.932E-01 1.655E-01 1.292E-01 1.063E-01
 7.424E-02 5.746E-02 3.995E-02 3.084E-02 2.521E-02 2.138E-02 1.647E-02 1.345E-02
 9.295E-03 7.146E-03 4.928E-03 3.784E-03 3.081E-03 2.605E-03 1.997E-03 1.625E-03
 2.500E+06 2.470E+06 2.630E+06 1.835E+06 1.861E+06 1.459E+06 1.488E+06 1.271E+06
 6.987E+05 2.857E+05 2.088E+05 5.187E+05 4.507E+05 6.461E+05 5.005E+05 4.498E+05
 5.236E+05 3.326E+05 3.325E+05 3.529E+05 2.964E+05 3.091E+05 2.354E+05 1.154E+05
 6.574E+04 2.325E+04 1.751E+04 4.206E+04 2.589E+04 2.484E+04 3.522E+04 3.191E+04
 3.683E+04 1.500E+04 7.064E+03 3.908E+03 2.400E+03 1.106E+03 6.043E+02 4.380E+02
 1.878E+03 9.038E+02 4.312E+02 1.533E+02 7.547E+01 4.453E+01 2.941E+01 1.577E+01
 9.985E+00 9.561E+00 6.462E+00 4.595E+00 2.776E+00 2.676E+00 1.446E+00 9.442E-01
 6.905E-01 5.401E-01 4.417E-01 3.726E-01 3.217E-01 2.828E-01 2.520E-01 2.272E-01
 2.067E-01 1.896E-01 1.751E-01 1.625E-01 1.422E-01 1.263E-01 1.136E-01 1.032E-01
 9.449E-02 8.716E-02 8.088E-02 5.942E-02 4.694E-02 3.879E-02 2.878E-02 2.288E-02
 1.512E-02 1.129E-02 7.494E-03 5.608E-03 4.481E-03 3.731E-03 2.795E-03 2.234E-03
 1.488E-03 1.116E-03 7.435E-04 5.575E-04 4.459E-04 3.716E-04 2.787E-04 2.229E-04
 1.486E-04 1.114E-04 7.429E-05 5.572E-05 4.457E-05 3.714E-05 2.786E-05 2.229E-05
 0.000E+00 0.000E+00 0.000E+00 0.000E+00 0.000E+00 0.000E+00 0.000E+00 0.000E+00
 0.000E+00 0.000E+00 0.000E+00 0.000E+00 0.000E+00 0.000E+00 0.000E+00 0.000E+00
 0.000E+00 0.000E+00 0.000E+00 0.000E+00 0.000E+00 0.000E+00 0.000E+00 0.000E+00
 0.000E+00 0.000E+00 0.000E+00 0.000E+00 0.000E+00 0.000E+00 0.000E+00 0.000E+00
 0.000E+00 0.000E+00 0.000E+00 0.000E+00 0.000E+00 0.000E+00 0.000E+00 0.000E+00
 0.000E+00 0.000E+00 0.000E+00 0.000E+00 0.000E+00 0.000E+00 0.000E+00 0.000E+00
 0.000E+00 0.000E+00 1.713E-01 8.422E-01 2.474E+00 2.612E+00 5.168E+00 7.259E+00
 9.005E+00 1.050E+01 1.183E+01 1.303E+01 1.412E+01 1.513E+01 1.607E+01 1.694E+01
 1.776E+01 1.852E+01 1.923E+01 1.990E+01 2.111E+01 2.219E+01 2.317E+01 2.407E+01
 2.489E+01 2.564E+01 2.633E+01 2.915E+01 3.125E+01 3.287E+01 3.526E+01 3.694E+01
 3.960E+01 4.118E+01 4.303E+01 4.408E+01 4.478E+01 4.527E+01 4.593E+01 4.636E+01
 4.698E+01 4.731E+01 4.768E+01 4.787E+01 4.800E+01 4.809E+01 4.820E+01 4.827E+01
 4.837E+01 4.842E+01 4.848E+01 4.851E+01 4.852E+01 4.854E+01 4.855E+01 4.856E+01
 0.000E+00 0.000E+00 0.000E+00 0.000E+00 0.000E+00 0.000E+00 0.000E+00 0.000E+00
 0.000E+00 0.000E+00 0.000E+00 0.000E+00 0.000E+00 0.000E+00 0.000E+00 0.000E+00
 0.000E+00 0.000E+00 0.000E+00 0.000E+00 0.000E+00 0.000E+00 0.000E+00 0.000E+00
 0.000E+00 0.000E+00 0.000E+00 0.000E+00 0.000E+00 0.000E+00 0.000E+00 0.000E+00
 0.000E+00 0.000E+00 0.000E+00 0.000E+00 0.000E+00 0.000E+00 0.000E+00 0.000E+00
 0.000E+00 0.000E+00 0.000E+00 0.000E+00 0.000E+00 0.000E+00 0.000E+00 0.000E+00
 0.000E+00 0.000E+00 0.000E+00 0.000E+00 0.000E+00 0.000E+00 3.658E-03 1.490E-02
 2.963E-02 4.541E-02 6.109E-02 7.623E-02 9.068E-02 1.044E-01 1.173E-01 1.295E-01
 1.409E-01 1.517E-01 1.620E-01 1.717E-01 1.896E-01 2.059E-01 2.207E-01 2.343E-01
 2.467E-01 2.583E-01 2.690E-01 3.130E-01 3.460E-01 3.719E-01 4.106E-01 4.385E-01
 4.841E-01 5.124E-01 5.467E-01 5.671E-01 5.811E-01 5.912E-01 6.053E-01 6.146E-01
 6.285E-01 6.364E-01 6.450E-01 6.500E-01 6.531E-01 6.553E-01 6.582E-01 6.601E-01
 6.626E-01 6.641E-01 6.654E-01 6.663E-01 6.669E-01 6.672E-01 6.676E-01 6.679E-01
    12
     3     3     3     5     3     3     3     3     6     3     3     8
  1.0000E-03  1.0033E-03  1.0067E-03
  1.0067E-03  1.1102E-03  1.2243E-03
  1.2243E-03  1.3032E-03  1.3871E-03
  1.3871E-03  1.5000E-03  2.0000E-03  3.0000E-03  3.4418E-03
  3.4418E-03  3.5255E-03  3.6112E-03
  3.6112E-03  4.0000E-03  4.1738E-03
  4.1738E-03  5.0000E-03  5.0009E-03
  5.0009E-03  5.1807E-03  5.3669E-03
  5.3669E-03  6.0000E-03  8.0000E-03  1.0000E-02  1.5000E-02  1.6733E-02
  1.6733E-02  2.0000E-02  2.0314E-02
  2.0314E-02  2.0705E-02  2.1105E-02
  2.1105E-02  3.0000E-02  4.0000E-02  5.0000E-02  6.0000E-02  8.0000E-02
  1.0000E-01  1.1260E-01
  2.5000E+06  2.4848E+06  2.4700E+06
  2.6300E+06  2.1962E+06  1.8350E+06
  1.8610E+06  1.6474E+06  1.4590E+06
  1.4880E+06  1.2710E+06  6.9870E+05  2.8570E+05  2.0880E+05
  5.1870E+05  4.8348E+05  4.5070E+05
  6.4610E+05  5.0050E+05  4.4980E+05
  5.2360E+05  3.3260E+05  3.3250E+05
  3.5290E+05  3.2339E+05  2.9640E+05
  3.0910E+05  2.3540E+05  1.1540E+05  6.5740E+04  2.3250E+04  1.7510E+04
  4.2060E+04  2.5890E+04  2.4840E+04
  3.5220E+04  3.3518E+04  3.1910E+04
  3.6830E+04  1.5000E+04  7.0640E+03  3.9080E+03  2.4000E+03  1.1060E+03
  6.0430E+02  4.3800E+02
