    30   65.379997
     4    88
    16     7     5     3
 K  L1 L2 L3
   9658.6   1193.6   1042.8   1019.7
  1.00000E+03  1.01960E+03  1.01970E+03  1.04270E+03  1.04280E+03  1.19350E+03
  1.19360E+03  1.50000E+03  2.00000E+03  3.00000E+03  4.00000E+03  5.00000E+03
  6.00000E+03  8.00000E+03  9.65850E+03  9.65860E+03  1.00000E+04  1.50000E+04
  2.00000E+04  3.00000E+04  4.00000E+04  5.00000E+04  6.00000E+04  8.00000E+04
  1.00000E+05  1.50000E+05  2.00000E+05  3.00000E+05  4.00000E+05  5.00000E+05
  6.00000E+05  8.00000E+05  1.00000E+06  1.02200E+06  1.25000E+06  1.50000E+06
  2.00000E+06  2.04400E+06  3.00000E+06  4.00000E+06  5.00000E+06  6.00000E+06
  7.00000E+06  8.00000E+06  9.00000E+06  1.00000E+07  1.10000E+07  1.20000E+07
  1.30000E+07  1.40000E+07  1.50000E+07  1.60000E+07  1.80000E+07  2.00000E+07
  2.20000E+07  2.40000E+07  2.60000E+07  2.80000E+07  3.00000E+07  4.00000E+07
  5.00000E+07  6.00000E+07  8.00000E+07  1.00000E+08  1.50000E+08  2.00000E+08
  3.00000E+08  4.00000E+08  5.00000E+08  6.00000E+08  8.00000E+08  1.00000E+09
  1.50000E+09  2.00000E+09  3.00000E+09  4.00000E+09  5.00000E+09  6.00000E+09
  8.00000E+09  1.00000E+10  1.50000E+10  2.00000E+10  3.00000E+10  4.00000E+10
  5.00000E+10  6.00000E+10  8.00000E+10  1.00000E+11
 5.694E+02 5.683E+02 5.683E+02 5.671E+02 5.671E+02 5.584E+02 5.584E+02 5.402E+02
 5.078E+02 4.435E+02 3.842E+02 3.316E+02 2.861E+02 2.158E+02 1.743E+02 1.743E+02
 1.674E+02 1.013E+02 6.963E+01 3.886E+01 2.453E+01 1.693E+01 1.246E+01 7.608E+00
 5.133E+00 2.441E+00 1.418E+00 6.507E-01 3.715E-01 2.396E-01 1.672E-01 9.447E-02
 6.060E-02 5.803E-02 3.885E-02 2.700E-02 1.520E-02 1.455E-02 6.759E-03 3.803E-03
 2.434E-03 1.690E-03 1.242E-03 9.509E-04 7.514E-04 6.086E-04 5.030E-04 4.227E-04
 3.601E-04 3.105E-04 2.705E-04 2.377E-04 1.879E-04 1.522E-04 1.258E-04 1.057E-04
 9.003E-05 7.763E-05 6.763E-05 3.804E-05 2.434E-05 1.691E-05 9.509E-06 6.086E-06
 2.705E-06 1.521E-06 6.762E-07 3.804E-07 2.434E-07 1.691E-07 9.509E-08 6.086E-08
 2.705E-08 1.521E-08 6.762E-09 3.804E-09 2.434E-09 1.691E-09 9.509E-10 6.086E-10
 2.705E-10 1.521E-10 6.762E-11 3.804E-11 2.434E-11 1.691E-11 9.509E-12 6.086E-12
 7.145E-01 7.368E-01 7.369E-01 7.632E-01 7.633E-01 9.375E-01 9.376E-01 1.294E+00
 1.846E+00 2.864E+00 3.825E+00 4.728E+00 5.562E+00 7.032E+00 8.074E+00 8.074E+00
 8.268E+00 1.049E+01 1.185E+01 1.333E+01 1.399E+01 1.424E+01 1.428E+01 1.409E+01
 1.374E+01 1.276E+01 1.186E+01 1.045E+01 9.411E+00 8.619E+00 7.988E+00 7.031E+00
 6.327E+00 6.260E+00 5.661E+00 5.147E+00 4.394E+00 4.340E+00 3.458E+00 2.885E+00
 2.492E+00 2.202E+00 1.980E+00 1.802E+00 1.656E+00 1.535E+00 1.431E+00 1.342E+00
 1.265E+00 1.196E+00 1.136E+00 1.082E+00 9.886E-01 9.117E-01 8.468E-01 7.913E-01
 7.430E-01 7.009E-01 6.637E-01 5.274E-01 4.402E-01 3.793E-01 2.991E-01 2.483E-01
 1.768E-01 1.386E-01 9.826E-02 7.696E-02 6.370E-02 5.454E-02 4.260E-02 3.505E-02
 2.448E-02 1.894E-02 1.317E-02 1.017E-02 8.313E-03 7.049E-03 5.431E-03 4.434E-03
 3.064E-03 2.356E-03 1.625E-03 1.247E-03 1.016E-03 8.586E-04 6.584E-04 5.356E-04
 1.681E+05 1.606E+05 3.823E+05 7.045E+05 8.940E+05 8.000E+05 9.111E+05 5.233E+05
 2.573E+05 8.980E+04 4.159E+04 2.266E+04 1.372E+04 6.155E+03 3.624E+03 2.735E+04
 2.513E+04 8.702E+03 3.957E+03 1.258E+03 5.461E+02 2.829E+02 1.644E+02 6.913E+01
 3.513E+01 1.022E+01 4.283E+00 1.294E+00 5.753E-01 3.171E-01 2.001E-01 1.022E-01
 6.358E-02 6.040E-02 4.083E-02 2.940E-02 1.808E-02 1.746E-02 9.773E-03 6.563E-03
 4.902E-03 3.898E-03 3.229E-03 2.753E-03 2.397E-03 2.122E-03 1.903E-03 1.724E-03
 1.576E-03 1.451E-03 1.345E-03 1.252E-03 1.101E-03 9.825E-04 8.868E-04 8.080E-04
 7.421E-04 6.861E-04 6.379E-04 4.720E-04 3.745E-04 3.104E-04 2.312E-04 1.842E-04
 1.221E-04 9.134E-05 6.073E-05 4.548E-05 3.635E-05 3.028E-05 2.269E-05 1.815E-05
 1.209E-05 9.066E-06 6.042E-06 4.531E-06 3.624E-06 3.020E-06 2.265E-06 1.812E-06
 1.208E-06 9.059E-07 6.039E-07 4.529E-07 3.623E-07 3.019E-07 2.265E-07 1.812E-07
 0.000E+00 0.000E+00 0.000E+00 0.000E+00 0.000E+00 0.000E+00 0.000E+00 0.000E+00
 0.000E+00 0.000E+00 0.000E+00 0.000E+00 0.000E+00 0.000E+00 0.000E+00 0.000E+00
 0.000E+00 0.000E+00 0.000E+00 0.000E+00 0.000E+00 0.000E+00 0.000E+00 0.000E+00
 0.000E+00 0.000E+00 0.000E+00 0.000E+00 0.000E+00 0.000E+00 0.000E+00 0.000E+00
 0.000E+00 0.000E+00 9.179E-03 4.586E-02 1.714E-01 1.842E-01 4.706E-01 7.480E-01
 9.925E-01 1.209E+00 1.402E+00 1.576E+00 1.733E+00 1.875E+00 2.004E+00 2.123E+00
 2.232E+00 2.334E+00 2.429E+00 2.518E+00 2.682E+00 2.828E+00 2.960E+00 3.079E+00
 3.189E+00 3.289E+00 3.382E+00 3.761E+00 4.045E+00 4.266E+00 4.595E+00 4.829E+00
 5.203E+00 5.426E+00 5.686E+00 5.835E+00 5.933E+00 6.004E+00 6.097E+00 6.158E+00
 6.245E+00 6.293E+00 6.344E+00 6.372E+00 6.389E+00 6.401E+00 6.417E+00 6.427E+00
 6.441E+00 6.448E+00 6.456E+00 6.460E+00 6.463E+00 6.465E+00 6.467E+00 6.468E+00
 0.000E+00 0.000E+00 0.000E+00 0.000E+00 0.000E+00 0.000E+00 0.000E+00 0.000E+00
 0.000E+00 0.000E+00 0.000E+00 0.000E+00 0.000E+00 0.000E+00 0.000E+00 0.000E+00
 0.000E+00 0.000E+00 0.000E+00 0.000E+00 0.000E+00 0.000E+00 0.000E+00 0.000E+00
 0.000E+00 0.000E+00 0.000E+00 0.000E+00 0.000E+00 0.000E+00 0.000E+00 0.000E+00
 0.000E+00 0.000E+00 0.000E+00 0.000E+00 0.000E+00 0.000E+00 1.210E-03 4.940E-03
 9.839E-03 1.511E-02 2.035E-02 2.544E-02 3.032E-02 3.495E-02 3.934E-02 4.348E-02
 4.739E-02 5.112E-02 5.465E-02 5.801E-02 6.424E-02 6.992E-02 7.513E-02 7.993E-02
 8.436E-02 8.849E-02 9.233E-02 1.083E-01 1.206E-01 1.303E-01 1.451E-01 1.559E-01
 1.739E-01 1.852E-01 1.992E-01 2.075E-01 2.133E-01 2.175E-01 2.233E-01 2.272E-01
 2.330E-01 2.363E-01 2.398E-01 2.419E-01 2.432E-01 2.441E-01 2.453E-01 2.461E-01
 2.471E-01 2.478E-01 2.483E-01 2.487E-01 2.489E-01 2.491E-01 2.492E-01 2.493E-01
     4
     3     3     3     9
  1.0000E-03  1.0098E-03  1.0197E-03
  1.0197E-03  1.0312E-03  1.0428E-03
  1.0428E-03  1.1157E-03  1.1936E-03
  1.1936E-03  1.5000E-03  2.0000E-03  3.0000E-03  4.0000E-03  5.0000E-03
  6.0000E-03  8.0000E-03  9.6586E-03
  1.6810E+05  1.6426E+05  1.6060E+05
  3.8230E+05  5.1935E+05  7.0450E+05
  8.9400E+05  8.4559E+05  8.0000E+05
  9.1110E+05  5.2330E+05  2.5730E+05  8.9800E+04  4.1590E+04  2.2660E+04
  1.3720E+04  6.1550E+03  3.6240E+03
