    63  151.959991
     9    98
    31    24    21    19    12    10     7     5     3
 K  L1 L2 L3 M1 M2 M3 M4 M5
  48519.0   8052.0   7617.1   6976.9   1800.0   1613.9   1480.6   1160.6
   1130.9
  1.00000E+03  1.13080E+03  1.13090E+03  1.16050E+03  1.16060E+03  1.48050E+03
  1.48060E+03  1.50000E+03  1.61380E+03  1.61390E+03  1.79990E+03  1.80000E+03
  2.00000E+03  3.00000E+03  4.00000E+03  5.00000E+03  6.00000E+03  6.97680E+03
  6.97690E+03  7.61700E+03  7.61710E+03  8.00000E+03  8.05190E+03  8.05200E+03
  1.00000E+04  1.50000E+04  2.00000E+04  3.00000E+04  4.00000E+04  4.85189E+04
  4.85190E+04  5.00000E+04  6.00000E+04  8.00000E+04  1.00000E+05  1.50000E+05
  2.00000E+05  3.00000E+05  4.00000E+05  5.00000E+05  6.00000E+05  8.00000E+05
  1.00000E+06  1.02200E+06  1.25000E+06  1.50000E+06  2.00000E+06  2.04400E+06
  3.00000E+06  4.00000E+06  5.00000E+06  6.00000E+06  7.00000E+06  8.00000E+06
  9.00000E+06  1.00000E+07  1.10000E+07  1.20000E+07  1.30000E+07  1.40000E+07
  1.50000E+07  1.60000E+07  1.80000E+07  2.00000E+07  2.20000E+07  2.40000E+07
  2.60000E+07  2.80000E+07  3.00000E+07  4.00000E+07  5.00000E+07  6.00000E+07
  8.00000E+07  1.00000E+08  1.50000E+08  2.00000E+08  3.00000E+08  4.00000E+08
  5.00000E+08  6.00000E+08  8.00000E+08  1.00000E+09  1.50000E+09  2.00000E+09
  3.00000E+09  4.00000E+09  5.00000E+09  6.00000E+09  8.00000E+09  1.00000E+10
  1.50000E+10  2.00000E+10  3.00000E+10  4.00000E+10  5.00000E+10  6.00000E+10
  8.00000E+10  1.00000E+11
 2.497E+03 2.465E+03 2.465E+03 2.457E+03 2.457E+03 2.378E+03 2.378E+03 2.373E+03
 2.343E+03 2.343E+03 2.297E+03 2.297E+03 2.244E+03 1.989E+03 1.752E+03 1.544E+03
 1.368E+03 1.221E+03 1.221E+03 1.137E+03 1.137E+03 1.091E+03 1.085E+03 1.085E+03
 8.880E+02 5.763E+02 4.124E+02 2.421E+02 1.576E+02 1.171E+02 1.171E+02 1.117E+02
 8.395E+01 5.240E+01 3.566E+01 1.737E+01 1.033E+01 4.865E+00 2.813E+00 1.830E+00
 1.285E+00 7.322E-01 4.720E-01 4.522E-01 3.037E-01 2.115E-01 1.193E-01 1.143E-01
 5.317E-02 2.994E-02 1.917E-02 1.331E-02 9.783E-03 7.491E-03 5.919E-03 4.795E-03
 3.963E-03 3.330E-03 2.837E-03 2.446E-03 2.131E-03 1.873E-03 1.480E-03 1.199E-03
 9.908E-04 8.325E-04 7.094E-04 6.116E-04 5.328E-04 2.997E-04 1.918E-04 1.332E-04
 7.493E-05 4.795E-05 2.131E-05 1.199E-05 5.328E-06 2.997E-06 1.918E-06 1.332E-06
 7.492E-07 4.795E-07 2.131E-07 1.199E-07 5.328E-08 2.997E-08 1.918E-08 1.332E-08
 7.492E-09 4.795E-09 2.131E-09 1.199E-09 5.328E-10 2.997E-10 1.918E-10 1.332E-10
 7.492E-11 4.795E-11
 1.466E+00 1.718E+00 1.718E+00 1.774E+00 1.774E+00 2.360E+00 2.360E+00 2.396E+00
 2.606E+00 2.607E+00 2.944E+00 2.944E+00 3.308E+00 5.085E+00 6.731E+00 8.233E+00
 9.579E+00 1.076E+01 1.076E+01 1.147E+01 1.147E+01 1.187E+01 1.193E+01 1.193E+01
 1.381E+01 1.765E+01 2.045E+01 2.383E+01 2.561E+01 2.647E+01 2.647E+01 2.658E+01
 2.708E+01 2.733E+01 2.707E+01 2.565E+01 2.410E+01 2.148E+01 1.948E+01 1.791E+01
 1.664E+01 1.469E+01 1.324E+01 1.310E+01 1.186E+01 1.079E+01 9.215E+00 9.102E+00
 7.257E+00 6.056E+00 5.231E+00 4.624E+00 4.156E+00 3.783E+00 3.478E+00 3.222E+00
 3.005E+00 2.819E+00 2.655E+00 2.512E+00 2.385E+00 2.271E+00 2.076E+00 1.914E+00
 1.778E+00 1.662E+00 1.560E+00 1.472E+00 1.394E+00 1.108E+00 9.245E-01 7.965E-01
 6.282E-01 5.214E-01 3.713E-01 2.911E-01 2.064E-01 1.616E-01 1.338E-01 1.145E-01
 8.946E-02 7.360E-02 5.140E-02 3.978E-02 2.766E-02 2.135E-02 1.746E-02 1.480E-02
 1.140E-02 9.312E-03 6.435E-03 4.947E-03 3.412E-03 2.619E-03 2.133E-03 1.803E-03
 1.383E-03 1.125E-03
 5.566E+05 4.424E+05 5.878E+05 1.349E+06 1.632E+06 1.267E+06 1.464E+06 1.417E+06
 1.202E+06 1.276E+06 1.002E+06 1.047E+06 8.250E+05 3.150E+05 1.545E+05 8.783E+04
 5.499E+04 3.717E+04 1.029E+05 8.218E+04 1.122E+05 9.957E+04 9.785E+04 1.131E+05
 6.545E+04 2.234E+04 1.027E+04 3.370E+03 1.512E+03 8.788E+02 4.906E+03 4.530E+03
 2.804E+03 1.297E+03 7.045E+02 2.285E+02 1.025E+02 3.372E+01 1.579E+01 9.001E+00
 5.805E+00 3.030E+00 1.897E+00 1.816E+00 1.224E+00 8.742E-01 5.306E-01 5.117E-01
 2.798E-01 1.845E-01 1.359E-01 1.070E-01 8.790E-02 7.445E-02 6.449E-02 5.684E-02
 5.078E-02 4.587E-02 4.181E-02 3.841E-02 3.551E-02 3.301E-02 2.893E-02 2.575E-02
 2.319E-02 2.109E-02 1.934E-02 1.785E-02 1.658E-02 1.221E-02 9.667E-03 7.997E-03
 5.943E-03 4.729E-03 3.129E-03 2.338E-03 1.553E-03 1.163E-03 9.290E-04 7.736E-04
 5.796E-04 4.634E-04 3.087E-04 2.315E-04 1.543E-04 1.157E-04 9.252E-05 7.710E-05
 5.782E-05 4.625E-05 3.083E-05 2.312E-05 1.541E-05 1.156E-05 9.248E-06 7.707E-06
 5.780E-06 4.624E-06
 0.000E+00 0.000E+00 0.000E+00 0.000E+00 0.000E+00 0.000E+00 0.000E+00 0.000E+00
 0.000E+00 0.000E+00 0.000E+00 0.000E+00 0.000E+00 0.000E+00 0.000E+00 0.000E+00
 0.000E+00 0.000E+00 0.000E+00 0.000E+00 0.000E+00 0.000E+00 0.000E+00 0.000E+00
 0.000E+00 0.000E+00 0.000E+00 0.000E+00 0.000E+00 0.000E+00 0.000E+00 0.000E+00
 0.000E+00 0.000E+00 0.000E+00 0.000E+00 0.000E+00 0.000E+00 0.000E+00 0.000E+00
 0.000E+00 0.000E+00 0.000E+00 0.000E+00 6.347E-02 2.934E-01 9.473E-01 1.009E+00
 2.281E+00 3.422E+00 4.397E+00 5.235E+00 5.977E+00 6.643E+00 7.248E+00 7.803E+00
 8.316E+00 8.791E+00 9.236E+00 9.648E+00 1.003E+01 1.039E+01 1.103E+01 1.160E+01
 1.212E+01 1.260E+01 1.303E+01 1.342E+01 1.379E+01 1.527E+01 1.638E+01 1.724E+01
 1.850E+01 1.940E+01 2.083E+01 2.168E+01 2.266E+01 2.323E+01 2.360E+01 2.387E+01
 2.423E+01 2.446E+01 2.479E+01 2.497E+01 2.516E+01 2.527E+01 2.534E+01 2.538E+01
 2.544E+01 2.548E+01 2.553E+01 2.556E+01 2.559E+01 2.561E+01 2.562E+01 2.562E+01
 2.563E+01 2.564E+01
 0.000E+00 0.000E+00 0.000E+00 0.000E+00 0.000E+00 0.000E+00 0.000E+00 0.000E+00
 0.000E+00 0.000E+00 0.000E+00 0.000E+00 0.000E+00 0.000E+00 0.000E+00 0.000E+00
 0.000E+00 0.000E+00 0.000E+00 0.000E+00 0.000E+00 0.000E+00 0.000E+00 0.000E+00
 0.000E+00 0.000E+00 0.000E+00 0.000E+00 0.000E+00 0.000E+00 0.000E+00 0.000E+00
 0.000E+00 0.000E+00 0.000E+00 0.000E+00 0.000E+00 0.000E+00 0.000E+00 0.000E+00
 0.000E+00 0.000E+00 0.000E+00 0.000E+00 0.000E+00 0.000E+00 0.000E+00 0.000E+00
 2.537E-03 1.034E-02 2.058E-02 3.157E-02 4.250E-02 5.307E-02 6.318E-02 7.277E-02
 8.184E-02 9.037E-02 9.841E-02 1.061E-01 1.133E-01 1.201E-01 1.328E-01 1.444E-01
 1.549E-01 1.646E-01 1.735E-01 1.818E-01 1.894E-01 2.211E-01 2.451E-01 2.640E-01
 2.923E-01 3.129E-01 3.468E-01 3.679E-01 3.937E-01 4.092E-01 4.197E-01 4.275E-01
 4.382E-01 4.453E-01 4.559E-01 4.620E-01 4.686E-01 4.725E-01 4.749E-01 4.766E-01
 4.788E-01 4.802E-01 4.822E-01 4.833E-01 4.844E-01 4.851E-01 4.855E-01 4.857E-01
 4.860E-01 4.863E-01
     9
     3     3     3     3     3     7     3     3     7
  1.0000E-03  1.0634E-03  1.1309E-03
  1.1309E-03  1.1457E-03  1.1606E-03
  1.1606E-03  1.3109E-03  1.4806E-03
  1.4806E-03  1.5000E-03  1.6139E-03
  1.6139E-03  1.7044E-03  1.8000E-03
  1.8000E-03  2.0000E-03  3.0000E-03  4.0000E-03  5.0000E-03  6.0000E-03
  6.9769E-03
  6.9769E-03  7.2900E-03  7.6171E-03
  7.6171E-03  8.0000E-03  8.0520E-03
  8.0520E-03  1.0000E-02  1.5000E-02  2.0000E-02  3.0000E-02  4.0000E-02
  4.8519E-02
  5.5660E+05  4.9622E+05  4.4240E+05
  5.8780E+05  8.9133E+05  1.3490E+06
  1.6320E+06  1.4383E+06  1.2670E+06
  1.4640E+06  1.4170E+06  1.2020E+06
  1.2760E+06  1.1306E+06  1.0020E+06
  1.0470E+06  8.2500E+05  3.1500E+05  1.5450E+05  8.7830E+04  5.4990E+04
  3.7170E+04
  1.0290E+05  9.1955E+04  8.2180E+04
  1.1220E+05  9.9570E+04  9.7850E+04
  1.1310E+05  6.5450E+04  2.2340E+04  1.0270E+04  3.3700E+03  1.5120E+03
  8.7880E+02
