    68  167.259995
     9    98
    32    24    22    20    13    11     8     5     3
 K  L1 L2 L3 M1 M2 M3 M4 M5
  57485.5   9751.3   9264.3   8357.9   2206.5   2005.8   1811.8   1453.3
   1409.3
  1.00000E+03  1.40920E+03  1.40930E+03  1.45320E+03  1.45330E+03  1.50000E+03
  1.81170E+03  1.81180E+03  2.00000E+03  2.00570E+03  2.00580E+03  2.20640E+03
  2.20650E+03  3.00000E+03  4.00000E+03  5.00000E+03  6.00000E+03  8.00000E+03
  8.35780E+03  8.35790E+03  9.26420E+03  9.26430E+03  9.75120E+03  9.75130E+03
  1.00000E+04  1.50000E+04  2.00000E+04  3.00000E+04  4.00000E+04  5.00000E+04
  5.74854E+04  5.74855E+04  6.00000E+04  8.00000E+04  1.00000E+05  1.50000E+05
  2.00000E+05  3.00000E+05  4.00000E+05  5.00000E+05  6.00000E+05  8.00000E+05
  1.00000E+06  1.02200E+06  1.25000E+06  1.50000E+06  2.00000E+06  2.04400E+06
  3.00000E+06  4.00000E+06  5.00000E+06  6.00000E+06  7.00000E+06  8.00000E+06
  9.00000E+06  1.00000E+07  1.10000E+07  1.20000E+07  1.30000E+07  1.40000E+07
  1.50000E+07  1.60000E+07  1.80000E+07  2.00000E+07  2.20000E+07  2.40000E+07
  2.60000E+07  2.80000E+07  3.00000E+07  4.00000E+07  5.00000E+07  6.00000E+07
  8.00000E+07  1.00000E+08  1.50000E+08  2.00000E+08  3.00000E+08  4.00000E+08
  5.00000E+08  6.00000E+08  8.00000E+08  1.00000E+09  1.50000E+09  2.00000E+09
  3.00000E+09  4.00000E+09  5.00000E+09  6.00000E+09  8.00000E+09  1.00000E+10
  1.50000E+10  2.00000E+10  3.00000E+10  4.00000E+10  5.00000E+10  6.00000E+10
  8.00000E+10  1.00000E+11
 2.933E+03 2.829E+03 2.829E+03 2.817E+03 2.817E+03 2.804E+03 2.721E+03 2.721E+03
 2.668E+03 2.666E+03 2.666E+03 2.609E+03 2.609E+03 2.392E+03 2.127E+03 1.886E+03
 1.677E+03 1.342E+03 1.292E+03 1.292E+03 1.177E+03 1.177E+03 1.120E+03 1.120E+03
 1.093E+03 7.052E+02 5.007E+02 2.956E+02 1.933E+02 1.367E+02 1.098E+02 1.098E+02
 1.026E+02 6.432E+01 4.394E+01 2.143E+01 1.276E+01 6.032E+00 3.497E+00 2.278E+00
 1.601E+00 9.134E-01 5.894E-01 5.647E-01 3.795E-01 2.644E-01 1.493E-01 1.430E-01
 6.655E-02 3.748E-02 2.400E-02 1.667E-02 1.225E-02 9.379E-03 7.411E-03 6.003E-03
 4.962E-03 4.169E-03 3.553E-03 3.063E-03 2.668E-03 2.345E-03 1.853E-03 1.501E-03
 1.241E-03 1.042E-03 8.882E-04 7.659E-04 6.672E-04 3.753E-04 2.402E-04 1.668E-04
 9.382E-05 6.004E-05 2.669E-05 1.501E-05 6.671E-06 3.753E-06 2.402E-06 1.668E-06
 9.382E-07 6.004E-07 2.669E-07 1.501E-07 6.671E-08 3.753E-08 2.402E-08 1.668E-08
 9.382E-09 6.004E-09 2.669E-09 1.501E-09 6.671E-10 3.753E-10 2.402E-10 1.668E-10
 9.382E-11 6.004E-11
 1.393E+00 2.138E+00 2.139E+00 2.219E+00 2.219E+00 2.304E+00 2.863E+00 2.863E+00
 3.202E+00 3.212E+00 3.212E+00 3.572E+00 3.572E+00 4.984E+00 6.660E+00 8.206E+00
 9.611E+00 1.204E+01 1.243E+01 1.243E+01 1.338E+01 1.338E+01 1.385E+01 1.385E+01
 1.409E+01 1.816E+01 2.120E+01 2.505E+01 2.710E+01 2.822E+01 2.871E+01 2.871E+01
 2.882E+01 2.917E+01 2.895E+01 2.752E+01 2.590E+01 2.312E+01 2.098E+01 1.930E+01
 1.794E+01 1.584E+01 1.428E+01 1.413E+01 1.279E+01 1.164E+01 9.944E+00 9.822E+00
 7.832E+00 6.536E+00 5.645E+00 4.991E+00 4.486E+00 4.083E+00 3.753E+00 3.478E+00
 3.244E+00 3.042E+00 2.866E+00 2.711E+00 2.574E+00 2.451E+00 2.241E+00 2.066E+00
 1.919E+00 1.793E+00 1.684E+00 1.589E+00 1.504E+00 1.195E+00 9.979E-01 8.598E-01
 6.781E-01 5.628E-01 4.008E-01 3.142E-01 2.227E-01 1.744E-01 1.444E-01 1.236E-01
 9.656E-02 7.944E-02 5.548E-02 4.294E-02 2.986E-02 2.305E-02 1.884E-02 1.598E-02
 1.231E-02 1.005E-02 6.946E-03 5.340E-03 3.683E-03 2.827E-03 2.302E-03 1.946E-03
 1.492E-03 1.214E-03
 7.602E+05 3.882E+05 5.636E+05 1.200E+06 1.350E+06 1.683E+06 1.064E+06 1.234E+06
 9.758E+05 9.692E+05 1.030E+06 8.293E+05 8.658E+05 4.215E+05 2.086E+05 1.192E+05
 7.489E+04 3.559E+04 3.175E+04 8.551E+04 6.540E+04 8.966E+04 7.903E+04 9.135E+04
 8.580E+04 3.000E+04 1.393E+04 4.623E+03 2.089E+03 1.122E+03 7.593E+02 4.065E+03
 3.651E+03 1.706E+03 9.348E+02 3.080E+02 1.395E+02 4.650E+01 2.195E+01 1.258E+01
 8.144E+00 4.268E+00 2.677E+00 2.562E+00 1.727E+00 1.232E+00 7.471E-01 7.205E-01
 3.929E-01 2.586E-01 1.902E-01 1.495E-01 1.228E-01 1.039E-01 8.994E-02 7.922E-02
 7.075E-02 6.388E-02 5.821E-02 5.345E-02 4.940E-02 4.592E-02 4.023E-02 3.579E-02
 3.222E-02 2.930E-02 2.686E-02 2.479E-02 2.302E-02 1.695E-02 1.341E-02 1.109E-02
 8.241E-03 6.555E-03 4.337E-03 3.240E-03 2.152E-03 1.611E-03 1.287E-03 1.072E-03
 8.030E-04 6.421E-04 4.277E-04 3.207E-04 2.137E-04 1.602E-04 1.282E-04 1.068E-04
 8.009E-05 6.407E-05 4.271E-05 3.203E-05 2.135E-05 1.602E-05 1.281E-05 1.068E-05
 8.007E-06 6.406E-06
 0.000E+00 0.000E+00 0.000E+00 0.000E+00 0.000E+00 0.000E+00 0.000E+00 0.000E+00
 0.000E+00 0.000E+00 0.000E+00 0.000E+00 0.000E+00 0.000E+00 0.000E+00 0.000E+00
 0.000E+00 0.000E+00 0.000E+00 0.000E+00 0.000E+00 0.000E+00 0.000E+00 0.000E+00
 0.000E+00 0.000E+00 0.000E+00 0.000E+00 0.000E+00 0.000E+00 0.000E+00 0.000E+00
 0.000E+00 0.000E+00 0.000E+00 0.000E+00 0.000E+00 0.000E+00 0.000E+00 0.000E+00
 0.000E+00 0.000E+00 0.000E+00 0.000E+00 7.822E-02 3.628E-01 1.149E+00 1.222E+00
 2.700E+00 4.009E+00 5.119E+00 6.074E+00 6.917E+00 7.674E+00 8.362E+00 8.993E+00
 9.577E+00 1.012E+01 1.063E+01 1.110E+01 1.153E+01 1.194E+01 1.268E+01 1.333E+01
 1.393E+01 1.447E+01 1.496E+01 1.542E+01 1.584E+01 1.754E+01 1.881E+01 1.979E+01
 2.124E+01 2.227E+01 2.389E+01 2.485E+01 2.597E+01 2.661E+01 2.703E+01 2.733E+01
 2.773E+01 2.798E+01 2.836E+01 2.856E+01 2.878E+01 2.890E+01 2.897E+01 2.902E+01
 2.909E+01 2.913E+01 2.919E+01 2.922E+01 2.926E+01 2.927E+01 2.928E+01 2.929E+01
 2.930E+01 2.931E+01
 0.000E+00 0.000E+00 0.000E+00 0.000E+00 0.000E+00 0.000E+00 0.000E+00 0.000E+00
 0.000E+00 0.000E+00 0.000E+00 0.000E+00 0.000E+00 0.000E+00 0.000E+00 0.000E+00
 0.000E+00 0.000E+00 0.000E+00 0.000E+00 0.000E+00 0.000E+00 0.000E+00 0.000E+00
 0.000E+00 0.000E+00 0.000E+00 0.000E+00 0.000E+00 0.000E+00 0.000E+00 0.000E+00
 0.000E+00 0.000E+00 0.000E+00 0.000E+00 0.000E+00 0.000E+00 0.000E+00 0.000E+00
 0.000E+00 0.000E+00 0.000E+00 0.000E+00 0.000E+00 0.000E+00 0.000E+00 0.000E+00
 2.737E-03 1.116E-02 2.220E-02 3.405E-02 4.583E-02 5.723E-02 6.812E-02 7.845E-02
 8.821E-02 9.740E-02 1.061E-01 1.143E-01 1.221E-01 1.294E-01 1.431E-01 1.555E-01
 1.668E-01 1.772E-01 1.868E-01 1.956E-01 2.039E-01 2.378E-01 2.633E-01 2.835E-01
 3.137E-01 3.355E-01 3.713E-01 3.936E-01 4.206E-01 4.368E-01 4.478E-01 4.558E-01
 4.669E-01 4.743E-01 4.852E-01 4.915E-01 4.982E-01 5.023E-01 5.047E-01 5.064E-01
 5.087E-01 5.102E-01 5.121E-01 5.133E-01 5.144E-01 5.151E-01 5.155E-01 5.158E-01
 5.161E-01 5.163E-01
     9
     3     3     3     3     3     7     3     3     8
  1.0000E-03  1.1871E-03  1.4093E-03
  1.4093E-03  1.4311E-03  1.4533E-03
  1.4533E-03  1.5000E-03  1.8118E-03
  1.8118E-03  2.0000E-03  2.0058E-03
  2.0058E-03  2.1038E-03  2.2065E-03
  2.2065E-03  3.0000E-03  4.0000E-03  5.0000E-03  6.0000E-03  8.0000E-03
  8.3579E-03
  8.3579E-03  8.7994E-03  9.2643E-03
  9.2643E-03  9.5047E-03  9.7513E-03
  9.7513E-03  1.0000E-02  1.5000E-02  2.0000E-02  3.0000E-02  4.0000E-02
  5.0000E-02  5.7485E-02
  7.6020E+05  5.4330E+05  3.8820E+05
  5.6360E+05  8.2271E+05  1.2000E+06
  1.3500E+06  1.6830E+06  1.0640E+06
  1.2340E+06  9.7580E+05  9.6920E+05
  1.0300E+06  9.2407E+05  8.2930E+05
  8.6580E+05  4.2150E+05  2.0860E+05  1.1920E+05  7.4890E+04  3.5590E+04
  3.1750E+04
  8.5510E+04  7.4781E+04  6.5400E+04
  8.9660E+04  8.4183E+04  7.9030E+04
  9.1350E+04  8.5800E+04  3.0000E+04  1.3930E+04  4.6230E+03  2.0890E+03
  1.1220E+03  7.5930E+02
