    69  168.934204
     9    98
    32    25    22    20    13    11     8     6     3
 K  L1 L2 L3 M1 M2 M3 M4 M5
  59389.6  10115.7   9616.9   8648.0   2306.8   2089.8   1884.5   1514.6
   1467.7
  1.00000E+03  1.46760E+03  1.46770E+03  1.50000E+03  1.51450E+03  1.51460E+03
  1.88440E+03  1.88450E+03  2.00000E+03  2.08970E+03  2.08980E+03  2.30670E+03
  2.30680E+03  3.00000E+03  4.00000E+03  5.00000E+03  6.00000E+03  8.00000E+03
  8.64790E+03  8.64800E+03  9.61680E+03  9.61690E+03  1.00000E+04  1.01156E+04
  1.01157E+04  1.50000E+04  2.00000E+04  3.00000E+04  4.00000E+04  5.00000E+04
  5.93895E+04  5.93896E+04  6.00000E+04  8.00000E+04  1.00000E+05  1.50000E+05
  2.00000E+05  3.00000E+05  4.00000E+05  5.00000E+05  6.00000E+05  8.00000E+05
  1.00000E+06  1.02200E+06  1.25000E+06  1.50000E+06  2.00000E+06  2.04400E+06
  3.00000E+06  4.00000E+06  5.00000E+06  6.00000E+06  7.00000E+06  8.00000E+06
  9.00000E+06  1.00000E+07  1.10000E+07  1.20000E+07  1.30000E+07  1.40000E+07
  1.50000E+07  1.60000E+07  1.80000E+07  2.00000E+07  2.20000E+07  2.40000E+07
  2.60000E+07  2.80000E+07  3.00000E+07  4.00000E+07  5.00000E+07  6.00000E+07
  8.00000E+07  1.00000E+08  1.50000E+08  2.00000E+08  3.00000E+08  4.00000E+08
  5.00000E+08  6.00000E+08  8.00000E+08  1.00000E+09  1.50000E+09  2.00000E+09
  3.00000E+09  4.00000E+09  5.00000E+09  6.00000E+09  8.00000E+09  1.00000E+10
  1.50000E+10  2.00000E+10  3.00000E+10  4.00000E+10  5.00000E+10  6.00000E+10
  8.00000E+10  1.00000E+11
 3.024E+03 2.904E+03 2.904E+03 2.895E+03 2.891E+03 2.891E+03 2.790E+03 2.790E+03
 2.757E+03 2.731E+03 2.731E+03 2.669E+03 2.669E+03 2.478E+03 2.207E+03 1.960E+03
 1.744E+03 1.397E+03 1.305E+03 1.305E+03 1.183E+03 1.183E+03 1.139E+03 1.126E+03
 1.126E+03 7.341E+02 5.203E+02 3.073E+02 2.011E+02 1.422E+02 1.084E+02 1.084E+02
 1.067E+02 6.692E+01 4.576E+01 2.233E+01 1.329E+01 6.289E+00 3.648E+00 2.377E+00
 1.670E+00 9.535E-01 6.153E-01 5.895E-01 3.963E-01 2.762E-01 1.560E-01 1.493E-01
 6.952E-02 3.915E-02 2.507E-02 1.741E-02 1.280E-02 9.798E-03 7.742E-03 6.271E-03
 5.183E-03 4.355E-03 3.711E-03 3.200E-03 2.788E-03 2.450E-03 1.936E-03 1.568E-03
 1.296E-03 1.089E-03 9.279E-04 8.001E-04 6.970E-04 3.921E-04 2.509E-04 1.742E-04
 9.801E-05 6.273E-05 2.788E-05 1.568E-05 6.970E-06 3.920E-06 2.509E-06 1.742E-06
 9.801E-07 6.273E-07 2.788E-07 1.568E-07 6.970E-08 3.920E-08 2.509E-08 1.742E-08
 9.801E-09 6.273E-09 2.788E-09 1.568E-09 6.970E-10 3.920E-10 2.509E-10 1.742E-10
 9.801E-11 6.273E-11
 1.379E+00 2.227E+00 2.227E+00 2.286E+00 2.312E+00 2.312E+00 2.973E+00 2.973E+00
 3.180E+00 3.341E+00 3.341E+00 3.729E+00 3.729E+00 4.961E+00 6.638E+00 8.188E+00
 9.600E+00 1.205E+01 1.275E+01 1.275E+01 1.374E+01 1.374E+01 1.412E+01 1.423E+01
 1.423E+01 1.823E+01 2.132E+01 2.526E+01 2.738E+01 2.854E+01 2.913E+01 2.913E+01
 2.916E+01 2.953E+01 2.932E+01 2.789E+01 2.626E+01 2.345E+01 2.128E+01 1.958E+01
 1.820E+01 1.607E+01 1.449E+01 1.434E+01 1.298E+01 1.181E+01 1.009E+01 9.967E+00
 7.947E+00 6.632E+00 5.728E+00 5.064E+00 4.552E+00 4.143E+00 3.809E+00 3.529E+00
 3.292E+00 3.087E+00 2.908E+00 2.751E+00 2.612E+00 2.488E+00 2.274E+00 2.097E+00
 1.947E+00 1.820E+00 1.709E+00 1.612E+00 1.526E+00 1.213E+00 1.013E+00 8.724E-01
 6.880E-01 5.711E-01 4.067E-01 3.189E-01 2.260E-01 1.770E-01 1.465E-01 1.255E-01
 9.798E-02 8.061E-02 5.629E-02 4.357E-02 3.029E-02 2.338E-02 1.912E-02 1.621E-02
 1.249E-02 1.020E-02 7.048E-03 5.419E-03 3.737E-03 2.869E-03 2.336E-03 1.975E-03
 1.514E-03 1.232E-03
 8.102E+05 3.793E+05 5.175E+05 1.101E+06 1.160E+06 1.352E+06 1.026E+06 1.190E+06
 1.031E+06 9.304E+05 9.886E+05 7.890E+05 8.237E+05 4.446E+05 2.207E+05 1.262E+05
 7.937E+04 3.777E+04 3.082E+04 8.260E+04 6.260E+04 8.581E+04 7.825E+04 7.586E+04
 8.770E+04 3.170E+04 1.475E+04 4.909E+03 2.222E+03 1.195E+03 7.383E+02 3.964E+03
 3.816E+03 1.795E+03 9.854E+02 3.258E+02 1.479E+02 4.943E+01 2.337E+01 1.341E+01
 8.688E+00 4.557E+00 2.858E+00 2.736E+00 1.844E+00 1.316E+00 7.976E-01 7.692E-01
 4.193E-01 2.758E-01 2.029E-01 1.594E-01 1.308E-01 1.107E-01 9.584E-02 8.441E-02
 7.537E-02 6.805E-02 6.201E-02 5.694E-02 5.262E-02 4.891E-02 4.285E-02 3.811E-02
 3.431E-02 3.120E-02 2.860E-02 2.640E-02 2.451E-02 1.805E-02 1.428E-02 1.181E-02
 8.772E-03 6.977E-03 4.616E-03 3.449E-03 2.290E-03 1.714E-03 1.370E-03 1.141E-03
 8.547E-04 6.833E-04 4.552E-04 3.413E-04 2.274E-04 1.705E-04 1.364E-04 1.137E-04
 8.524E-05 6.819E-05 4.546E-05 3.409E-05 2.273E-05 1.704E-05 1.364E-05 1.136E-05
 8.522E-06 6.817E-06
 0.000E+00 0.000E+00 0.000E+00 0.000E+00 0.000E+00 0.000E+00 0.000E+00 0.000E+00
 0.000E+00 0.000E+00 0.000E+00 0.000E+00 0.000E+00 0.000E+00 0.000E+00 0.000E+00
 0.000E+00 0.000E+00 0.000E+00 0.000E+00 0.000E+00 0.000E+00 0.000E+00 0.000E+00
 0.000E+00 0.000E+00 0.000E+00 0.000E+00 0.000E+00 0.000E+00 0.000E+00 0.000E+00
 0.000E+00 0.000E+00 0.000E+00 0.000E+00 0.000E+00 0.000E+00 0.000E+00 0.000E+00
 0.000E+00 0.000E+00 0.000E+00 0.000E+00 8.140E-02 3.780E-01 1.193E+00 1.268E+00
 2.789E+00 4.133E+00 5.270E+00 6.248E+00 7.112E+00 7.887E+00 8.592E+00 9.239E+00
 9.837E+00 1.039E+01 1.091E+01 1.140E+01 1.184E+01 1.226E+01 1.302E+01 1.369E+01
 1.430E+01 1.486E+01 1.536E+01 1.583E+01 1.626E+01 1.801E+01 1.931E+01 2.032E+01
 2.181E+01 2.286E+01 2.452E+01 2.550E+01 2.665E+01 2.730E+01 2.773E+01 2.804E+01
 2.845E+01 2.871E+01 2.909E+01 2.930E+01 2.952E+01 2.964E+01 2.972E+01 2.977E+01
 2.984E+01 2.988E+01 2.995E+01 2.998E+01 3.001E+01 3.003E+01 3.004E+01 3.005E+01
 3.006E+01 3.006E+01
 0.000E+00 0.000E+00 0.000E+00 0.000E+00 0.000E+00 0.000E+00 0.000E+00 0.000E+00
 0.000E+00 0.000E+00 0.000E+00 0.000E+00 0.000E+00 0.000E+00 0.000E+00 0.000E+00
 0.000E+00 0.000E+00 0.000E+00 0.000E+00 0.000E+00 0.000E+00 0.000E+00 0.000E+00
 0.000E+00 0.000E+00 0.000E+00 0.000E+00 0.000E+00 0.000E+00 0.000E+00 0.000E+00
 0.000E+00 0.000E+00 0.000E+00 0.000E+00 0.000E+00 0.000E+00 0.000E+00 0.000E+00
 0.000E+00 0.000E+00 0.000E+00 0.000E+00 0.000E+00 0.000E+00 0.000E+00 0.000E+00
 2.777E-03 1.132E-02 2.253E-02 3.455E-02 4.650E-02 5.806E-02 6.910E-02 7.958E-02
 8.948E-02 9.881E-02 1.076E-01 1.159E-01 1.238E-01 1.313E-01 1.451E-01 1.577E-01
 1.692E-01 1.797E-01 1.894E-01 1.984E-01 2.067E-01 2.411E-01 2.670E-01 2.874E-01
 3.179E-01 3.399E-01 3.761E-01 3.986E-01 4.259E-01 4.421E-01 4.532E-01 4.613E-01
 4.725E-01 4.799E-01 4.909E-01 4.971E-01 5.040E-01 5.080E-01 5.105E-01 5.122E-01
 5.145E-01 5.159E-01 5.179E-01 5.191E-01 5.202E-01 5.209E-01 5.213E-01 5.216E-01
 5.218E-01 5.221E-01
     9
     3     3     3     3     3     7     3     3     7
  1.0000E-03  1.2115E-03  1.4677E-03
  1.4677E-03  1.5000E-03  1.5146E-03
  1.5146E-03  1.6895E-03  1.8845E-03
  1.8845E-03  2.0000E-03  2.0898E-03
  2.0898E-03  2.1956E-03  2.3068E-03
  2.3068E-03  3.0000E-03  4.0000E-03  5.0000E-03  6.0000E-03  8.0000E-03
  8.6480E-03
  8.6480E-03  9.1196E-03  9.6169E-03
  9.6169E-03  1.0000E-02  1.0116E-02
  1.0116E-02  1.5000E-02  2.0000E-02  3.0000E-02  4.0000E-02  5.0000E-02
  5.9390E-02
  8.1020E+05  5.5428E+05  3.7930E+05
  5.1750E+05  1.1010E+06  1.1600E+06
  1.3520E+06  1.1781E+06  1.0260E+06
  1.1900E+06  1.0310E+06  9.3040E+05
  9.8860E+05  8.8317E+05  7.8900E+05
  8.2370E+05  4.4460E+05  2.2070E+05  1.2620E+05  7.9370E+04  3.7770E+04
  3.0820E+04
  8.2600E+04  7.1910E+04  6.2600E+04
  8.5810E+04  7.8250E+04  7.5860E+04
  8.7700E+04  3.1700E+04  1.4750E+04  4.9090E+03  2.2220E+03  1.1950E+03
  7.3830E+02
