    92  238.050995
    12   104
    41    33    31    28    22    20    17    14    12     7     5     3
 K  L1 L2 L3 M1 M2 M3 M4 M5 N1 N2 N3
 115606.1  21757.4  20947.6  17166.3   5548.0   5182.2   4303.4   3727.6
   3551.7   1440.8   1272.6   1044.9
  1.00000E+03  1.04480E+03  1.04490E+03  1.27250E+03  1.27260E+03  1.44070E+03
  1.44080E+03  1.50000E+03  2.00000E+03  3.00000E+03  3.55160E+03  3.55170E+03
  3.72750E+03  3.72760E+03  4.00000E+03  4.30330E+03  4.30340E+03  5.00000E+03
  5.18210E+03  5.18220E+03  5.54790E+03  5.54800E+03  6.00000E+03  8.00000E+03
  1.00000E+04  1.50000E+04  1.71662E+04  1.71663E+04  2.00000E+04  2.09475E+04
  2.09476E+04  2.17573E+04  2.17574E+04  3.00000E+04  4.00000E+04  5.00000E+04
  6.00000E+04  8.00000E+04  1.00000E+05  1.15606E+05  1.15606E+05  1.50000E+05
  2.00000E+05  3.00000E+05  4.00000E+05  5.00000E+05  6.00000E+05  8.00000E+05
  1.00000E+06  1.02200E+06  1.25000E+06  1.50000E+06  2.00000E+06  2.04400E+06
  3.00000E+06  4.00000E+06  5.00000E+06  6.00000E+06  7.00000E+06  8.00000E+06
  9.00000E+06  1.00000E+07  1.10000E+07  1.20000E+07  1.30000E+07  1.40000E+07
  1.50000E+07  1.60000E+07  1.80000E+07  2.00000E+07  2.20000E+07  2.40000E+07
  2.60000E+07  2.80000E+07  3.00000E+07  4.00000E+07  5.00000E+07  6.00000E+07
  8.00000E+07  1.00000E+08  1.50000E+08  2.00000E+08  3.00000E+08  4.00000E+08
  5.00000E+08  6.00000E+08  8.00000E+08  1.00000E+09  1.50000E+09  2.00000E+09
  3.00000E+09  4.00000E+09  5.00000E+09  6.00000E+09  8.00000E+09  1.00000E+10
  1.50000E+10  2.00000E+10  3.00000E+10  4.00000E+10  5.00000E+10  6.00000E+10
  8.00000E+10  1.00000E+11
 5.363E+03 5.342E+03 5.342E+03 5.236E+03 5.236E+03 5.149E+03 5.149E+03 5.118E+03
 4.860E+03 4.355E+03 4.095E+03 4.095E+03 4.015E+03 4.015E+03 3.895E+03 3.767E+03
 3.767E+03 3.494E+03 3.427E+03 3.427E+03 3.299E+03 3.299E+03 3.150E+03 2.596E+03
 2.173E+03 1.476E+03 1.272E+03 1.272E+03 1.063E+03 1.004E+03 1.004E+03 9.583E+02
 9.583E+02 6.264E+02 4.211E+02 3.036E+02 2.285E+02 1.435E+02 9.957E+01 7.804E+01
 7.804E+01 4.979E+01 2.982E+01 1.431E+01 8.422E+00 5.542E+00 3.921E+00 2.258E+00
 1.466E+00 1.405E+00 9.487E-01 6.635E-01 3.764E-01 3.606E-01 1.685E-01 9.505E-02
 6.092E-02 4.234E-02 3.112E-02 2.383E-02 1.884E-02 1.526E-02 1.261E-02 1.060E-02
 9.033E-03 7.789E-03 6.785E-03 5.964E-03 4.713E-03 3.817E-03 3.155E-03 2.651E-03
 2.259E-03 1.948E-03 1.697E-03 9.545E-04 6.109E-04 4.242E-04 2.386E-04 1.527E-04
 6.788E-05 3.818E-05 1.697E-05 9.545E-06 6.109E-06 4.242E-06 2.386E-06 1.527E-06
 6.788E-07 3.818E-07 1.697E-07 9.545E-08 6.109E-08 4.242E-08 2.386E-08 1.527E-08
 6.788E-09 3.818E-09 1.697E-09 9.545E-10 6.109E-10 4.242E-10 2.386E-10 1.527E-10
 1.789E+00 1.895E+00 1.895E+00 2.419E+00 2.419E+00 2.808E+00 2.809E+00 2.946E+00
 4.088E+00 6.305E+00 7.465E+00 7.465E+00 7.822E+00 7.822E+00 8.363E+00 8.950E+00
 8.950E+00 1.023E+01 1.054E+01 1.054E+01 1.116E+01 1.116E+01 1.189E+01 1.481E+01
 1.738E+01 2.255E+01 2.428E+01 2.428E+01 2.619E+01 2.676E+01 2.676E+01 2.723E+01
 2.723E+01 3.096E+01 3.390E+01 3.571E+01 3.678E+01 3.762E+01 3.759E+01 3.729E+01
 3.729E+01 3.620E+01 3.432E+01 3.085E+01 2.809E+01 2.590E+01 2.411E+01 2.133E+01
 1.925E+01 1.905E+01 1.726E+01 1.572E+01 1.344E+01 1.327E+01 1.059E+01 8.838E+00
 7.635E+00 6.750E+00 6.068E+00 5.523E+00 5.077E+00 4.705E+00 4.388E+00 4.116E+00
 3.877E+00 3.668E+00 3.482E+00 3.316E+00 3.031E+00 2.795E+00 2.596E+00 2.426E+00
 2.278E+00 2.149E+00 2.035E+00 1.617E+00 1.350E+00 1.163E+00 9.174E-01 7.614E-01
 5.422E-01 4.251E-01 3.013E-01 2.360E-01 1.954E-01 1.673E-01 1.306E-01 1.075E-01
 7.506E-02 5.809E-02 4.039E-02 3.118E-02 2.549E-02 2.162E-02 1.665E-02 1.360E-02
 9.397E-03 7.225E-03 4.983E-03 3.825E-03 3.115E-03 2.633E-03 2.019E-03 1.643E-03
 2.614E+06 2.417E+06 2.572E+06 1.784E+06 1.809E+06 1.417E+06 1.445E+06 1.331E+06
 7.323E+05 2.997E+05 2.037E+05 4.962E+05 4.355E+05 6.212E+05 5.213E+05 4.351E+05
 5.067E+05 3.479E+05 3.174E+05 3.369E+05 2.845E+05 2.967E+05 2.452E+05 1.202E+05
 6.860E+04 2.430E+04 1.713E+04 4.098E+04 2.700E+04 2.387E+04 3.390E+04 3.073E+04
 3.546E+04 1.566E+04 7.383E+03 4.092E+03 2.515E+03 1.161E+03 6.354E+02 4.292E+02
 1.819E+03 9.381E+02 4.489E+02 1.601E+02 7.899E+01 4.667E+01 3.086E+01 1.657E+01
 1.049E+01 1.005E+01 6.792E+00 4.830E+00 2.917E+00 2.812E+00 1.520E+00 9.918E-01
 7.251E-01 5.671E-01 4.637E-01 3.911E-01 3.377E-01 2.968E-01 2.645E-01 2.384E-01
 2.169E-01 1.989E-01 1.837E-01 1.705E-01 1.491E-01 1.325E-01 1.191E-01 1.082E-01
 9.911E-02 9.141E-02 8.482E-02 6.231E-02 4.922E-02 4.067E-02 3.018E-02 2.399E-02
 1.585E-02 1.184E-02 7.857E-03 5.880E-03 4.697E-03 3.911E-03 2.930E-03 2.342E-03
 1.560E-03 1.170E-03 7.794E-04 5.845E-04 4.675E-04 3.895E-04 2.921E-04 2.337E-04
 1.558E-04 1.168E-04 7.788E-05 5.841E-05 4.673E-05 3.894E-05 2.920E-05 2.336E-05
 0.000E+00 0.000E+00 0.000E+00 0.000E+00 0.000E+00 0.000E+00 0.000E+00 0.000E+00
 0.000E+00 0.000E+00 0.000E+00 0.000E+00 0.000E+00 0.000E+00 0.000E+00 0.000E+00
 0.000E+00 0.000E+00 0.000E+00 0.000E+00 0.000E+00 0.000E+00 0.000E+00 0.000E+00
 0.000E+00 0.000E+00 0.000E+00 0.000E+00 0.000E+00 0.000E+00 0.000E+00 0.000E+00
 0.000E+00 0.000E+00 0.000E+00 0.000E+00 0.000E+00 0.000E+00 0.000E+00 0.000E+00
 0.000E+00 0.000E+00 0.000E+00 0.000E+00 0.000E+00 0.000E+00 0.000E+00 0.000E+00
 0.000E+00 0.000E+00 1.761E-01 8.691E-01 2.546E+00 2.688E+00 5.294E+00 7.419E+00
 9.191E+00 1.071E+01 1.206E+01 1.327E+01 1.439E+01 1.541E+01 1.637E+01 1.725E+01
 1.808E+01 1.886E+01 1.959E+01 2.027E+01 2.150E+01 2.260E+01 2.360E+01 2.451E+01
 2.535E+01 2.611E+01 2.682E+01 2.969E+01 3.182E+01 3.348E+01 3.591E+01 3.763E+01
 4.034E+01 4.195E+01 4.383E+01 4.491E+01 4.562E+01 4.612E+01 4.679E+01 4.723E+01
 4.786E+01 4.820E+01 4.857E+01 4.878E+01 4.890E+01 4.899E+01 4.911E+01 4.918E+01
 4.928E+01 4.933E+01 4.939E+01 4.942E+01 4.944E+01 4.945E+01 4.947E+01 4.948E+01
 0.000E+00 0.000E+00 0.000E+00 0.000E+00 0.000E+00 0.000E+00 0.000E+00 0.000E+00
 0.000E+00 0.000E+00 0.000E+00 0.000E+00 0.000E+00 0.000E+00 0.000E+00 0.000E+00
 0.000E+00 0.000E+00 0.000E+00 0.000E+00 0.000E+00 0.000E+00 0.000E+00 0.000E+00
 0.000E+00 0.000E+00 0.000E+00 0.000E+00 0.000E+00 0.000E+00 0.000E+00 0.000E+00
 0.000E+00 0.000E+00 0.000E+00 0.000E+00 0.000E+00 0.000E+00 0.000E+00 0.000E+00
 0.000E+00 0.000E+00 0.000E+00 0.000E+00 0.000E+00 0.000E+00 0.000E+00 0.000E+00
 0.000E+00 0.000E+00 0.000E+00 0.000E+00 0.000E+00 0.000E+00 3.698E-03 1.507E-02
 2.996E-02 4.590E-02 6.175E-02 7.705E-02 9.166E-02 1.055E-01 1.186E-01 1.308E-01
 1.424E-01 1.533E-01 1.637E-01 1.735E-01 1.916E-01 2.081E-01 2.230E-01 2.367E-01
 2.493E-01 2.610E-01 2.718E-01 3.162E-01 3.495E-01 3.757E-01 4.148E-01 4.429E-01
 4.889E-01 5.175E-01 5.520E-01 5.726E-01 5.867E-01 5.969E-01 6.110E-01 6.204E-01
 6.344E-01 6.423E-01 6.509E-01 6.561E-01 6.592E-01 6.614E-01 6.643E-01 6.662E-01
 6.686E-01 6.701E-01 6.715E-01 6.724E-01 6.730E-01 6.733E-01 6.737E-01 6.740E-01
    12
     3     3     3     5     3     3     3     3     6     3     3     8
  1.0000E-03  1.0222E-03  1.0449E-03
  1.0449E-03  1.1531E-03  1.2726E-03
  1.2726E-03  1.3541E-03  1.4408E-03
  1.4408E-03  1.5000E-03  2.0000E-03  3.0000E-03  3.5517E-03
  3.5517E-03  3.6386E-03  3.7276E-03
  3.7276E-03  4.0000E-03  4.3034E-03
  4.3034E-03  5.0000E-03  5.1822E-03
  5.1822E-03  5.3620E-03  5.5480E-03
  5.5480E-03  6.0000E-03  8.0000E-03  1.0000E-02  1.5000E-02  1.7166E-02
  1.7166E-02  2.0000E-02  2.0948E-02
  2.0948E-02  2.1349E-02  2.1757E-02
  2.1757E-02  3.0000E-02  4.0000E-02  5.0000E-02  6.0000E-02  8.0000E-02
  1.0000E-01  1.156061E-01
  2.6140E+06  2.5137E+06  2.4170E+06
  2.5720E+06  2.1418E+06  1.7840E+06
  1.8090E+06  1.6007E+06  1.4170E+06
  1.4450E+06  1.3310E+06  7.3230E+05  2.9970E+05  2.0370E+05
  4.9620E+05  4.6484E+05  4.3550E+05
  6.2120E+05  5.2130E+05  4.3510E+05
  5.0670E+05  3.4790E+05  3.1740E+05
  3.3690E+05  3.0962E+05  2.8450E+05
  2.9670E+05  2.4520E+05  1.2020E+05  6.8600E+04  2.4300E+04  1.7130E+04
  4.0980E+04  2.7000E+04  2.3870E+04
  3.3900E+04  3.2274E+04  3.0730E+04
  3.5460E+04  1.5660E+04  7.3830E+03  4.0920E+03  2.5150E+03  1.1610E+03
  6.3540E+02  4.2920E+02
