    42   95.940002
     4    88
    18     9     7     5
 K  L1 L2 L3
  19999.5   2865.5   2625.1   2520.2
  1.00000E+03  1.50000E+03  2.00000E+03  2.52010E+03  2.52020E+03  2.62500E+03
  2.62510E+03  2.86540E+03  2.86550E+03  3.00000E+03  4.00000E+03  5.00000E+03
  6.00000E+03  8.00000E+03  1.00000E+04  1.50000E+04  1.99994E+04  1.99995E+04
  2.00000E+04  3.00000E+04  4.00000E+04  5.00000E+04  6.00000E+04  8.00000E+04
  1.00000E+05  1.50000E+05  2.00000E+05  3.00000E+05  4.00000E+05  5.00000E+05
  6.00000E+05  8.00000E+05  1.00000E+06  1.02200E+06  1.25000E+06  1.50000E+06
  2.00000E+06  2.04400E+06  3.00000E+06  4.00000E+06  5.00000E+06  6.00000E+06
  7.00000E+06  8.00000E+06  9.00000E+06  1.00000E+07  1.10000E+07  1.20000E+07
  1.30000E+07  1.40000E+07  1.50000E+07  1.60000E+07  1.80000E+07  2.00000E+07
  2.20000E+07  2.40000E+07  2.60000E+07  2.80000E+07  3.00000E+07  4.00000E+07
  5.00000E+07  6.00000E+07  8.00000E+07  1.00000E+08  1.50000E+08  2.00000E+08
  3.00000E+08  4.00000E+08  5.00000E+08  6.00000E+08  8.00000E+08  1.00000E+09
  1.50000E+09  2.00000E+09  3.00000E+09  4.00000E+09  5.00000E+09  6.00000E+09
  8.00000E+09  1.00000E+10  1.50000E+10  2.00000E+10  3.00000E+10  4.00000E+10
  5.00000E+10  6.00000E+10  8.00000E+10  1.00000E+11
 1.106E+03 1.042E+03 9.727E+02 9.026E+02 9.026E+02 8.886E+02 8.886E+02 8.573E+02
 8.573E+02 8.403E+02 7.259E+02 6.317E+02 5.553E+02 4.419E+02 3.612E+02 2.307E+02
 1.576E+02 1.576E+02 1.576E+02 8.895E+01 5.793E+01 4.053E+01 2.985E+01 1.820E+01
 1.232E+01 5.959E+00 3.494E+00 1.616E+00 9.266E-01 5.997E-01 4.193E-01 2.377E-01
 1.527E-01 1.462E-01 9.799E-02 6.814E-02 3.839E-02 3.675E-02 1.708E-02 9.610E-03
 6.152E-03 4.272E-03 3.139E-03 2.404E-03 1.899E-03 1.538E-03 1.271E-03 1.068E-03
 9.103E-04 7.849E-04 6.837E-04 6.009E-04 4.748E-04 3.846E-04 3.179E-04 2.671E-04
 2.276E-04 1.962E-04 1.709E-04 9.615E-05 6.154E-05 4.273E-05 2.404E-05 1.538E-05
 6.837E-06 3.846E-06 1.709E-06 9.614E-07 6.153E-07 4.273E-07 2.404E-07 1.538E-07
 6.837E-08 3.846E-08 1.709E-08 9.614E-09 6.153E-09 4.273E-09 2.404E-09 1.538E-09
 6.837E-10 3.846E-10 1.709E-10 9.614E-11 6.153E-11 4.273E-11 2.404E-11 1.538E-11
 1.024E+00 1.787E+00 2.523E+00 3.258E+00 3.258E+00 3.402E+00 3.402E+00 3.729E+00
 3.729E+00 3.909E+00 5.177E+00 6.344E+00 7.415E+00 9.248E+00 1.070E+01 1.334E+01
 1.515E+01 1.515E+01 1.515E+01 1.732E+01 1.841E+01 1.896E+01 1.918E+01 1.911E+01
 1.875E+01 1.755E+01 1.639E+01 1.451E+01 1.311E+01 1.202E+01 1.115E+01 9.825E+00
 8.846E+00 8.754E+00 7.918E+00 7.201E+00 6.149E+00 6.074E+00 4.840E+00 4.039E+00
 3.488E+00 3.083E+00 2.771E+00 2.522E+00 2.319E+00 2.148E+00 2.004E+00 1.879E+00
 1.770E+00 1.675E+00 1.590E+00 1.514E+00 1.384E+00 1.276E+00 1.185E+00 1.108E+00
 1.040E+00 9.812E-01 9.292E-01 7.384E-01 6.163E-01 5.310E-01 4.188E-01 3.476E-01
 2.475E-01 1.941E-01 1.376E-01 1.077E-01 8.919E-02 7.636E-02 5.964E-02 4.907E-02
 3.427E-02 2.652E-02 1.844E-02 1.423E-02 1.164E-02 9.869E-03 7.603E-03 6.208E-03
 4.290E-03 3.298E-03 2.275E-03 1.746E-03 1.422E-03 1.202E-03 9.217E-04 7.499E-04
 7.863E+05 3.056E+05 1.519E+05 8.537E+04 3.143E+05 2.779E+05 3.867E+05 3.116E+05
 3.564E+05 3.196E+05 1.539E+05 8.619E+04 5.315E+04 2.449E+04 1.329E+04 4.302E+03
 1.911E+03 1.250E+04 1.250E+04 4.370E+03 1.985E+03 1.062E+03 6.318E+02 2.753E+02
 1.435E+02 4.353E+01 1.872E+01 5.839E+00 2.646E+00 1.476E+00 9.386E-01 4.827E-01
 3.008E-01 2.862E-01 1.932E-01 1.386E-01 8.472E-02 8.176E-02 4.528E-02 3.017E-02
 2.240E-02 1.774E-02 1.464E-02 1.245E-02 1.082E-02 9.559E-03 8.559E-03 7.746E-03
 7.072E-03 6.505E-03 6.022E-03 5.605E-03 4.922E-03 4.387E-03 3.956E-03 3.602E-03
 3.306E-03 3.054E-03 2.838E-03 2.097E-03 1.662E-03 1.376E-03 1.024E-03 8.157E-04
 5.404E-04 4.040E-04 2.685E-04 2.010E-04 1.607E-04 1.338E-04 1.003E-04 8.019E-05
 5.342E-05 4.006E-05 2.670E-05 2.002E-05 1.601E-05 1.334E-05 1.001E-05 8.005E-06
 5.336E-06 4.002E-06 2.668E-06 2.001E-06 1.601E-06 1.334E-06 1.000E-06 8.004E-07
 0.000E+00 0.000E+00 0.000E+00 0.000E+00 0.000E+00 0.000E+00 0.000E+00 0.000E+00
 0.000E+00 0.000E+00 0.000E+00 0.000E+00 0.000E+00 0.000E+00 0.000E+00 0.000E+00
 0.000E+00 0.000E+00 0.000E+00 0.000E+00 0.000E+00 0.000E+00 0.000E+00 0.000E+00
 0.000E+00 0.000E+00 0.000E+00 0.000E+00 0.000E+00 0.000E+00 0.000E+00 0.000E+00
 0.000E+00 0.000E+00 2.135E-02 1.015E-01 3.602E-01 3.858E-01 9.505E-01 1.484E+00
 1.949E+00 2.354E+00 2.716E+00 3.041E+00 3.336E+00 3.607E+00 3.854E+00 4.082E+00
 4.292E+00 4.485E+00 4.664E+00 4.833E+00 5.139E+00 5.415E+00 5.666E+00 5.893E+00
 6.101E+00 6.291E+00 6.466E+00 7.178E+00 7.705E+00 8.116E+00 8.723E+00 9.154E+00
 9.840E+00 1.025E+01 1.073E+01 1.101E+01 1.119E+01 1.132E+01 1.149E+01 1.160E+01
 1.176E+01 1.185E+01 1.195E+01 1.200E+01 1.203E+01 1.205E+01 1.208E+01 1.210E+01
 1.213E+01 1.214E+01 1.216E+01 1.216E+01 1.217E+01 1.217E+01 1.218E+01 1.218E+01
 0.000E+00 0.000E+00 0.000E+00 0.000E+00 0.000E+00 0.000E+00 0.000E+00 0.000E+00
 0.000E+00 0.000E+00 0.000E+00 0.000E+00 0.000E+00 0.000E+00 0.000E+00 0.000E+00
 0.000E+00 0.000E+00 0.000E+00 0.000E+00 0.000E+00 0.000E+00 0.000E+00 0.000E+00
 0.000E+00 0.000E+00 0.000E+00 0.000E+00 0.000E+00 0.000E+00 0.000E+00 0.000E+00
 0.000E+00 0.000E+00 0.000E+00 0.000E+00 0.000E+00 0.000E+00 1.694E-03 6.910E-03
 1.376E-02 2.111E-02 2.844E-02 3.554E-02 4.233E-02 4.878E-02 5.489E-02 6.065E-02
 6.608E-02 7.125E-02 7.615E-02 8.080E-02 8.942E-02 9.726E-02 1.044E-01 1.110E-01
 1.171E-01 1.228E-01 1.281E-01 1.499E-01 1.665E-01 1.796E-01 1.995E-01 2.140E-01
 2.381E-01 2.533E-01 2.718E-01 2.830E-01 2.907E-01 2.963E-01 3.041E-01 3.093E-01
 3.171E-01 3.215E-01 3.263E-01 3.291E-01 3.308E-01 3.321E-01 3.337E-01 3.347E-01
 3.361E-01 3.370E-01 3.377E-01 3.382E-01 3.385E-01 3.387E-01 3.389E-01 3.391E-01
     4
     4     3     3     9
  1.0000E-03  1.5000E-03  2.0000E-03  2.5202E-03
  2.5202E-03  2.5721E-03  2.6251E-03
  2.6251E-03  2.7427E-03  2.8655E-03
  2.8655E-03  3.0000E-03  4.0000E-03  5.0000E-03  6.0000E-03  8.0000E-03
  1.0000E-02  1.5000E-02  1.99995E-02
  7.8630E+05  3.0560E+05  1.5190E+05  8.5370E+04
  3.1430E+05  2.9555E+05  2.7790E+05
  3.8670E+05  3.4709E+05  3.1160E+05
  3.5640E+05  3.1960E+05  1.5390E+05  8.6190E+04  5.3150E+04  2.4490E+04
  1.3290E+04  4.3020E+03  1.9110E+03
