    34   78.959999
     4    88
    17     8     5     3
 K  L1 L2 L3
  12657.8   1653.9   1476.2   1435.8
  1.00000E+03  1.43570E+03  1.43580E+03  1.47610E+03  1.47620E+03  1.50000E+03
  1.65380E+03  1.65390E+03  2.00000E+03  3.00000E+03  4.00000E+03  5.00000E+03
  6.00000E+03  8.00000E+03  1.00000E+04  1.26577E+04  1.26578E+04  1.50000E+04
  2.00000E+04  3.00000E+04  4.00000E+04  5.00000E+04  6.00000E+04  8.00000E+04
  1.00000E+05  1.50000E+05  2.00000E+05  3.00000E+05  4.00000E+05  5.00000E+05
  6.00000E+05  8.00000E+05  1.00000E+06  1.02200E+06  1.25000E+06  1.50000E+06
  2.00000E+06  2.04400E+06  3.00000E+06  4.00000E+06  5.00000E+06  6.00000E+06
  7.00000E+06  8.00000E+06  9.00000E+06  1.00000E+07  1.10000E+07  1.20000E+07
  1.30000E+07  1.40000E+07  1.50000E+07  1.60000E+07  1.80000E+07  2.00000E+07
  2.20000E+07  2.40000E+07  2.60000E+07  2.80000E+07  3.00000E+07  4.00000E+07
  5.00000E+07  6.00000E+07  8.00000E+07  1.00000E+08  1.50000E+08  2.00000E+08
  3.00000E+08  4.00000E+08  5.00000E+08  6.00000E+08  8.00000E+08  1.00000E+09
  1.50000E+09  2.00000E+09  3.00000E+09  4.00000E+09  5.00000E+09  6.00000E+09
  8.00000E+09  1.00000E+10  1.50000E+10  2.00000E+10  3.00000E+10  4.00000E+10
  5.00000E+10  6.00000E+10  8.00000E+10  1.00000E+11
 7.289E+02 6.936E+02 6.936E+02 6.899E+02 6.899E+02 6.878E+02 6.737E+02 6.737E+02
 6.422E+02 5.551E+02 4.821E+02 4.219E+02 3.711E+02 2.894E+02 2.286E+02 1.718E+02
 1.717E+02 1.385E+02 9.458E+01 5.341E+01 3.404E+01 2.352E+01 1.728E+01 1.054E+01
 7.130E+00 3.413E+00 1.988E+00 9.144E-01 5.228E-01 3.376E-01 2.357E-01 1.334E-01
 8.558E-02 8.196E-02 5.488E-02 3.815E-02 2.148E-02 2.057E-02 9.553E-03 5.375E-03
 3.441E-03 2.389E-03 1.756E-03 1.344E-03 1.062E-03 8.603E-04 7.110E-04 5.974E-04
 5.090E-04 4.389E-04 3.824E-04 3.361E-04 2.655E-04 2.151E-04 1.778E-04 1.494E-04
 1.273E-04 1.097E-04 9.559E-05 5.377E-05 3.441E-05 2.390E-05 1.344E-05 8.602E-06
 3.823E-06 2.151E-06 9.558E-07 5.376E-07 3.441E-07 2.390E-07 1.344E-07 8.602E-08
 3.823E-08 2.151E-08 9.558E-09 5.376E-09 3.441E-09 2.390E-09 1.344E-09 8.602E-10
 3.823E-10 2.151E-10 9.558E-11 5.376E-11 3.441E-11 2.390E-11 1.344E-11 8.602E-12
 7.069E-01 1.269E+00 1.269E+00 1.323E+00 1.323E+00 1.355E+00 1.561E+00 1.561E+00
 2.024E+00 3.279E+00 4.381E+00 5.342E+00 6.198E+00 7.689E+00 8.954E+00 1.036E+01
 1.036E+01 1.135E+01 1.292E+01 1.467E+01 1.550E+01 1.585E+01 1.595E+01 1.579E+01
 1.543E+01 1.438E+01 1.339E+01 1.181E+01 1.065E+01 9.757E+00 9.045E+00 7.963E+00
 7.168E+00 7.092E+00 6.414E+00 5.832E+00 4.979E+00 4.918E+00 3.919E+00 3.270E+00
 2.824E+00 2.496E+00 2.244E+00 2.042E+00 1.877E+00 1.739E+00 1.622E+00 1.521E+00
 1.433E+00 1.356E+00 1.287E+00 1.226E+00 1.120E+00 1.033E+00 9.597E-01 8.968E-01
 8.421E-01 7.944E-01 7.522E-01 5.977E-01 4.989E-01 4.299E-01 3.390E-01 2.814E-01
 2.004E-01 1.571E-01 1.114E-01 8.722E-02 7.220E-02 6.182E-02 4.828E-02 3.972E-02
 2.774E-02 2.147E-02 1.493E-02 1.152E-02 9.421E-03 7.989E-03 6.155E-03 5.025E-03
 3.473E-03 2.670E-03 1.841E-03 1.414E-03 1.151E-03 9.731E-04 7.462E-04 6.071E-04
 3.031E+05 1.280E+05 5.695E+05 5.116E+05 7.328E+05 6.989E+05 5.687E+05 6.438E+05
 4.056E+05 1.458E+05 6.837E+04 3.755E+04 2.287E+04 1.034E+04 5.549E+03 2.857E+03
 2.065E+04 1.339E+04 6.210E+03 2.025E+03 8.924E+02 4.673E+02 2.737E+02 1.166E+02
 5.976E+01 1.764E+01 7.458E+00 2.278E+00 1.019E+00 5.641E-01 3.568E-01 1.826E-01
 1.137E-01 1.081E-01 7.300E-02 5.252E-02 3.222E-02 3.111E-02 1.734E-02 1.161E-02
 8.656E-03 6.872E-03 5.686E-03 4.843E-03 4.214E-03 3.728E-03 3.341E-03 3.026E-03
 2.765E-03 2.545E-03 2.357E-03 2.195E-03 1.929E-03 1.721E-03 1.553E-03 1.414E-03
 1.299E-03 1.200E-03 1.116E-03 8.252E-04 6.545E-04 5.423E-04 4.038E-04 3.217E-04
 2.132E-04 1.594E-04 1.060E-04 7.937E-05 6.344E-05 5.284E-05 3.960E-05 3.167E-05
 2.110E-05 1.582E-05 1.054E-05 7.906E-06 6.324E-06 5.270E-06 3.952E-06 3.162E-06
 2.108E-06 1.581E-06 1.054E-06 7.903E-07 6.322E-07 5.269E-07 3.951E-07 3.161E-07
 0.000E+00 0.000E+00 0.000E+00 0.000E+00 0.000E+00 0.000E+00 0.000E+00 0.000E+00
 0.000E+00 0.000E+00 0.000E+00 0.000E+00 0.000E+00 0.000E+00 0.000E+00 0.000E+00
 0.000E+00 0.000E+00 0.000E+00 0.000E+00 0.000E+00 0.000E+00 0.000E+00 0.000E+00
 0.000E+00 0.000E+00 0.000E+00 0.000E+00 0.000E+00 0.000E+00 0.000E+00 0.000E+00
 0.000E+00 0.000E+00 1.246E-02 6.126E-02 2.250E-01 2.414E-01 6.100E-01 9.643E-01
 1.276E+00 1.549E+00 1.794E+00 2.013E+00 2.213E+00 2.394E+00 2.560E+00 2.711E+00
 2.850E+00 2.979E+00 3.100E+00 3.213E+00 3.419E+00 3.605E+00 3.772E+00 3.925E+00
 4.064E+00 4.192E+00 4.310E+00 4.791E+00 5.149E+00 5.428E+00 5.841E+00 6.135E+00
 6.602E+00 6.881E+00 7.205E+00 7.392E+00 7.515E+00 7.602E+00 7.719E+00 7.795E+00
 7.905E+00 7.964E+00 8.029E+00 8.064E+00 8.086E+00 8.101E+00 8.121E+00 8.133E+00
 8.151E+00 8.160E+00 8.170E+00 8.175E+00 8.178E+00 8.180E+00 8.183E+00 8.185E+00
 0.000E+00 0.000E+00 0.000E+00 0.000E+00 0.000E+00 0.000E+00 0.000E+00 0.000E+00
 0.000E+00 0.000E+00 0.000E+00 0.000E+00 0.000E+00 0.000E+00 0.000E+00 0.000E+00
 0.000E+00 0.000E+00 0.000E+00 0.000E+00 0.000E+00 0.000E+00 0.000E+00 0.000E+00
 0.000E+00 0.000E+00 0.000E+00 0.000E+00 0.000E+00 0.000E+00 0.000E+00 0.000E+00
 0.000E+00 0.000E+00 0.000E+00 0.000E+00 0.000E+00 0.000E+00 1.371E-03 5.597E-03
 1.115E-02 1.711E-02 2.305E-02 2.881E-02 3.433E-02 3.957E-02 4.454E-02 4.922E-02
 5.364E-02 5.785E-02 6.184E-02 6.563E-02 7.267E-02 7.907E-02 8.495E-02 9.036E-02
 9.535E-02 1.000E-01 1.043E-01 1.223E-01 1.360E-01 1.469E-01 1.633E-01 1.754E-01
 1.954E-01 2.079E-01 2.234E-01 2.328E-01 2.391E-01 2.438E-01 2.503E-01 2.546E-01
 2.610E-01 2.646E-01 2.685E-01 2.708E-01 2.722E-01 2.732E-01 2.746E-01 2.754E-01
 2.765E-01 2.772E-01 2.778E-01 2.782E-01 2.785E-01 2.786E-01 2.788E-01 2.789E-01
     4
     3     3     3     9
  1.0000E-03  1.1982E-03  1.4358E-03
  1.4358E-03  1.4559E-03  1.4762E-03
  1.4762E-03  1.5000E-03  1.6539E-03
  1.6539E-03  2.0000E-03  3.0000E-03  4.0000E-03  5.0000E-03  6.0000E-03
  8.0000E-03  1.0000E-02  1.2658E-02
  3.0310E+05  1.9696E+05  1.2800E+05
  5.6950E+05  5.3974E+05  5.1160E+05
  7.3280E+05  6.9890E+05  5.6870E+05
  6.4380E+05  4.0560E+05  1.4580E+05  6.8370E+04  3.7550E+04  2.2870E+04
  1.0340E+04  5.5490E+03  2.8570E+03
