    49  114.820000
     4    88
    19    11     8     6
 K  L1 L2 L3
  27939.9   4237.5   3938.0   3730.1
  1.00000E+03  1.50000E+03  2.00000E+03  3.00000E+03  3.73000E+03  3.73010E+03
  3.93790E+03  3.93800E+03  4.00000E+03  4.23740E+03  4.23750E+03  5.00000E+03
  6.00000E+03  8.00000E+03  1.00000E+04  1.50000E+04  2.00000E+04  2.79398E+04
  2.79399E+04  3.00000E+04  4.00000E+04  5.00000E+04  6.00000E+04  8.00000E+04
  1.00000E+05  1.50000E+05  2.00000E+05  3.00000E+05  4.00000E+05  5.00000E+05
  6.00000E+05  8.00000E+05  1.00000E+06  1.02200E+06  1.25000E+06  1.50000E+06
  2.00000E+06  2.04400E+06  3.00000E+06  4.00000E+06  5.00000E+06  6.00000E+06
  7.00000E+06  8.00000E+06  9.00000E+06  1.00000E+07  1.10000E+07  1.20000E+07
  1.30000E+07  1.40000E+07  1.50000E+07  1.60000E+07  1.80000E+07  2.00000E+07
  2.20000E+07  2.40000E+07  2.60000E+07  2.80000E+07  3.00000E+07  4.00000E+07
  5.00000E+07  6.00000E+07  8.00000E+07  1.00000E+08  1.50000E+08  2.00000E+08
  3.00000E+08  4.00000E+08  5.00000E+08  6.00000E+08  8.00000E+08  1.00000E+09
  1.50000E+09  2.00000E+09  3.00000E+09  4.00000E+09  5.00000E+09  6.00000E+09
  8.00000E+09  1.00000E+10  1.50000E+10  2.00000E+10  3.00000E+10  4.00000E+10
  5.00000E+10  6.00000E+10  8.00000E+10  1.00000E+11
 1.516E+03 1.437E+03 1.351E+03 1.181E+03 1.067E+03 1.067E+03 1.036E+03 1.036E+03
 1.027E+03 9.937E+02 9.937E+02 8.944E+02 7.828E+02 6.150E+02 5.005E+02 3.293E+02
 2.306E+02 1.439E+02 1.439E+02 1.298E+02 8.473E+01 5.998E+01 4.453E+01 2.724E+01
 1.844E+01 8.956E+00 5.282E+00 2.455E+00 1.412E+00 9.151E-01 6.407E-01 3.638E-01
 2.340E-01 2.241E-01 1.503E-01 1.045E-01 5.891E-02 5.641E-02 2.622E-02 1.476E-02
 9.446E-03 6.561E-03 4.821E-03 3.691E-03 2.916E-03 2.362E-03 1.952E-03 1.641E-03
 1.398E-03 1.205E-03 1.050E-03 9.229E-04 7.292E-04 5.906E-04 4.881E-04 4.102E-04
 3.495E-04 3.014E-04 2.625E-04 1.477E-04 9.450E-05 6.563E-05 3.691E-05 2.363E-05
 1.050E-05 5.906E-06 2.625E-06 1.477E-06 9.450E-07 6.562E-07 3.691E-07 2.362E-07
 1.050E-07 5.906E-08 2.625E-08 1.477E-08 9.450E-09 6.562E-09 3.691E-09 2.362E-09
 1.050E-09 5.906E-10 2.625E-10 1.477E-10 9.450E-11 6.562E-11 3.691E-11 2.362E-11
 1.040E+00 1.882E+00 2.702E+00 4.202E+00 5.205E+00 5.205E+00 5.479E+00 5.479E+00
 5.560E+00 5.865E+00 5.865E+00 6.802E+00 7.947E+00 1.000E+01 1.178E+01 1.499E+01
 1.707E+01 1.918E+01 1.918E+01 1.957E+01 2.088E+01 2.156E+01 2.188E+01 2.192E+01
 2.158E+01 2.029E+01 1.899E+01 1.685E+01 1.524E+01 1.400E+01 1.299E+01 1.145E+01
 1.031E+01 1.021E+01 9.233E+00 8.398E+00 7.172E+00 7.084E+00 5.646E+00 4.711E+00
 4.069E+00 3.597E+00 3.233E+00 2.942E+00 2.705E+00 2.506E+00 2.338E+00 2.192E+00
 2.065E+00 1.954E+00 1.855E+00 1.767E+00 1.615E+00 1.489E+00 1.383E+00 1.292E+00
 1.214E+00 1.145E+00 1.084E+00 8.614E-01 7.190E-01 6.195E-01 4.886E-01 4.055E-01
 2.888E-01 2.264E-01 1.605E-01 1.257E-01 1.041E-01 8.909E-02 6.958E-02 5.724E-02
 3.998E-02 3.094E-02 2.151E-02 1.661E-02 1.358E-02 1.151E-02 8.870E-03 7.242E-03
 5.005E-03 3.848E-03 2.654E-03 2.037E-03 1.659E-03 1.402E-03 1.075E-03 8.749E-04
 1.487E+06 5.955E+05 2.995E+05 1.096E+05 6.291E+04 1.984E+05 1.765E+05 2.377E+05
 2.336E+05 2.023E+05 2.322E+05 1.542E+05 9.591E+04 4.495E+04 2.468E+04 8.131E+03
 3.649E+03 1.422E+03 8.860E+03 7.379E+03 3.465E+03 1.883E+03 1.136E+03 5.050E+02
 2.668E+02 8.278E+01 3.611E+01 1.147E+01 5.255E+00 2.952E+00 1.886E+00 9.741E-01
 6.080E-01 5.785E-01 3.902E-01 2.796E-01 1.704E-01 1.644E-01 9.059E-02 6.012E-02
 4.452E-02 3.517E-02 2.899E-02 2.461E-02 2.136E-02 1.886E-02 1.687E-02 1.526E-02
 1.392E-02 1.280E-02 1.184E-02 1.102E-02 9.670E-03 8.614E-03 7.764E-03 7.066E-03
 6.483E-03 5.989E-03 5.564E-03 4.106E-03 3.253E-03 2.693E-03 2.003E-03 1.595E-03
 1.056E-03 7.894E-04 5.245E-04 3.927E-04 3.138E-04 2.614E-04 1.958E-04 1.566E-04
 1.043E-04 7.822E-05 5.213E-05 3.909E-05 3.127E-05 2.606E-05 1.954E-05 1.563E-05
 1.042E-05 7.815E-06 5.210E-06 3.907E-06 3.126E-06 2.605E-06 1.954E-06 1.563E-06
 0.000E+00 0.000E+00 0.000E+00 0.000E+00 0.000E+00 0.000E+00 0.000E+00 0.000E+00
 0.000E+00 0.000E+00 0.000E+00 0.000E+00 0.000E+00 0.000E+00 0.000E+00 0.000E+00
 0.000E+00 0.000E+00 0.000E+00 0.000E+00 0.000E+00 0.000E+00 0.000E+00 0.000E+00
 0.000E+00 0.000E+00 0.000E+00 0.000E+00 0.000E+00 0.000E+00 0.000E+00 0.000E+00
 0.000E+00 0.000E+00 3.213E-02 1.496E-01 5.137E-01 5.494E-01 1.318E+00 2.036E+00
 2.657E+00 3.193E+00 3.671E+00 4.101E+00 4.492E+00 4.849E+00 5.179E+00 5.483E+00
 5.765E+00 6.024E+00 6.264E+00 6.488E+00 6.897E+00 7.263E+00 7.595E+00 7.896E+00
 8.171E+00 8.423E+00 8.656E+00 9.599E+00 1.030E+01 1.084E+01 1.165E+01 1.222E+01
 1.313E+01 1.367E+01 1.430E+01 1.466E+01 1.490E+01 1.507E+01 1.530E+01 1.545E+01
 1.566E+01 1.578E+01 1.590E+01 1.597E+01 1.601E+01 1.604E+01 1.608E+01 1.611E+01
 1.614E+01 1.616E+01 1.618E+01 1.619E+01 1.619E+01 1.620E+01 1.620E+01 1.621E+01
 0.000E+00 0.000E+00 0.000E+00 0.000E+00 0.000E+00 0.000E+00 0.000E+00 0.000E+00
 0.000E+00 0.000E+00 0.000E+00 0.000E+00 0.000E+00 0.000E+00 0.000E+00 0.000E+00
 0.000E+00 0.000E+00 0.000E+00 0.000E+00 0.000E+00 0.000E+00 0.000E+00 0.000E+00
 0.000E+00 0.000E+00 0.000E+00 0.000E+00 0.000E+00 0.000E+00 0.000E+00 0.000E+00
 0.000E+00 0.000E+00 0.000E+00 0.000E+00 0.000E+00 0.000E+00 1.975E-03 8.057E-03
 1.604E-02 2.461E-02 3.314E-02 4.140E-02 4.930E-02 5.681E-02 6.391E-02 7.060E-02
 7.691E-02 8.291E-02 8.858E-02 9.398E-02 1.040E-01 1.131E-01 1.214E-01 1.290E-01
 1.360E-01 1.426E-01 1.487E-01 1.738E-01 1.929E-01 2.081E-01 2.309E-01 2.474E-01
 2.749E-01 2.920E-01 3.130E-01 3.256E-01 3.342E-01 3.405E-01 3.492E-01 3.550E-01
 3.637E-01 3.686E-01 3.739E-01 3.770E-01 3.789E-01 3.803E-01 3.821E-01 3.832E-01
 3.848E-01 3.857E-01 3.865E-01 3.871E-01 3.874E-01 3.876E-01 3.878E-01 3.880E-01
     4
     5     3     3     8
  1.0000E-03  1.5000E-03  2.0000E-03  3.0000E-03  3.7301E-03
  3.7301E-03  3.8326E-03  3.9380E-03
  3.9380E-03  4.0000E-03  4.2375E-03
  4.2375E-03  5.0000E-03  6.0000E-03  8.0000E-03  1.0000E-02  1.5000E-02
  2.0000E-02  2.7940E-02
  1.4870E+06  5.9550E+05  2.9950E+05  1.0960E+05  6.2910E+04
  1.9840E+05  1.8714E+05  1.7650E+05
  2.3770E+05  2.3360E+05  2.0230E+05
  2.3220E+05  1.5420E+05  9.5910E+04  4.4950E+04  2.4680E+04  8.1310E+03
  3.6490E+03  1.4220E+03
