    33   74.921600
     4    88
    17     8     5     3
 K  L1 L2 L3
  11866.7   1526.5   1358.6   1323.1
  1.00000E+03  1.32300E+03  1.32310E+03  1.35850E+03  1.35860E+03  1.50000E+03
  1.52640E+03  1.52650E+03  2.00000E+03  3.00000E+03  4.00000E+03  5.00000E+03
  6.00000E+03  8.00000E+03  1.00000E+04  1.18666E+04  1.18667E+04  1.50000E+04
  2.00000E+04  3.00000E+04  4.00000E+04  5.00000E+04  6.00000E+04  8.00000E+04
  1.00000E+05  1.50000E+05  2.00000E+05  3.00000E+05  4.00000E+05  5.00000E+05
  6.00000E+05  8.00000E+05  1.00000E+06  1.02200E+06  1.25000E+06  1.50000E+06
  2.00000E+06  2.04400E+06  3.00000E+06  4.00000E+06  5.00000E+06  6.00000E+06
  7.00000E+06  8.00000E+06  9.00000E+06  1.00000E+07  1.10000E+07  1.20000E+07
  1.30000E+07  1.40000E+07  1.50000E+07  1.60000E+07  1.80000E+07  2.00000E+07
  2.20000E+07  2.40000E+07  2.60000E+07  2.80000E+07  3.00000E+07  4.00000E+07
  5.00000E+07  6.00000E+07  8.00000E+07  1.00000E+08  1.50000E+08  2.00000E+08
  3.00000E+08  4.00000E+08  5.00000E+08  6.00000E+08  8.00000E+08  1.00000E+09
  1.50000E+09  2.00000E+09  3.00000E+09  4.00000E+09  5.00000E+09  6.00000E+09
  8.00000E+09  1.00000E+10  1.50000E+10  2.00000E+10  3.00000E+10  4.00000E+10
  5.00000E+10  6.00000E+10  8.00000E+10  1.00000E+11
 6.854E+02 6.612E+02 6.612E+02 6.583E+02 6.583E+02 6.463E+02 6.441E+02 6.441E+02
 6.038E+02 5.237E+02 4.560E+02 3.989E+02 3.498E+02 2.707E+02 2.127E+02 1.738E+02
 1.738E+02 1.286E+02 8.795E+01 4.957E+01 3.150E+01 2.175E+01 1.598E+01 9.755E+00
 6.594E+00 3.151E+00 1.834E+00 8.432E-01 4.820E-01 3.111E-01 2.172E-01 1.228E-01
 7.883E-02 7.549E-02 5.054E-02 3.513E-02 1.978E-02 1.894E-02 8.797E-03 4.950E-03
 3.168E-03 2.200E-03 1.617E-03 1.238E-03 9.780E-04 7.922E-04 6.547E-04 5.501E-04
 4.687E-04 4.042E-04 3.521E-04 3.094E-04 2.445E-04 1.981E-04 1.637E-04 1.375E-04
 1.172E-04 1.010E-04 8.802E-05 4.951E-05 3.169E-05 2.200E-05 1.238E-05 7.921E-06
 3.521E-06 1.980E-06 8.802E-07 4.951E-07 3.169E-07 2.200E-07 1.238E-07 7.921E-08
 3.521E-08 1.980E-08 8.802E-09 4.951E-09 3.169E-09 2.200E-09 1.238E-09 7.921E-10
 3.521E-10 1.980E-10 8.802E-11 4.951E-11 3.169E-11 2.200E-11 1.238E-11 7.921E-12
 7.229E-01 1.128E+00 1.128E+00 1.173E+00 1.174E+00 1.356E+00 1.390E+00 1.390E+00
 1.996E+00 3.186E+00 4.235E+00 5.165E+00 6.008E+00 7.493E+00 8.753E+00 9.750E+00
 9.750E+00 1.112E+01 1.265E+01 1.434E+01 1.512E+01 1.545E+01 1.554E+01 1.537E+01
 1.501E+01 1.397E+01 1.301E+01 1.147E+01 1.034E+01 9.472E+00 8.781E+00 7.730E+00
 6.957E+00 6.884E+00 6.226E+00 5.661E+00 4.833E+00 4.774E+00 3.804E+00 3.173E+00
 2.741E+00 2.423E+00 2.178E+00 1.982E+00 1.822E+00 1.688E+00 1.574E+00 1.477E+00
 1.391E+00 1.316E+00 1.249E+00 1.190E+00 1.087E+00 1.003E+00 9.314E-01 8.704E-01
 8.173E-01 7.710E-01 7.301E-01 5.801E-01 4.843E-01 4.172E-01 3.291E-01 2.731E-01
 1.945E-01 1.525E-01 1.081E-01 8.465E-02 7.008E-02 6.000E-02 4.686E-02 3.855E-02
 2.692E-02 2.084E-02 1.449E-02 1.118E-02 9.144E-03 7.754E-03 5.974E-03 4.878E-03
 3.371E-03 2.592E-03 1.787E-03 1.372E-03 1.117E-03 9.445E-04 7.242E-04 5.892E-04
 2.632E+05 1.352E+05 5.632E+05 5.525E+05 7.561E+05 6.495E+05 6.211E+05 7.027E+05
 3.641E+05 1.300E+05 6.076E+04 3.330E+04 2.025E+04 9.143E+03 4.898E+03 3.023E+03
 2.212E+04 1.212E+04 5.578E+03 1.809E+03 7.945E+02 4.150E+02 2.426E+02 1.030E+02
 5.268E+01 1.551E+01 6.537E+00 1.991E+00 8.897E-01 4.919E-01 3.111E-01 1.591E-01
 9.902E-02 9.411E-02 6.358E-02 4.575E-02 2.808E-02 2.712E-02 1.513E-02 1.014E-02
 7.561E-03 6.005E-03 4.970E-03 4.234E-03 3.685E-03 3.260E-03 2.922E-03 2.647E-03
 2.419E-03 2.227E-03 2.063E-03 1.921E-03 1.689E-03 1.506E-03 1.359E-03 1.238E-03
 1.137E-03 1.051E-03 9.769E-04 7.226E-04 5.732E-04 4.750E-04 3.537E-04 2.818E-04
 1.868E-04 1.397E-04 9.285E-05 6.953E-05 5.558E-05 4.629E-05 3.469E-05 2.774E-05
 1.848E-05 1.386E-05 9.236E-06 6.926E-06 5.541E-06 4.617E-06 3.462E-06 2.770E-06
 1.846E-06 1.385E-06 9.232E-07 6.924E-07 5.539E-07 4.616E-07 3.462E-07 2.769E-07
 0.000E+00 0.000E+00 0.000E+00 0.000E+00 0.000E+00 0.000E+00 0.000E+00 0.000E+00
 0.000E+00 0.000E+00 0.000E+00 0.000E+00 0.000E+00 0.000E+00 0.000E+00 0.000E+00
 0.000E+00 0.000E+00 0.000E+00 0.000E+00 0.000E+00 0.000E+00 0.000E+00 0.000E+00
 0.000E+00 0.000E+00 0.000E+00 0.000E+00 0.000E+00 0.000E+00 0.000E+00 0.000E+00
 0.000E+00 0.000E+00 1.158E-02 5.713E-02 2.108E-01 2.262E-01 5.732E-01 9.075E-01
 1.202E+00 1.460E+00 1.691E+00 1.899E+00 2.088E+00 2.259E+00 2.415E+00 2.558E+00
 2.689E+00 2.811E+00 2.925E+00 3.032E+00 3.227E+00 3.401E+00 3.560E+00 3.704E+00
 3.835E+00 3.956E+00 4.068E+00 4.522E+00 4.861E+00 5.125E+00 5.517E+00 5.795E+00
 6.238E+00 6.502E+00 6.810E+00 6.987E+00 7.103E+00 7.186E+00 7.297E+00 7.369E+00
 7.473E+00 7.530E+00 7.591E+00 7.624E+00 7.644E+00 7.659E+00 7.678E+00 7.689E+00
 7.706E+00 7.715E+00 7.724E+00 7.729E+00 7.732E+00 7.734E+00 7.737E+00 7.738E+00
 0.000E+00 0.000E+00 0.000E+00 0.000E+00 0.000E+00 0.000E+00 0.000E+00 0.000E+00
 0.000E+00 0.000E+00 0.000E+00 0.000E+00 0.000E+00 0.000E+00 0.000E+00 0.000E+00
 0.000E+00 0.000E+00 0.000E+00 0.000E+00 0.000E+00 0.000E+00 0.000E+00 0.000E+00
 0.000E+00 0.000E+00 0.000E+00 0.000E+00 0.000E+00 0.000E+00 0.000E+00 0.000E+00
 0.000E+00 0.000E+00 0.000E+00 0.000E+00 0.000E+00 0.000E+00 1.331E-03 5.433E-03
 1.082E-02 1.661E-02 2.238E-02 2.797E-02 3.333E-02 3.842E-02 4.324E-02 4.779E-02
 5.208E-02 5.617E-02 6.004E-02 6.373E-02 7.056E-02 7.679E-02 8.250E-02 8.775E-02
 9.261E-02 9.713E-02 1.013E-01 1.188E-01 1.321E-01 1.427E-01 1.588E-01 1.705E-01
 1.900E-01 2.022E-01 2.173E-01 2.264E-01 2.326E-01 2.372E-01 2.435E-01 2.477E-01
 2.539E-01 2.575E-01 2.613E-01 2.636E-01 2.650E-01 2.659E-01 2.672E-01 2.681E-01
 2.692E-01 2.698E-01 2.704E-01 2.708E-01 2.711E-01 2.712E-01 2.714E-01 2.715E-01
     4
     3     3     3     9
  1.0000E-03  1.1503E-03  1.3231E-03
  1.3231E-03  1.3407E-03  1.3586E-03
  1.3586E-03  1.5000E-03  1.5265E-03
  1.5265E-03  2.0000E-03  3.0000E-03  4.0000E-03  5.0000E-03  6.0000E-03
  8.0000E-03  1.0000E-02  1.1867E-02
  2.6320E+05  1.8867E+05  1.3520E+05
  5.6320E+05  5.5787E+05  5.5250E+05
  7.5610E+05  6.4950E+05  6.2110E+05
  7.0270E+05  3.6410E+05  1.3000E+05  6.0760E+04  3.3300E+04  2.0250E+04
  9.1430E+03  4.8980E+03  3.0230E+03
