    13   26.981541
     1    82
     4
 K 
   1559.6
  1.00000E+03  1.50000E+03  1.55950E+03  1.55960E+03  2.00000E+03  3.00000E+03
  4.00000E+03  5.00000E+03  6.00000E+03  8.00000E+03  1.00000E+04  1.50000E+04
  2.00000E+04  3.00000E+04  4.00000E+04  5.00000E+04  6.00000E+04  8.00000E+04
  1.00000E+05  1.50000E+05  2.00000E+05  3.00000E+05  4.00000E+05  5.00000E+05
  6.00000E+05  8.00000E+05  1.00000E+06  1.02200E+06  1.25000E+06  1.50000E+06
  2.00000E+06  2.04400E+06  3.00000E+06  4.00000E+06  5.00000E+06  6.00000E+06
  7.00000E+06  8.00000E+06  9.00000E+06  1.00000E+07  1.10000E+07  1.20000E+07
  1.30000E+07  1.40000E+07  1.50000E+07  1.60000E+07  1.80000E+07  2.00000E+07
  2.20000E+07  2.40000E+07  2.60000E+07  2.80000E+07  3.00000E+07  4.00000E+07
  5.00000E+07  6.00000E+07  8.00000E+07  1.00000E+08  1.50000E+08  2.00000E+08
  3.00000E+08  4.00000E+08  5.00000E+08  6.00000E+08  8.00000E+08  1.00000E+09
  1.50000E+09  2.00000E+09  3.00000E+09  4.00000E+09  5.00000E+09  6.00000E+09
  8.00000E+09  1.00000E+10  1.50000E+10  2.00000E+10  3.00000E+10  4.00000E+10
  5.00000E+10  6.00000E+10  8.00000E+10  1.00000E+11
 1.011E+02 9.140E+01 9.026E+01 9.026E+01 8.236E+01 6.822E+01 5.804E+01 4.998E+01
 4.318E+01 3.239E+01 2.470E+01 1.405E+01 9.166E+00 4.908E+00 3.073E+00 2.096E+00
 1.517E+00 8.982E-01 5.930E-01 2.743E-01 1.570E-01 7.078E-02 4.003E-02 2.568E-02
 1.786E-02 1.006E-02 6.443E-03 6.169E-03 4.125E-03 2.865E-03 1.612E-03 1.543E-03
 7.166E-04 4.031E-04 2.580E-04 1.792E-04 1.316E-04 1.008E-04 7.963E-05 6.450E-05
 5.331E-05 4.479E-05 3.817E-05 3.291E-05 2.867E-05 2.520E-05 1.991E-05 1.613E-05
 1.333E-05 1.120E-05 9.541E-06 8.227E-06 7.167E-06 4.031E-06 2.580E-06 1.792E-06
 1.008E-06 6.449E-07 2.866E-07 1.612E-07 7.166E-08 4.031E-08 2.580E-08 1.791E-08
 1.008E-08 6.449E-09 2.866E-09 1.612E-09 7.166E-10 4.031E-10 2.580E-10 1.791E-10
 1.008E-10 6.449E-11 2.866E-11 1.612E-11 7.166E-12 4.031E-12 2.580E-12 1.791E-12
 1.008E-12 6.449E-13
 6.394E-01 1.110E+00 1.162E+00 1.162E+00 1.512E+00 2.120E+00 2.603E+00 3.041E+00
 3.448E+00 4.163E+00 4.740E+00 5.668E+00 6.142E+00 6.561E+00 6.695E+00 6.702E+00
 6.645E+00 6.447E+00 6.218E+00 5.678E+00 5.233E+00 4.573E+00 4.105E+00 3.752E+00
 3.474E+00 3.053E+00 2.746E+00 2.717E+00 2.456E+00 2.232E+00 1.905E+00 1.882E+00
 1.499E+00 1.250E+00 1.080E+00 9.545E-01 8.579E-01 7.808E-01 7.178E-01 6.650E-01
 6.203E-01 5.817E-01 5.480E-01 5.185E-01 4.922E-01 4.687E-01 4.284E-01 3.951E-01
 3.669E-01 3.429E-01 3.220E-01 3.037E-01 2.876E-01 2.285E-01 1.908E-01 1.644E-01
 1.296E-01 1.076E-01 7.662E-02 6.008E-02 4.258E-02 3.335E-02 2.761E-02 2.364E-02
 1.846E-02 1.519E-02 1.061E-02 8.209E-03 5.708E-03 4.406E-03 3.602E-03 3.055E-03
 2.353E-03 1.921E-03 1.328E-03 1.021E-03 7.041E-04 5.405E-04 4.402E-04 3.721E-04
 2.853E-04 2.321E-04
 5.300E+04 1.793E+04 1.613E+04 1.772E+05 1.013E+05 3.524E+04 1.609E+04 8.612E+03
 5.119E+03 2.218E+03 1.145E+03 3.367E+02 1.389E+02 3.908E+01 1.570E+01 7.696E+00
 4.285E+00 1.695E+00 8.245E-01 2.237E-01 8.970E-02 2.573E-02 1.111E-02 6.021E-03
 3.764E-03 1.905E-03 1.184E-03 1.115E-03 7.562E-04 5.476E-04 3.420E-04 3.307E-04
 1.892E-04 1.291E-04 9.746E-05 7.812E-05 6.511E-05 5.577E-05 4.876E-05 4.330E-05
 3.894E-05 3.537E-05 3.239E-05 2.988E-05 2.772E-05 2.586E-05 2.279E-05 2.037E-05
 1.841E-05 1.680E-05 1.544E-05 1.429E-05 1.330E-05 9.870E-06 7.846E-06 6.511E-06
 4.857E-06 3.873E-06 2.571E-06 1.924E-06 1.280E-06 9.590E-07 7.667E-07 6.386E-07
 4.787E-07 3.828E-07 2.551E-07 1.913E-07 1.275E-07 9.562E-08 7.649E-08 6.374E-08
 4.780E-08 3.824E-08 2.549E-08 1.912E-08 1.275E-08 9.559E-09 7.647E-09 6.373E-09
 4.779E-09 3.823E-09
 0.000E+00 0.000E+00 0.000E+00 0.000E+00 0.000E+00 0.000E+00 0.000E+00 0.000E+00
 0.000E+00 0.000E+00 0.000E+00 0.000E+00 0.000E+00 0.000E+00 0.000E+00 0.000E+00
 0.000E+00 0.000E+00 0.000E+00 0.000E+00 0.000E+00 0.000E+00 0.000E+00 0.000E+00
 0.000E+00 0.000E+00 0.000E+00 0.000E+00 1.404E-03 7.652E-03 3.023E-02 3.258E-02
 8.595E-02 1.390E-01 1.861E-01 2.284E-01 2.660E-01 2.999E-01 3.305E-01 3.584E-01
 3.837E-01 4.069E-01 4.284E-01 4.484E-01 4.672E-01 4.847E-01 5.169E-01 5.457E-01
 5.717E-01 5.954E-01 6.171E-01 6.371E-01 6.556E-01 7.321E-01 7.891E-01 8.342E-01
 9.019E-01 9.503E-01 1.028E+00 1.076E+00 1.132E+00 1.165E+00 1.187E+00 1.202E+00
 1.223E+00 1.237E+00 1.257E+00 1.268E+00 1.280E+00 1.287E+00 1.291E+00 1.294E+00
 1.297E+00 1.300E+00 1.303E+00 1.305E+00 1.306E+00 1.307E+00 1.308E+00 1.308E+00
 1.309E+00 1.309E+00
 0.000E+00 0.000E+00 0.000E+00 0.000E+00 0.000E+00 0.000E+00 0.000E+00 0.000E+00
 0.000E+00 0.000E+00 0.000E+00 0.000E+00 0.000E+00 0.000E+00 0.000E+00 0.000E+00
 0.000E+00 0.000E+00 0.000E+00 0.000E+00 0.000E+00 0.000E+00 0.000E+00 0.000E+00
 0.000E+00 0.000E+00 0.000E+00 0.000E+00 0.000E+00 0.000E+00 0.000E+00 0.000E+00
 5.245E-04 2.142E-03 4.267E-03 6.554E-03 8.836E-03 1.105E-02 1.318E-02 1.520E-02
 1.712E-02 1.893E-02 2.065E-02 2.228E-02 2.383E-02 2.531E-02 2.806E-02 3.057E-02
 3.288E-02 3.501E-02 3.699E-02 3.883E-02 4.056E-02 4.778E-02 5.337E-02 5.788E-02
 6.479E-02 6.993E-02 7.864E-02 8.426E-02 9.134E-02 9.572E-02 9.878E-02 1.011E-01
 1.043E-01 1.064E-01 1.097E-01 1.116E-01 1.137E-01 1.149E-01 1.157E-01 1.162E-01
 1.169E-01 1.174E-01 1.180E-01 1.184E-01 1.188E-01 1.190E-01 1.191E-01 1.192E-01
 1.193E-01 1.194E-01
     1
     3
  1.0000E-03  1.5000E-03  1.5596E-03
  5.3000E+04  1.7930E+04  1.6130E+04
