    64  157.250000
     9    98
    32    24    21    19    12    10     8     5     3
 K  L1 L2 L3 M1 M2 M3 M4 M5
  50239.1   8375.6   7930.3   7242.8   1880.8   1688.3   1544.0   1217.2
   1185.2
  1.00000E+03  1.18510E+03  1.18520E+03  1.21710E+03  1.21720E+03  1.50000E+03
  1.54390E+03  1.54400E+03  1.68820E+03  1.68830E+03  1.88070E+03  1.88080E+03
  2.00000E+03  3.00000E+03  4.00000E+03  5.00000E+03  6.00000E+03  7.24270E+03
  7.24280E+03  7.93020E+03  7.93030E+03  8.00000E+03  8.37550E+03  8.37560E+03
  1.00000E+04  1.50000E+04  2.00000E+04  3.00000E+04  4.00000E+04  5.00000E+04
  5.02390E+04  5.02391E+04  6.00000E+04  8.00000E+04  1.00000E+05  1.50000E+05
  2.00000E+05  3.00000E+05  4.00000E+05  5.00000E+05  6.00000E+05  8.00000E+05
  1.00000E+06  1.02200E+06  1.25000E+06  1.50000E+06  2.00000E+06  2.04400E+06
  3.00000E+06  4.00000E+06  5.00000E+06  6.00000E+06  7.00000E+06  8.00000E+06
  9.00000E+06  1.00000E+07  1.10000E+07  1.20000E+07  1.30000E+07  1.40000E+07
  1.50000E+07  1.60000E+07  1.80000E+07  2.00000E+07  2.20000E+07  2.40000E+07
  2.60000E+07  2.80000E+07  3.00000E+07  4.00000E+07  5.00000E+07  6.00000E+07
  8.00000E+07  1.00000E+08  1.50000E+08  2.00000E+08  3.00000E+08  4.00000E+08
  5.00000E+08  6.00000E+08  8.00000E+08  1.00000E+09  1.50000E+09  2.00000E+09
  3.00000E+09  4.00000E+09  5.00000E+09  6.00000E+09  8.00000E+09  1.00000E+10
  1.50000E+10  2.00000E+10  3.00000E+10  4.00000E+10  5.00000E+10  6.00000E+10
  8.00000E+10  1.00000E+11
 2.579E+03 2.531E+03 2.531E+03 2.522E+03 2.522E+03 2.448E+03 2.436E+03 2.436E+03
 2.396E+03 2.396E+03 2.345E+03 2.345E+03 2.312E+03 2.049E+03 1.807E+03 1.595E+03
 1.415E+03 1.228E+03 1.228E+03 1.139E+03 1.139E+03 1.131E+03 1.087E+03 1.087E+03
 9.216E+02 5.981E+02 4.277E+02 2.517E+02 1.640E+02 1.162E+02 1.154E+02 1.154E+02
 8.734E+01 5.458E+01 3.718E+01 1.812E+01 1.078E+01 5.079E+00 2.939E+00 1.912E+00
 1.343E+00 7.654E-01 4.935E-01 4.728E-01 3.176E-01 2.212E-01 1.248E-01 1.195E-01
 5.562E-02 3.132E-02 2.005E-02 1.393E-02 1.023E-02 7.836E-03 6.192E-03 5.016E-03
 4.145E-03 3.483E-03 2.968E-03 2.559E-03 2.229E-03 1.960E-03 1.548E-03 1.254E-03
 1.036E-03 8.709E-04 7.421E-04 6.399E-04 5.574E-04 3.135E-04 2.007E-04 1.394E-04
 7.839E-05 5.017E-05 2.230E-05 1.254E-05 5.574E-06 3.135E-06 2.007E-06 1.393E-06
 7.838E-07 5.016E-07 2.230E-07 1.254E-07 5.574E-08 3.135E-08 2.007E-08 1.393E-08
 7.838E-09 5.016E-09 2.230E-09 1.254E-09 5.574E-10 3.135E-10 2.007E-10 1.393E-10
 7.838E-11 5.016E-11
 1.469E+00 1.833E+00 1.833E+00 1.895E+00 1.895E+00 2.423E+00 2.505E+00 2.506E+00
 2.774E+00 2.774E+00 3.122E+00 3.122E+00 3.340E+00 5.120E+00 6.780E+00 8.304E+00
 9.676E+00 1.118E+01 1.118E+01 1.194E+01 1.194E+01 1.201E+01 1.240E+01 1.240E+01
 1.396E+01 1.782E+01 2.065E+01 2.411E+01 2.593E+01 2.692E+01 2.694E+01 2.694E+01
 2.744E+01 2.771E+01 2.745E+01 2.602E+01 2.446E+01 2.181E+01 1.978E+01 1.819E+01
 1.690E+01 1.492E+01 1.345E+01 1.330E+01 1.204E+01 1.096E+01 9.361E+00 9.246E+00
 7.372E+00 6.152E+00 5.314E+00 4.697E+00 4.222E+00 3.843E+00 3.533E+00 3.273E+00
 3.053E+00 2.863E+00 2.697E+00 2.552E+00 2.423E+00 2.307E+00 2.109E+00 1.945E+00
 1.806E+00 1.688E+00 1.585E+00 1.495E+00 1.416E+00 1.125E+00 9.392E-01 8.092E-01
 6.382E-01 5.297E-01 3.772E-01 2.958E-01 2.096E-01 1.642E-01 1.359E-01 1.164E-01
 9.088E-02 7.477E-02 5.221E-02 4.041E-02 2.810E-02 2.169E-02 1.773E-02 1.504E-02
 1.159E-02 9.460E-03 6.537E-03 5.026E-03 3.466E-03 2.661E-03 2.167E-03 1.832E-03
 1.405E-03 1.143E-03
 5.957E+05 4.333E+05 4.789E+05 1.041E+06 1.255E+06 1.314E+06 1.225E+06 1.416E+06
 1.152E+06 1.223E+06 9.616E+05 1.004E+06 8.750E+05 3.353E+05 1.648E+05 9.379E+04
 5.877E+04 3.606E+04 9.913E+04 7.847E+04 1.071E+05 1.051E+05 9.372E+04 1.083E+05
 6.938E+04 2.376E+04 1.094E+04 3.599E+03 1.617E+03 8.647E+02 8.531E+02 4.724E+03
 2.954E+03 1.373E+03 7.473E+02 2.431E+02 1.093E+02 3.604E+01 1.691E+01 9.647E+00
 6.226E+00 3.252E+00 2.037E+00 1.949E+00 1.314E+00 9.385E-01 5.694E-01 5.492E-01
 3.001E-01 1.978E-01 1.457E-01 1.146E-01 9.417E-02 7.975E-02 6.908E-02 6.087E-02
 5.438E-02 4.912E-02 4.477E-02 4.112E-02 3.801E-02 3.534E-02 3.097E-02 2.756E-02
 2.482E-02 2.257E-02 2.069E-02 1.910E-02 1.774E-02 1.307E-02 1.034E-02 8.556E-03
 6.358E-03 5.059E-03 3.347E-03 2.501E-03 1.661E-03 1.244E-03 9.937E-04 8.274E-04
 6.200E-04 4.957E-04 3.302E-04 2.476E-04 1.650E-04 1.237E-04 9.896E-05 8.246E-05
 6.184E-05 4.947E-05 3.298E-05 2.473E-05 1.649E-05 1.237E-05 9.892E-06 8.244E-06
 6.183E-06 4.946E-06
 0.000E+00 0.000E+00 0.000E+00 0.000E+00 0.000E+00 0.000E+00 0.000E+00 0.000E+00
 0.000E+00 0.000E+00 0.000E+00 0.000E+00 0.000E+00 0.000E+00 0.000E+00 0.000E+00
 0.000E+00 0.000E+00 0.000E+00 0.000E+00 0.000E+00 0.000E+00 0.000E+00 0.000E+00
 0.000E+00 0.000E+00 0.000E+00 0.000E+00 0.000E+00 0.000E+00 0.000E+00 0.000E+00
 0.000E+00 0.000E+00 0.000E+00 0.000E+00 0.000E+00 0.000E+00 0.000E+00 0.000E+00
 0.000E+00 0.000E+00 0.000E+00 0.000E+00 6.627E-02 3.064E-01 9.855E-01 1.049E+00
 2.361E+00 3.536E+00 4.537E+00 5.399E+00 6.160E+00 6.844E+00 7.466E+00 8.036E+00
 8.563E+00 9.051E+00 9.509E+00 9.932E+00 1.033E+01 1.069E+01 1.135E+01 1.194E+01
 1.248E+01 1.296E+01 1.341E+01 1.381E+01 1.419E+01 1.572E+01 1.685E+01 1.774E+01
 1.904E+01 1.996E+01 2.143E+01 2.230E+01 2.331E+01 2.390E+01 2.428E+01 2.455E+01
 2.491E+01 2.515E+01 2.549E+01 2.568E+01 2.588E+01 2.598E+01 2.605E+01 2.610E+01
 2.616E+01 2.620E+01 2.625E+01 2.628E+01 2.631E+01 2.633E+01 2.634E+01 2.635E+01
 2.635E+01 2.636E+01
 0.000E+00 0.000E+00 0.000E+00 0.000E+00 0.000E+00 0.000E+00 0.000E+00 0.000E+00
 0.000E+00 0.000E+00 0.000E+00 0.000E+00 0.000E+00 0.000E+00 0.000E+00 0.000E+00
 0.000E+00 0.000E+00 0.000E+00 0.000E+00 0.000E+00 0.000E+00 0.000E+00 0.000E+00
 0.000E+00 0.000E+00 0.000E+00 0.000E+00 0.000E+00 0.000E+00 0.000E+00 0.000E+00
 0.000E+00 0.000E+00 0.000E+00 0.000E+00 0.000E+00 0.000E+00 0.000E+00 0.000E+00
 0.000E+00 0.000E+00 0.000E+00 0.000E+00 0.000E+00 0.000E+00 0.000E+00 0.000E+00
 2.577E-03 1.051E-02 2.091E-02 3.207E-02 4.317E-02 5.391E-02 6.417E-02 7.391E-02
 8.311E-02 9.178E-02 9.994E-02 1.077E-01 1.150E-01 1.220E-01 1.349E-01 1.466E-01
 1.573E-01 1.671E-01 1.762E-01 1.845E-01 1.923E-01 2.245E-01 2.487E-01 2.679E-01
 2.967E-01 3.175E-01 3.518E-01 3.732E-01 3.994E-01 4.150E-01 4.257E-01 4.335E-01
 4.443E-01 4.515E-01 4.623E-01 4.684E-01 4.751E-01 4.790E-01 4.814E-01 4.831E-01
 4.854E-01 4.868E-01 4.888E-01 4.899E-01 4.910E-01 4.917E-01 4.921E-01 4.924E-01
 4.927E-01 4.929E-01
     9
     3     3     3     3     3     7     3     3     8
  1.0000E-03  1.0887E-03  1.1852E-03
  1.1852E-03  1.2011E-03  1.2172E-03
  1.2172E-03  1.5000E-03  1.5440E-03
  1.5440E-03  1.6145E-03  1.6883E-03
  1.6883E-03  1.7820E-03  1.8808E-03
  1.8808E-03  2.0000E-03  3.0000E-03  4.0000E-03  5.0000E-03  6.0000E-03
  7.2428E-03
  7.2428E-03  7.5788E-03  7.9303E-03
  7.9303E-03  8.0000E-03  8.3756E-03
  8.3756E-03  1.0000E-02  1.5000E-02  2.0000E-02  3.0000E-02  4.0000E-02
  5.0000E-02  5.0239E-02
  5.9570E+05  5.0801E+05  4.3330E+05
  4.7890E+05  7.0718E+05  1.0410E+06
  1.2550E+06  1.3140E+06  1.2250E+06
  1.4160E+06  1.2771E+06  1.1520E+06
  1.2230E+06  1.0846E+06  9.6160E+05
  1.0040E+06  8.7500E+05  3.3530E+05  1.6480E+05  9.3790E+04  5.8770E+04
  3.6060E+04
  9.9130E+04  8.8194E+04  7.8470E+04
  1.0710E+05  1.0510E+05  9.3720E+04
  1.0830E+05  6.9380E+04  2.3760E+04  1.0940E+04  3.5990E+03  1.6170E+03
  8.6470E+02  8.5310E+02
