    84  208.981995
     9    98
    34    26    24    21    15    12    10     7     5
 K  L1 L2 L3 M1 M2 M3 M4 M5
  93105.0  16939.3  16244.3  13813.8   4149.4   3854.1   3301.9   2798.0
   2683.0
  1.00000E+03  1.50000E+03  2.00000E+03  2.68290E+03  2.68300E+03  2.79790E+03
  2.79800E+03  3.00000E+03  3.30180E+03  3.30190E+03  3.85400E+03  3.85410E+03
  4.00000E+03  4.14930E+03  4.14940E+03  5.00000E+03  6.00000E+03  8.00000E+03
  1.00000E+04  1.38137E+04  1.38138E+04  1.50000E+04  1.62442E+04  1.62443E+04
  1.69392E+04  1.69393E+04  2.00000E+04  3.00000E+04  4.00000E+04  5.00000E+04
  6.00000E+04  8.00000E+04  9.31049E+04  9.31050E+04  1.00000E+05  1.50000E+05
  2.00000E+05  3.00000E+05  4.00000E+05  5.00000E+05  6.00000E+05  8.00000E+05
  1.00000E+06  1.02200E+06  1.25000E+06  1.50000E+06  2.00000E+06  2.04400E+06
  3.00000E+06  4.00000E+06  5.00000E+06  6.00000E+06  7.00000E+06  8.00000E+06
  9.00000E+06  1.00000E+07  1.10000E+07  1.20000E+07  1.30000E+07  1.40000E+07
  1.50000E+07  1.60000E+07  1.80000E+07  2.00000E+07  2.20000E+07  2.40000E+07
  2.60000E+07  2.80000E+07  3.00000E+07  4.00000E+07  5.00000E+07  6.00000E+07
  8.00000E+07  1.00000E+08  1.50000E+08  2.00000E+08  3.00000E+08  4.00000E+08
  5.00000E+08  6.00000E+08  8.00000E+08  1.00000E+09  1.50000E+09  2.00000E+09
  3.00000E+09  4.00000E+09  5.00000E+09  6.00000E+09  8.00000E+09  1.00000E+10
  1.50000E+10  2.00000E+10  3.00000E+10  4.00000E+10  5.00000E+10  6.00000E+10
  8.00000E+10  1.00000E+11
 4.510E+03 4.321E+03 4.108E+03 3.815E+03 3.815E+03 3.766E+03 3.766E+03 3.681E+03
 3.561E+03 3.561E+03 3.348E+03 3.348E+03 3.293E+03 3.239E+03 3.239E+03 2.952E+03
 2.653E+03 2.168E+03 1.802E+03 1.316E+03 1.316E+03 1.203E+03 1.099E+03 1.099E+03
 1.047E+03 1.047E+03 8.535E+02 5.023E+02 3.364E+02 2.399E+02 1.797E+02 1.129E+02
 8.793E+01 8.793E+01 7.809E+01 3.861E+01 2.304E+01 1.101E+01 6.445E+00 4.224E+00
 2.980E+00 1.709E+00 1.107E+00 1.061E+00 7.149E-01 4.992E-01 2.826E-01 2.707E-01
 1.263E-01 7.117E-02 4.559E-02 3.168E-02 2.328E-02 1.783E-02 1.409E-02 1.141E-02
 9.433E-03 7.927E-03 6.755E-03 5.825E-03 5.074E-03 4.460E-03 3.524E-03 2.854E-03
 2.359E-03 1.982E-03 1.689E-03 1.456E-03 1.269E-03 7.137E-04 4.567E-04 3.172E-04
 1.784E-04 1.142E-04 5.075E-05 2.854E-05 1.269E-05 7.136E-06 4.567E-06 3.172E-06
 1.784E-06 1.142E-06 5.075E-07 2.854E-07 1.269E-07 7.136E-08 4.567E-08 3.172E-08
 1.784E-08 1.142E-08 5.075E-09 2.854E-09 1.269E-09 7.136E-10 4.567E-10 3.172E-10
 1.784E-10 1.142E-10
 1.210E+00 2.275E+00 3.374E+00 4.826E+00 4.826E+00 5.062E+00 5.062E+00 5.469E+00
 6.052E+00 6.052E+00 7.075E+00 7.075E+00 7.335E+00 7.598E+00 7.598E+00 9.014E+00
 1.057E+01 1.344E+01 1.598E+01 1.982E+01 1.982E+01 2.082E+01 2.177E+01 2.177E+01
 2.227E+01 2.227E+01 2.421E+01 2.882E+01 3.160E+01 3.323E+01 3.415E+01 3.484E+01
 3.484E+01 3.484E+01 3.475E+01 3.335E+01 3.155E+01 2.829E+01 2.574E+01 2.371E+01
 2.207E+01 1.951E+01 1.760E+01 1.742E+01 1.578E+01 1.436E+01 1.227E+01 1.212E+01
 9.670E+00 8.071E+00 6.972E+00 6.164E+00 5.541E+00 5.043E+00 4.636E+00 4.296E+00
 4.007E+00 3.758E+00 3.540E+00 3.349E+00 3.180E+00 3.028E+00 2.768E+00 2.552E+00
 2.371E+00 2.215E+00 2.080E+00 1.962E+00 1.858E+00 1.477E+00 1.233E+00 1.062E+00
 8.376E-01 6.952E-01 4.951E-01 3.882E-01 2.751E-01 2.155E-01 1.784E-01 1.527E-01
 1.193E-01 9.813E-02 6.853E-02 5.304E-02 3.688E-02 2.847E-02 2.328E-02 1.974E-02
 1.521E-02 1.242E-02 8.580E-03 6.597E-03 4.549E-03 3.493E-03 2.844E-03 2.404E-03
 1.843E-03 1.500E-03
 1.982E+06 8.993E+05 4.898E+05 2.558E+05 7.616E+05 6.122E+05 9.372E+05 7.440E+05
 5.840E+05 6.752E+05 4.614E+05 4.891E+05 4.475E+05 4.097E+05 4.276E+05 2.723E+05
 1.738E+05 8.436E+04 4.770E+04 2.065E+04 5.118E+04 4.109E+04 3.306E+04 4.610E+04
 4.168E+04 4.819E+04 3.158E+04 1.093E+04 5.078E+03 2.781E+03 1.694E+03 7.716E+02
 5.088E+02 2.355E+03 1.966E+03 6.810E+02 3.193E+02 1.111E+02 5.397E+01 3.153E+01
 2.069E+01 1.100E+01 6.943E+00 6.646E+00 4.484E+00 3.193E+00 1.931E+00 1.861E+00
 1.009E+00 6.599E-01 4.834E-01 3.786E-01 3.100E-01 2.618E-01 2.262E-01 1.989E-01
 1.774E-01 1.600E-01 1.456E-01 1.336E-01 1.234E-01 1.146E-01 1.003E-01 8.913E-02
 8.018E-02 7.285E-02 6.675E-02 6.158E-02 5.715E-02 4.202E-02 3.321E-02 2.745E-02
 2.037E-02 1.620E-02 1.071E-02 7.998E-03 5.309E-03 3.973E-03 3.175E-03 2.643E-03
 1.980E-03 1.583E-03 1.055E-03 7.907E-04 5.269E-04 3.951E-04 3.160E-04 2.633E-04
 1.975E-04 1.580E-04 1.053E-04 7.897E-05 5.265E-05 3.948E-05 3.159E-05 2.632E-05
 1.974E-05 1.579E-05
 0.000E+00 0.000E+00 0.000E+00 0.000E+00 0.000E+00 0.000E+00 0.000E+00 0.000E+00
 0.000E+00 0.000E+00 0.000E+00 0.000E+00 0.000E+00 0.000E+00 0.000E+00 0.000E+00
 0.000E+00 0.000E+00 0.000E+00 0.000E+00 0.000E+00 0.000E+00 0.000E+00 0.000E+00
 0.000E+00 0.000E+00 0.000E+00 0.000E+00 0.000E+00 0.000E+00 0.000E+00 0.000E+00
 0.000E+00 0.000E+00 0.000E+00 0.000E+00 0.000E+00 0.000E+00 0.000E+00 0.000E+00
 0.000E+00 0.000E+00 0.000E+00 0.000E+00 1.388E-01 6.667E-01 1.998E+00 2.114E+00
 4.329E+00 6.185E+00 7.738E+00 9.078E+00 1.026E+01 1.132E+01 1.229E+01 1.318E+01
 1.400E+01 1.477E+01 1.549E+01 1.616E+01 1.679E+01 1.737E+01 1.843E+01 1.937E+01
 2.023E+01 2.101E+01 2.173E+01 2.238E+01 2.299E+01 2.545E+01 2.728E+01 2.870E+01
 3.078E+01 3.224E+01 3.456E+01 3.594E+01 3.754E+01 3.845E+01 3.905E+01 3.948E+01
 4.005E+01 4.042E+01 4.095E+01 4.124E+01 4.155E+01 4.172E+01 4.183E+01 4.190E+01
 4.200E+01 4.206E+01 4.214E+01 4.219E+01 4.224E+01 4.226E+01 4.228E+01 4.229E+01
 4.230E+01 4.231E+01
 0.000E+00 0.000E+00 0.000E+00 0.000E+00 0.000E+00 0.000E+00 0.000E+00 0.000E+00
 0.000E+00 0.000E+00 0.000E+00 0.000E+00 0.000E+00 0.000E+00 0.000E+00 0.000E+00
 0.000E+00 0.000E+00 0.000E+00 0.000E+00 0.000E+00 0.000E+00 0.000E+00 0.000E+00
 0.000E+00 0.000E+00 0.000E+00 0.000E+00 0.000E+00 0.000E+00 0.000E+00 0.000E+00
 0.000E+00 0.000E+00 0.000E+00 0.000E+00 0.000E+00 0.000E+00 0.000E+00 0.000E+00
 0.000E+00 0.000E+00 0.000E+00 0.000E+00 0.000E+00 0.000E+00 0.000E+00 0.000E+00
 3.378E-03 1.377E-02 2.738E-02 4.196E-02 5.646E-02 7.047E-02 8.384E-02 9.652E-02
 1.085E-01 1.197E-01 1.303E-01 1.404E-01 1.499E-01 1.589E-01 1.756E-01 1.906E-01
 2.044E-01 2.170E-01 2.286E-01 2.393E-01 2.493E-01 2.902E-01 3.209E-01 3.451E-01
 3.811E-01 4.071E-01 4.495E-01 4.757E-01 5.075E-01 5.263E-01 5.391E-01 5.485E-01
 5.613E-01 5.697E-01 5.822E-01 5.893E-01 5.969E-01 6.015E-01 6.042E-01 6.061E-01
 6.086E-01 6.103E-01 6.124E-01 6.137E-01 6.149E-01 6.157E-01 6.162E-01 6.164E-01
 6.167E-01 6.170E-01
     9
     4     3     3     3     3     6     3     3     8
  1.0000E-03  1.5000E-03  2.0000E-03  2.6830E-03
  2.6830E-03  2.7399E-03  2.7980E-03
  2.7980E-03  3.0000E-03  3.3019E-03
  3.3019E-03  3.5673E-03  3.8541E-03
  3.8541E-03  4.0000E-03  4.1494E-03
  4.1494E-03  5.0000E-03  6.0000E-03  8.0000E-03  1.0000E-02  1.3814E-02
  1.3814E-02  1.5000E-02  1.6244E-02
  1.6244E-02  1.6588E-02  1.6939E-02
  1.6939E-02  2.0000E-02  3.0000E-02  4.0000E-02  5.0000E-02  6.0000E-02
  8.0000E-02  9.3105E-02
  1.9820E+06  8.9930E+05  4.8980E+05  2.5580E+05
  7.6160E+05  6.8275E+05  6.1220E+05
  9.3720E+05  7.4400E+05  5.8400E+05
  6.7520E+05  5.5812E+05  4.6140E+05
  4.8910E+05  4.4750E+05  4.0970E+05
  4.2760E+05  2.7230E+05  1.7380E+05  8.4360E+04  4.7700E+04  2.0650E+04
  5.1180E+04  4.1090E+04  3.3060E+04
  4.6100E+04  4.3840E+04  4.1680E+04
  4.8190E+04  3.1580E+04  1.0930E+04  5.0780E+03  2.7810E+03  1.6940E+03
  7.7160E+02  5.0880E+02
