    28   58.689999
     2    84
    12     3
 K  L1
   8332.8   1008.1
  1.00000E+03  1.00800E+03  1.00810E+03  1.50000E+03  2.00000E+03  3.00000E+03
  4.00000E+03  5.00000E+03  6.00000E+03  8.00000E+03  8.33270E+03  8.33280E+03
  1.00000E+04  1.50000E+04  2.00000E+04  3.00000E+04  4.00000E+04  5.00000E+04
  6.00000E+04  8.00000E+04  1.00000E+05  1.50000E+05  2.00000E+05  3.00000E+05
  4.00000E+05  5.00000E+05  6.00000E+05  8.00000E+05  1.00000E+06  1.02200E+06
  1.25000E+06  1.50000E+06  2.00000E+06  2.04400E+06  3.00000E+06  4.00000E+06
  5.00000E+06  6.00000E+06  7.00000E+06  8.00000E+06  9.00000E+06  1.00000E+07
  1.10000E+07  1.20000E+07  1.30000E+07  1.40000E+07  1.50000E+07  1.60000E+07
  1.80000E+07  2.00000E+07  2.20000E+07  2.40000E+07  2.60000E+07  2.80000E+07
  3.00000E+07  4.00000E+07  5.00000E+07  6.00000E+07  8.00000E+07  1.00000E+08
  1.50000E+08  2.00000E+08  3.00000E+08  4.00000E+08  5.00000E+08  6.00000E+08
  8.00000E+08  1.00000E+09  1.50000E+09  2.00000E+09  3.00000E+09  4.00000E+09
  5.00000E+09  6.00000E+09  8.00000E+09  1.00000E+10  1.50000E+10  2.00000E+10
  3.00000E+10  4.00000E+10  5.00000E+10  6.00000E+10  8.00000E+10  1.00000E+11
 4.924E+02 4.919E+02 4.919E+02 4.640E+02 4.334E+02 3.740E+02 3.209E+02 2.747E+02
 2.356E+02 1.765E+02 1.689E+02 1.689E+02 1.370E+02 8.382E+01 5.796E+01 3.219E+01
 2.029E+01 1.403E+01 1.034E+01 6.318E+00 4.256E+00 2.019E+00 1.172E+00 5.370E-01
 3.063E-01 1.975E-01 1.377E-01 7.780E-02 4.990E-02 4.778E-02 3.198E-02 2.222E-02
 1.251E-02 1.198E-02 5.563E-03 3.130E-03 2.003E-03 1.391E-03 1.022E-03 7.826E-04
 6.184E-04 5.009E-04 4.140E-04 3.478E-04 2.964E-04 2.556E-04 2.226E-04 1.957E-04
 1.546E-04 1.252E-04 1.035E-04 8.697E-05 7.410E-05 6.389E-05 5.566E-05 3.131E-05
 2.004E-05 1.391E-05 7.826E-06 5.009E-06 2.226E-06 1.252E-06 5.565E-07 3.130E-07
 2.003E-07 1.391E-07 7.826E-08 5.009E-08 2.226E-08 1.252E-08 5.565E-09 3.130E-09
 2.003E-09 1.391E-09 7.826E-10 5.009E-10 2.226E-10 1.252E-10 5.565E-11 3.130E-11
 2.003E-11 1.391E-11 7.826E-12 5.009E-12
 7.613E-01 7.708E-01 7.709E-01 1.355E+00 1.910E+00 2.927E+00 3.883E+00 4.771E+00
 5.581E+00 6.990E+00 7.198E+00 7.198E+00 8.146E+00 1.015E+01 1.135E+01 1.266E+01
 1.322E+01 1.342E+01 1.343E+01 1.323E+01 1.289E+01 1.195E+01 1.110E+01 9.763E+00
 8.791E+00 8.049E+00 7.459E+00 6.564E+00 5.907E+00 5.844E+00 5.285E+00 4.805E+00
 4.102E+00 4.051E+00 3.228E+00 2.693E+00 2.326E+00 2.056E+00 1.848E+00 1.682E+00
 1.546E+00 1.432E+00 1.336E+00 1.253E+00 1.180E+00 1.117E+00 1.060E+00 1.010E+00
 9.227E-01 8.509E-01 7.903E-01 7.385E-01 6.935E-01 6.542E-01 6.195E-01 4.922E-01
 4.109E-01 3.540E-01 2.792E-01 2.317E-01 1.650E-01 1.294E-01 9.171E-02 7.183E-02
 5.946E-02 5.091E-02 3.976E-02 3.271E-02 2.284E-02 1.768E-02 1.229E-02 9.489E-03
 7.758E-03 6.579E-03 5.069E-03 4.139E-03 2.860E-03 2.199E-03 1.516E-03 1.164E-03
 9.480E-04 8.014E-04 6.145E-04 4.999E-04
 9.600E+05 9.406E+05 1.071E+06 4.122E+05 1.992E+05 6.877E+04 3.166E+04 1.719E+04
 1.038E+04 4.643E+03 4.139E+03 3.192E+04 2.022E+04 6.807E+03 3.069E+03 9.632E+02
 4.148E+02 2.137E+02 1.235E+02 5.165E+01 2.612E+01 7.549E+00 3.147E+00 9.455E-01
 4.190E-01 2.305E-01 1.453E-01 7.410E-02 4.610E-02 4.378E-02 2.960E-02 2.133E-02
 1.314E-02 1.269E-02 7.115E-03 4.785E-03 3.578E-03 2.847E-03 2.360E-03 2.013E-03
 1.754E-03 1.553E-03 1.393E-03 1.263E-03 1.154E-03 1.063E-03 9.851E-04 9.177E-04
 8.072E-04 7.203E-04 6.502E-04 5.925E-04 5.442E-04 5.032E-04 4.679E-04 3.463E-04
 2.749E-04 2.278E-04 1.697E-04 1.352E-04 8.968E-05 6.708E-05 4.460E-05 3.340E-05
 2.670E-05 2.224E-05 1.667E-05 1.333E-05 8.880E-06 6.658E-06 4.438E-06 3.328E-06
 2.662E-06 2.218E-06 1.664E-06 1.331E-06 8.872E-07 6.654E-07 4.436E-07 3.327E-07
 2.661E-07 2.218E-07 1.663E-07 1.331E-07
 0.000E+00 0.000E+00 0.000E+00 0.000E+00 0.000E+00 0.000E+00 0.000E+00 0.000E+00
 0.000E+00 0.000E+00 0.000E+00 0.000E+00 0.000E+00 0.000E+00 0.000E+00 0.000E+00
 0.000E+00 0.000E+00 0.000E+00 0.000E+00 0.000E+00 0.000E+00 0.000E+00 0.000E+00
 0.000E+00 0.000E+00 0.000E+00 0.000E+00 0.000E+00 0.000E+00 7.777E-03 3.921E-02
 1.479E-01 1.590E-01 4.082E-01 6.505E-01 8.642E-01 1.054E+00 1.223E+00 1.375E+00
 1.513E+00 1.637E+00 1.751E+00 1.854E+00 1.950E+00 2.039E+00 2.123E+00 2.201E+00
 2.344E+00 2.471E+00 2.587E+00 2.692E+00 2.788E+00 2.876E+00 2.957E+00 3.289E+00
 3.537E+00 3.732E+00 4.021E+00 4.228E+00 4.559E+00 4.757E+00 4.989E+00 5.122E+00
 5.210E+00 5.273E+00 5.356E+00 5.411E+00 5.489E+00 5.532E+00 5.578E+00 5.603E+00
 5.619E+00 5.630E+00 5.644E+00 5.653E+00 5.665E+00 5.672E+00 5.679E+00 5.683E+00
 5.685E+00 5.686E+00 5.689E+00 5.690E+00
 0.000E+00 0.000E+00 0.000E+00 0.000E+00 0.000E+00 0.000E+00 0.000E+00 0.000E+00
 0.000E+00 0.000E+00 0.000E+00 0.000E+00 0.000E+00 0.000E+00 0.000E+00 0.000E+00
 0.000E+00 0.000E+00 0.000E+00 0.000E+00 0.000E+00 0.000E+00 0.000E+00 0.000E+00
 0.000E+00 0.000E+00 0.000E+00 0.000E+00 0.000E+00 0.000E+00 0.000E+00 0.000E+00
 0.000E+00 0.000E+00 1.130E-03 4.611E-03 9.185E-03 1.410E-02 1.900E-02 2.376E-02
 2.831E-02 3.264E-02 3.674E-02 4.061E-02 4.426E-02 4.775E-02 5.104E-02 5.418E-02
 6.001E-02 6.532E-02 7.020E-02 7.469E-02 7.884E-02 8.271E-02 8.631E-02 1.013E-01
 1.128E-01 1.220E-01 1.359E-01 1.461E-01 1.632E-01 1.740E-01 1.874E-01 1.954E-01
 2.010E-01 2.051E-01 2.107E-01 2.145E-01 2.201E-01 2.233E-01 2.268E-01 2.289E-01
 2.301E-01 2.310E-01 2.322E-01 2.330E-01 2.340E-01 2.346E-01 2.352E-01 2.355E-01
 2.358E-01 2.359E-01 2.360E-01 2.362E-01
     2
     3     9
  1.0000E-03  1.0040E-03  1.0081E-03
  1.0081E-03  1.5000E-03  2.0000E-03  3.0000E-03  4.0000E-03  5.0000E-03
  6.0000E-03  8.0000E-03  8.3328E-03
  9.6000E+05  9.5009E+05  9.4060E+05
  1.0710E+06  4.1220E+05  1.9920E+05  6.8770E+04  3.1660E+04  1.7190E+04
  1.0380E+04  4.6430E+03  4.1390E+03
