     6   12.011000
     0    80
 1.000000E+03 1.500000E+03 2.000000E+03 3.000000E+03 4.000000E+03 5.000000E+03
 6.000000E+03 8.000000E+03 1.000000E+04 1.500000E+04 2.000000E+04 3.000000E+04
 4.000000E+04 5.000000E+04 6.000000E+04 8.000000E+04 1.000000E+05 1.500000E+05
 2.000000E+05 3.000000E+05 4.000000E+05 5.000000E+05 6.000000E+05 8.000000E+05
 1.000000E+06 1.022000E+06 1.250000E+06 1.500000E+06 2.000000E+06 2.044000E+06
 3.000000E+06 4.000000E+06 5.000000E+06 6.000000E+06 7.000000E+06 8.000000E+06
 9.000000E+06 1.000000E+07 1.100000E+07 1.200000E+07 1.300000E+07 1.400000E+07
 1.500000E+07 1.600000E+07 1.800000E+07 2.000000E+07 2.200000E+07 2.400000E+07
 2.600000E+07 2.800000E+07 3.000000E+07 4.000000E+07 5.000000E+07 6.000000E+07
 8.000000E+07 1.000000E+08 1.500000E+08 2.000000E+08 3.000000E+08 4.000000E+08
 5.000000E+08 6.000000E+08 8.000000E+08 1.000000E+09 1.500000E+09 2.000000E+09
 3.000000E+09 4.000000E+09 5.000000E+09 6.000000E+09 8.000000E+09 1.000000E+10
 1.500000E+10 2.000000E+10 3.000000E+10 4.000000E+10 5.000000E+10 6.000000E+10
 8.000000E+10 1.000000E+11
 2.152E+01 1.912E+01 1.659E+01 1.222E+01 9.179E+00 7.170E+00 5.819E+00 4.181E+00
 3.232E+00 1.952E+00 1.292E+00 6.711E-01 4.079E-01 2.734E-01 1.956E-01 1.139E-01
 7.418E-02 3.360E-02 1.903E-02 8.504E-03 4.792E-03 3.070E-03 2.133E-03 1.200E-03
 7.682E-04 7.355E-04 4.917E-04 3.415E-04 1.921E-04 1.839E-04 8.539E-05 4.803E-05
 3.074E-05 2.135E-05 1.568E-05 1.201E-05 9.488E-06 7.685E-06 6.352E-06 5.337E-06
 4.548E-06 3.921E-06 3.416E-06 3.002E-06 2.372E-06 1.921E-06 1.588E-06 1.334E-06
 1.137E-06 9.803E-07 8.539E-07 4.803E-07 3.074E-07 2.135E-07 1.201E-07 7.684E-08
 3.415E-08 1.921E-08 8.537E-09 4.802E-09 3.073E-09 2.134E-09 1.201E-09 7.684E-10
 3.415E-10 1.921E-10 8.537E-11 4.802E-11 3.073E-11 2.134E-11 1.201E-11 7.684E-12
 3.415E-12 1.921E-12 8.537E-13 4.802E-13 3.073E-13 2.134E-13 1.201E-13 7.684E-14
 2.519E-01 5.001E-01 7.702E-01 1.278E+00 1.685E+00 1.984E+00 2.202E+00 2.497E+00
 2.697E+00 3.012E+00 3.182E+00 3.300E+00 3.296E+00 3.250E+00 3.188E+00 3.054E+00
 2.924E+00 2.647E+00 2.431E+00 2.118E+00 1.899E+00 1.735E+00 1.605E+00 1.410E+00
 1.268E+00 1.255E+00 1.134E+00 1.031E+00 8.795E-01 8.687E-01 6.920E-01 5.772E-01
 4.985E-01 4.406E-01 3.960E-01 3.604E-01 3.313E-01 3.069E-01 2.863E-01 2.685E-01
 2.529E-01 2.393E-01 2.272E-01 2.163E-01 1.977E-01 1.823E-01 1.694E-01 1.583E-01
 1.486E-01 1.402E-01 1.327E-01 1.055E-01 8.805E-02 7.586E-02 5.983E-02 4.966E-02
 3.536E-02 2.773E-02 1.965E-02 1.539E-02 1.274E-02 1.091E-02 8.520E-03 7.009E-03
 4.895E-03 3.789E-03 2.634E-03 2.033E-03 1.663E-03 1.410E-03 1.086E-03 8.868E-04
 6.129E-04 4.712E-04 3.249E-04 2.495E-04 2.032E-04 1.717E-04 1.317E-04 1.071E-04
 4.407E+04 1.395E+04 6.017E+03 1.788E+03 7.427E+02 3.721E+02 2.103E+02 8.459E+01
 4.140E+01 1.114E+01 4.341E+00 1.138E+00 4.374E-01 2.079E-01 1.131E-01 4.327E-02
 2.057E-02 5.397E-03 2.121E-03 5.944E-04 2.536E-04 1.364E-04 8.482E-05 4.277E-05
 2.659E-05 2.452E-05 1.665E-05 1.209E-05 7.631E-06 7.384E-06 4.282E-06 2.947E-06
 2.239E-06 1.802E-06 1.507E-06 1.294E-06 1.134E-06 1.009E-06 9.081E-07 8.258E-07
 7.571E-07 6.989E-07 6.490E-07 6.058E-07 5.345E-07 4.782E-07 4.326E-07 3.949E-07
 3.633E-07 3.363E-07 3.131E-07 2.327E-07 1.851E-07 1.537E-07 1.148E-07 9.156E-08
 6.081E-08 4.553E-08 3.030E-08 2.270E-08 1.815E-08 1.512E-08 1.133E-08 9.065E-09
 6.041E-09 4.530E-09 3.019E-09 2.264E-09 1.811E-09 1.509E-09 1.132E-09 9.056E-10
 6.037E-10 4.528E-10 3.018E-10 2.264E-10 1.811E-10 1.509E-10 1.132E-10 9.055E-11
 0.000E-01 0.000E-01 0.000E-01 0.000E-01 0.000E-01 0.000E-01 0.000E-01 0.000E-01
 0.000E-01 0.000E-01 0.000E-01 0.000E-01 0.000E-01 0.000E-01 0.000E-01 0.000E-01
 0.000E-01 0.000E-01 0.000E-01 0.000E-01 0.000E-01 0.000E-01 0.000E-01 0.000E-01
 0.000E-01 0.000E-01 2.870E-04 1.594E-03 6.356E-03 6.852E-03 1.820E-02 2.955E-02
 3.966E-02 4.876E-02 5.687E-02 6.418E-02 7.082E-02 7.686E-02 8.235E-02 8.739E-02
 9.209E-02 9.645E-02 1.005E-01 1.044E-01 1.114E-01 1.177E-01 1.235E-01 1.287E-01
 1.335E-01 1.379E-01 1.420E-01 1.588E-01 1.714E-01 1.815E-01 1.967E-01 2.079E-01
 2.267E-01 2.384E-01 2.528E-01 2.613E-01 2.670E-01 2.712E-01 2.768E-01 2.805E-01
 2.859E-01 2.889E-01 2.922E-01 2.939E-01 2.951E-01 2.958E-01 2.969E-01 2.975E-01
 2.984E-01 2.989E-01 2.994E-01 2.997E-01 2.998E-01 3.000E-01 3.001E-01 3.002E-01
 0.000E-01 0.000E-01 0.000E-01 0.000E-01 0.000E-01 0.000E-01 0.000E-01 0.000E-01
 0.000E-01 0.000E-01 0.000E-01 0.000E-01 0.000E-01 0.000E-01 0.000E-01 0.000E-01
 0.000E-01 0.000E-01 0.000E-01 0.000E-01 0.000E-01 0.000E-01 0.000E-01 0.000E-01
 0.000E-01 0.000E-01 0.000E-01 0.000E-01 0.000E-01 0.000E-01 2.421E-04 9.885E-04
 1.970E-03 3.025E-03 4.079E-03 5.102E-03 6.083E-03 7.018E-03 7.906E-03 8.745E-03
 9.538E-03 1.030E-02 1.102E-02 1.170E-02 1.298E-02 1.415E-02 1.523E-02 1.623E-02
 1.715E-02 1.802E-02 1.883E-02 2.224E-02 2.490E-02 2.706E-02 3.041E-02 3.294E-02
 3.734E-02 4.024E-02 4.397E-02 4.630E-02 4.792E-02 4.914E-02 5.084E-02 5.198E-02
 5.372E-02 5.471E-02 5.580E-02 5.644E-02 5.684E-02 5.712E-02 5.749E-02 5.773E-02
 5.805E-02 5.824E-02 5.842E-02 5.854E-02 5.860E-02 5.865E-02 5.870E-02 5.873E-02
