    77  192.220001
     9    98
    33    25    23    21    14    11     9     7     5
 K  L1 L2 L3 M1 M2 M3 M4 M5
  76111.0  13418.5  12824.1  11215.4   3173.7   2908.7   2550.7   2116.1
   2040.4
  1.00000E+03  1.50000E+03  2.00000E+03  2.04030E+03  2.04040E+03  2.11600E+03
  2.11610E+03  2.55060E+03  2.55070E+03  2.90860E+03  2.90870E+03  3.00000E+03
  3.17360E+03  3.17370E+03  4.00000E+03  5.00000E+03  6.00000E+03  8.00000E+03
  1.00000E+04  1.12153E+04  1.12154E+04  1.28240E+04  1.28241E+04  1.34184E+04
  1.34185E+04  1.50000E+04  2.00000E+04  3.00000E+04  4.00000E+04  5.00000E+04
  6.00000E+04  7.61109E+04  7.61110E+04  8.00000E+04  1.00000E+05  1.50000E+05
  2.00000E+05  3.00000E+05  4.00000E+05  5.00000E+05  6.00000E+05  8.00000E+05
  1.00000E+06  1.02200E+06  1.25000E+06  1.50000E+06  2.00000E+06  2.04400E+06
  3.00000E+06  4.00000E+06  5.00000E+06  6.00000E+06  7.00000E+06  8.00000E+06
  9.00000E+06  1.00000E+07  1.10000E+07  1.20000E+07  1.30000E+07  1.40000E+07
  1.50000E+07  1.60000E+07  1.80000E+07  2.00000E+07  2.20000E+07  2.40000E+07
  2.60000E+07  2.80000E+07  3.00000E+07  4.00000E+07  5.00000E+07  6.00000E+07
  8.00000E+07  1.00000E+08  1.50000E+08  2.00000E+08  3.00000E+08  4.00000E+08
  5.00000E+08  6.00000E+08  8.00000E+08  1.00000E+09  1.50000E+09  2.00000E+09
  3.00000E+09  4.00000E+09  5.00000E+09  6.00000E+09  8.00000E+09  1.00000E+10
  1.50000E+10  2.00000E+10  3.00000E+10  4.00000E+10  5.00000E+10  6.00000E+10
  8.00000E+10  1.00000E+11
 3.796E+03 3.643E+03 3.468E+03 3.453E+03 3.453E+03 3.426E+03 3.426E+03 3.272E+03
 3.272E+03 3.142E+03 3.142E+03 3.110E+03 3.050E+03 3.050E+03 2.776E+03 2.480E+03
 2.222E+03 1.806E+03 1.490E+03 1.335E+03 1.335E+03 1.159E+03 1.159E+03 1.104E+03
 1.104E+03 9.744E+02 6.867E+02 4.058E+02 2.690E+02 1.905E+02 1.426E+02 9.729E+01
 9.729E+01 8.965E+01 6.172E+01 3.027E+01 1.804E+01 8.586E+00 5.003E+00 3.269E+00
 2.301E+00 1.317E+00 8.512E-01 8.156E-01 5.489E-01 3.829E-01 2.165E-01 2.073E-01
 9.660E-02 5.442E-02 3.485E-02 2.421E-02 1.779E-02 1.363E-02 1.077E-02 8.722E-03
 7.209E-03 6.058E-03 5.162E-03 4.451E-03 3.877E-03 3.408E-03 2.693E-03 2.181E-03
 1.803E-03 1.515E-03 1.291E-03 1.113E-03 9.694E-04 5.453E-04 3.490E-04 2.424E-04
 1.363E-04 8.725E-05 3.878E-05 2.181E-05 9.694E-06 5.453E-06 3.490E-06 2.424E-06
 1.363E-06 8.725E-07 3.878E-07 2.181E-07 9.694E-08 5.453E-08 3.490E-08 2.424E-08
 1.363E-08 8.725E-09 3.878E-09 2.181E-09 9.694E-10 5.453E-10 3.490E-10 2.424E-10
 1.363E-10 8.725E-11
 1.255E+00 2.234E+00 3.181E+00 3.256E+00 3.256E+00 3.397E+00 3.398E+00 4.186E+00
 4.187E+00 4.828E+00 4.828E+00 4.990E+00 5.295E+00 5.296E+00 6.711E+00 8.342E+00
 9.887E+00 1.267E+01 1.500E+01 1.625E+01 1.625E+01 1.768E+01 1.768E+01 1.819E+01
 1.819E+01 1.943E+01 2.269E+01 2.710E+01 2.963E+01 3.105E+01 3.184E+01 3.234E+01
 3.234E+01 3.238E+01 3.224E+01 3.082E+01 2.910E+01 2.604E+01 2.366E+01 2.179E+01
 2.027E+01 1.791E+01 1.615E+01 1.598E+01 1.447E+01 1.317E+01 1.126E+01 1.112E+01
 8.866E+00 7.399E+00 6.392E+00 5.650E+00 5.079E+00 4.623E+00 4.250E+00 3.938E+00
 3.673E+00 3.445E+00 3.245E+00 3.070E+00 2.915E+00 2.776E+00 2.537E+00 2.340E+00
 2.173E+00 2.031E+00 1.907E+00 1.799E+00 1.703E+00 1.354E+00 1.130E+00 9.735E-01
 7.678E-01 6.373E-01 4.538E-01 3.558E-01 2.522E-01 1.975E-01 1.635E-01 1.400E-01
 1.093E-01 8.995E-02 6.282E-02 4.862E-02 3.381E-02 2.610E-02 2.134E-02 1.809E-02
 1.394E-02 1.138E-02 7.865E-03 6.047E-03 4.170E-03 3.202E-03 2.607E-03 2.204E-03
 1.690E-03 1.375E-03
 1.350E+06 6.022E+05 3.259E+05 3.120E+05 3.358E+05 7.770E+05 8.191E+05 7.703E+05
 8.901E+05 6.482E+05 6.882E+05 6.389E+05 5.610E+05 5.852E+05 3.365E+05 1.947E+05
 1.234E+05 5.928E+04 3.329E+04 2.468E+04 6.370E+04 4.434E+04 6.137E+04 5.493E+04
 6.350E+04 4.785E+04 2.265E+04 7.693E+03 3.528E+03 1.915E+03 1.158E+03 5.994E+02
 2.975E+03 2.618E+03 1.456E+03 4.944E+02 2.282E+02 7.790E+01 3.734E+01 2.163E+01
 1.410E+01 7.449E+00 4.686E+00 4.485E+00 3.025E+00 2.156E+00 1.305E+00 1.258E+00
 6.834E-01 4.482E-01 3.289E-01 2.580E-01 2.115E-01 1.788E-01 1.546E-01 1.360E-01
 1.214E-01 1.095E-01 9.975E-02 9.155E-02 8.458E-02 7.858E-02 6.880E-02 6.116E-02
 5.504E-02 5.003E-02 4.585E-02 4.231E-02 3.927E-02 2.889E-02 2.284E-02 1.889E-02
 1.403E-02 1.115E-02 7.376E-03 5.509E-03 3.658E-03 2.738E-03 2.188E-03 1.822E-03
 1.365E-03 1.091E-03 7.268E-04 5.449E-04 3.631E-04 2.723E-04 2.178E-04 1.815E-04
 1.361E-04 1.089E-04 7.258E-05 5.443E-05 3.628E-05 2.721E-05 2.177E-05 1.814E-05
 1.361E-05 1.088E-05
 0.000E+00 0.000E+00 0.000E+00 0.000E+00 0.000E+00 0.000E+00 0.000E+00 0.000E+00
 0.000E+00 0.000E+00 0.000E+00 0.000E+00 0.000E+00 0.000E+00 0.000E+00 0.000E+00
 0.000E+00 0.000E+00 0.000E+00 0.000E+00 0.000E+00 0.000E+00 0.000E+00 0.000E+00
 0.000E+00 0.000E+00 0.000E+00 0.000E+00 0.000E+00 0.000E+00 0.000E+00 0.000E+00
 0.000E+00 0.000E+00 0.000E+00 0.000E+00 0.000E+00 0.000E+00 0.000E+00 0.000E+00
 0.000E+00 0.000E+00 0.000E+00 0.000E+00 1.098E-01 5.171E-01 1.587E+00 1.682E+00
 3.561E+00 5.184E+00 6.542E+00 7.711E+00 8.741E+00 9.668E+00 1.051E+01 1.129E+01
 1.200E+01 1.267E+01 1.329E+01 1.387E+01 1.442E+01 1.492E+01 1.584E+01 1.665E+01
 1.739E+01 1.806E+01 1.868E+01 1.924E+01 1.976E+01 2.188E+01 2.346E+01 2.468E+01
 2.647E+01 2.774E+01 2.974E+01 3.092E+01 3.230E+01 3.308E+01 3.359E+01 3.396E+01
 3.445E+01 3.477E+01 3.522E+01 3.547E+01 3.574E+01 3.588E+01 3.597E+01 3.604E+01
 3.612E+01 3.617E+01 3.624E+01 3.628E+01 3.632E+01 3.634E+01 3.636E+01 3.637E+01
 3.638E+01 3.638E+01
 0.000E+00 0.000E+00 0.000E+00 0.000E+00 0.000E+00 0.000E+00 0.000E+00 0.000E+00
 0.000E+00 0.000E+00 0.000E+00 0.000E+00 0.000E+00 0.000E+00 0.000E+00 0.000E+00
 0.000E+00 0.000E+00 0.000E+00 0.000E+00 0.000E+00 0.000E+00 0.000E+00 0.000E+00
 0.000E+00 0.000E+00 0.000E+00 0.000E+00 0.000E+00 0.000E+00 0.000E+00 0.000E+00
 0.000E+00 0.000E+00 0.000E+00 0.000E+00 0.000E+00 0.000E+00 0.000E+00 0.000E+00
 0.000E+00 0.000E+00 0.000E+00 0.000E+00 0.000E+00 0.000E+00 0.000E+00 0.000E+00
 3.098E-03 1.263E-02 2.512E-02 3.851E-02 5.182E-02 6.469E-02 7.698E-02 8.863E-02
 9.964E-02 1.100E-01 1.198E-01 1.290E-01 1.378E-01 1.461E-01 1.614E-01 1.753E-01
 1.880E-01 1.997E-01 2.104E-01 2.203E-01 2.295E-01 2.674E-01 2.958E-01 3.182E-01
 3.516E-01 3.757E-01 4.151E-01 4.395E-01 4.690E-01 4.865E-01 4.984E-01 5.071E-01
 5.190E-01 5.269E-01 5.386E-01 5.452E-01 5.524E-01 5.566E-01 5.592E-01 5.610E-01
 5.634E-01 5.649E-01 5.669E-01 5.682E-01 5.693E-01 5.700E-01 5.705E-01 5.707E-01
 5.710E-01 5.713E-01
     9
     4     3     3     3     3     7     3     3     8
  1.0000E-03  1.5000E-03  2.0000E-03  2.0404E-03
  2.0404E-03  2.0779E-03  2.1161E-03
  2.1161E-03  2.3233E-03  2.5507E-03
  2.5507E-03  2.7238E-03  2.9087E-03
  2.9087E-03  3.0000E-03  3.1737E-03
  3.1737E-03  4.0000E-03  5.0000E-03  6.0000E-03  8.0000E-03  1.0000E-02
  1.1215E-02
  1.1215E-02  1.1993E-02  1.2824E-02
  1.2824E-02  1.3118E-02  1.3419E-02
  1.3419E-02  1.5000E-02  2.0000E-02  3.0000E-02  4.0000E-02  5.0000E-02
  6.0000E-02  7.6111E-02
  1.3500E+06  6.0220E+05  3.2590E+05  3.1200E+05
  3.3580E+05  5.1096E+05  7.7700E+05
  8.1910E+05  7.9427E+05  7.7030E+05
  8.9010E+05  7.5956E+05  6.4820E+05
  6.8820E+05  6.3890E+05  5.6100E+05
  5.8520E+05  3.3650E+05  1.9470E+05  1.2340E+05  5.9280E+04  3.3290E+04
  2.4680E+04
  6.3700E+04  5.3147E+04  4.4340E+04
  6.1370E+04  5.8054E+04  5.4930E+04
  6.3500E+04  4.7850E+04  2.2650E+04  7.6930E+03  3.5280E+03  1.9150E+03
  1.1580E+03  5.9940E+02
