    12   24.305000
     1    82
     3
 K 
   1305.0
  1.00000E+03  1.30490E+03  1.30500E+03  1.50000E+03  2.00000E+03  3.00000E+03
  4.00000E+03  5.00000E+03  6.00000E+03  8.00000E+03  1.00000E+04  1.50000E+04
  2.00000E+04  3.00000E+04  4.00000E+04  5.00000E+04  6.00000E+04  8.00000E+04
  1.00000E+05  1.50000E+05  2.00000E+05  3.00000E+05  4.00000E+05  5.00000E+05
  6.00000E+05  8.00000E+05  1.00000E+06  1.02200E+06  1.25000E+06  1.50000E+06
  2.00000E+06  2.04400E+06  3.00000E+06  4.00000E+06  5.00000E+06  6.00000E+06
  7.00000E+06  8.00000E+06  9.00000E+06  1.00000E+07  1.10000E+07  1.20000E+07
  1.30000E+07  1.40000E+07  1.50000E+07  1.60000E+07  1.80000E+07  2.00000E+07
  2.20000E+07  2.40000E+07  2.60000E+07  2.80000E+07  3.00000E+07  4.00000E+07
  5.00000E+07  6.00000E+07  8.00000E+07  1.00000E+08  1.50000E+08  2.00000E+08
  3.00000E+08  4.00000E+08  5.00000E+08  6.00000E+08  8.00000E+08  1.00000E+09
  1.50000E+09  2.00000E+09  3.00000E+09  4.00000E+09  5.00000E+09  6.00000E+09
  8.00000E+09  1.00000E+10  1.50000E+10  2.00000E+10  3.00000E+10  4.00000E+10
  5.00000E+10  6.00000E+10  8.00000E+10  1.00000E+11
 8.660E+01 8.193E+01 8.193E+01 7.895E+01 7.186E+01 6.051E+01 5.160E+01 4.403E+01
 3.752E+01 2.746E+01 2.065E+01 1.164E+01 7.587E+00 4.056E+00 2.527E+00 1.717E+00
 1.240E+00 7.326E-01 4.830E-01 2.229E-01 1.274E-01 5.734E-02 3.241E-02 2.079E-02
 1.445E-02 8.140E-03 5.212E-03 4.991E-03 3.337E-03 2.318E-03 1.304E-03 1.249E-03
 5.797E-04 3.261E-04 2.087E-04 1.449E-04 1.065E-04 8.153E-05 6.442E-05 5.218E-05
 4.312E-05 3.623E-05 3.087E-05 2.662E-05 2.319E-05 2.038E-05 1.610E-05 1.305E-05
 1.078E-05 9.059E-06 7.719E-06 6.655E-06 5.797E-06 3.261E-06 2.087E-06 1.449E-06
 8.152E-07 5.217E-07 2.319E-07 1.304E-07 5.797E-08 3.261E-08 2.087E-08 1.449E-08
 8.152E-09 5.217E-09 2.319E-09 1.304E-09 5.797E-10 3.261E-10 2.087E-10 1.449E-10
 8.152E-11 5.217E-11 2.319E-11 1.304E-11 5.797E-12 3.261E-12 2.087E-12 1.449E-12
 8.152E-13 5.217E-13
 6.228E-01 8.764E-01 8.765E-01 1.023E+00 1.336E+00 1.841E+00 2.311E+00 2.762E+00
 3.183E+00 3.907E+00 4.467E+00 5.318E+00 5.741E+00 6.115E+00 6.230E+00 6.228E+00
 6.167E+00 5.974E+00 5.756E+00 5.249E+00 4.836E+00 4.223E+00 3.791E+00 3.465E+00
 3.207E+00 2.819E+00 2.535E+00 2.508E+00 2.267E+00 2.061E+00 1.759E+00 1.737E+00
 1.384E+00 1.154E+00 9.969E-01 8.811E-01 7.919E-01 7.208E-01 6.626E-01 6.139E-01
 5.726E-01 5.370E-01 5.059E-01 4.786E-01 4.543E-01 4.327E-01 3.955E-01 3.647E-01
 3.387E-01 3.165E-01 2.972E-01 2.804E-01 2.655E-01 2.110E-01 1.761E-01 1.517E-01
 1.197E-01 9.932E-02 7.073E-02 5.545E-02 3.931E-02 3.078E-02 2.548E-02 2.182E-02
 1.704E-02 1.402E-02 9.790E-03 7.577E-03 5.269E-03 4.067E-03 3.325E-03 2.820E-03
 2.172E-03 1.774E-03 1.226E-03 9.424E-04 6.499E-04 4.989E-04 4.063E-04 3.435E-04
 2.634E-04 2.143E-04
 3.714E+04 1.820E+04 2.196E+05 1.615E+05 7.789E+04 2.651E+04 1.195E+04 6.341E+03
 3.745E+03 1.607E+03 8.247E+02 2.396E+02 9.819E+01 2.738E+01 1.094E+01 5.342E+00
 2.965E+00 1.168E+00 5.661E-01 1.528E-01 6.112E-02 1.747E-02 7.534E-03 4.082E-03
 2.549E-03 1.288E-03 8.010E-04 7.538E-04 5.111E-04 3.704E-04 2.316E-04 2.239E-04
 1.284E-04 8.766E-05 6.625E-05 5.313E-05 4.430E-05 3.796E-05 3.320E-05 2.949E-05
 2.652E-05 2.409E-05 2.207E-05 2.036E-05 1.889E-05 1.762E-05 1.553E-05 1.389E-05
 1.255E-05 1.145E-05 1.053E-05 9.746E-06 9.070E-06 6.733E-06 5.353E-06 4.442E-06
 3.314E-06 2.643E-06 1.755E-06 1.313E-06 8.736E-07 6.545E-07 5.233E-07 4.359E-07
 3.267E-07 2.613E-07 1.741E-07 1.306E-07 8.703E-08 6.526E-08 5.221E-08 4.350E-08
 3.263E-08 2.610E-08 1.740E-08 1.305E-08 8.699E-09 6.524E-09 5.220E-09 4.350E-09
 3.262E-09 2.610E-09
 0.000E+00 0.000E+00 0.000E+00 0.000E+00 0.000E+00 0.000E+00 0.000E+00 0.000E+00
 0.000E+00 0.000E+00 0.000E+00 0.000E+00 0.000E+00 0.000E+00 0.000E+00 0.000E+00
 0.000E+00 0.000E+00 0.000E+00 0.000E+00 0.000E+00 0.000E+00 0.000E+00 0.000E+00
 0.000E+00 0.000E+00 0.000E+00 0.000E+00 1.185E-03 6.487E-03 2.569E-02 2.769E-02
 7.314E-02 1.184E-01 1.586E-01 1.947E-01 2.268E-01 2.557E-01 2.819E-01 3.057E-01
 3.273E-01 3.471E-01 3.655E-01 3.826E-01 3.986E-01 4.136E-01 4.411E-01 4.657E-01
 4.880E-01 5.083E-01 5.268E-01 5.440E-01 5.598E-01 6.251E-01 6.740E-01 7.128E-01
 7.712E-01 8.130E-01 8.803E-01 9.211E-01 9.694E-01 9.975E-01 1.016E+00 1.030E+00
 1.048E+00 1.059E+00 1.077E+00 1.086E+00 1.096E+00 1.102E+00 1.105E+00 1.107E+00
 1.111E+00 1.113E+00 1.115E+00 1.117E+00 1.118E+00 1.119E+00 1.120E+00 1.120E+00
 1.120E+00 1.121E+00
 0.000E+00 0.000E+00 0.000E+00 0.000E+00 0.000E+00 0.000E+00 0.000E+00 0.000E+00
 0.000E+00 0.000E+00 0.000E+00 0.000E+00 0.000E+00 0.000E+00 0.000E+00 0.000E+00
 0.000E+00 0.000E+00 0.000E+00 0.000E+00 0.000E+00 0.000E+00 0.000E+00 0.000E+00
 0.000E+00 0.000E+00 0.000E+00 0.000E+00 0.000E+00 0.000E+00 0.000E+00 0.000E+00
 4.842E-04 1.977E-03 3.939E-03 6.050E-03 8.157E-03 1.020E-02 1.216E-02 1.403E-02
 1.580E-02 1.748E-02 1.906E-02 2.057E-02 2.200E-02 2.337E-02 2.591E-02 2.823E-02
 3.037E-02 3.234E-02 3.417E-02 3.588E-02 3.747E-02 4.416E-02 4.934E-02 5.352E-02
 5.995E-02 6.473E-02 7.284E-02 7.806E-02 8.461E-02 8.866E-02 9.148E-02 9.357E-02
 9.652E-02 9.851E-02 1.015E-01 1.033E-01 1.052E-01 1.064E-01 1.071E-01 1.076E-01
 1.083E-01 1.087E-01 1.093E-01 1.096E-01 1.099E-01 1.102E-01 1.103E-01 1.104E-01
 1.105E-01 1.105E-01
     1
     3
  1.0000E-03  1.1424E-03  1.3050E-03
  3.7140E+04  2.5998E+04  1.8200E+04
