    71  174.966995
     9    98
    33    25    23    20    13    11     9     6     4
 K  L1 L2 L3 M1 M2 M3 M4 M5
  63313.8  10870.4  10348.6   9244.1   2491.2   2263.5   2023.6   1639.4
   1588.5
  1.00000E+03  1.50000E+03  1.58840E+03  1.58850E+03  1.63930E+03  1.63940E+03
  2.00000E+03  2.02350E+03  2.02360E+03  2.26340E+03  2.26350E+03  2.49110E+03
  2.49120E+03  3.00000E+03  4.00000E+03  5.00000E+03  6.00000E+03  8.00000E+03
  9.24400E+03  9.24410E+03  1.00000E+04  1.03485E+04  1.03486E+04  1.08703E+04
  1.08704E+04  1.50000E+04  2.00000E+04  3.00000E+04  4.00000E+04  5.00000E+04
  6.00000E+04  6.33137E+04  6.33138E+04  8.00000E+04  1.00000E+05  1.50000E+05
  2.00000E+05  3.00000E+05  4.00000E+05  5.00000E+05  6.00000E+05  8.00000E+05
  1.00000E+06  1.02200E+06  1.25000E+06  1.50000E+06  2.00000E+06  2.04400E+06
  3.00000E+06  4.00000E+06  5.00000E+06  6.00000E+06  7.00000E+06  8.00000E+06
  9.00000E+06  1.00000E+07  1.10000E+07  1.20000E+07  1.30000E+07  1.40000E+07
  1.50000E+07  1.60000E+07  1.80000E+07  2.00000E+07  2.20000E+07  2.40000E+07
  2.60000E+07  2.80000E+07  3.00000E+07  4.00000E+07  5.00000E+07  6.00000E+07
  8.00000E+07  1.00000E+08  1.50000E+08  2.00000E+08  3.00000E+08  4.00000E+08
  5.00000E+08  6.00000E+08  8.00000E+08  1.00000E+09  1.50000E+09  2.00000E+09
  3.00000E+09  4.00000E+09  5.00000E+09  6.00000E+09  8.00000E+09  1.00000E+10
  1.50000E+10  2.00000E+10  3.00000E+10  4.00000E+10  5.00000E+10  6.00000E+10
  8.00000E+10  1.00000E+11
 3.206E+03 3.069E+03 3.043E+03 3.043E+03 3.028E+03 3.028E+03 2.924E+03 2.916E+03
 2.916E+03 2.844E+03 2.844E+03 2.783E+03 2.783E+03 2.632E+03 2.353E+03 2.097E+03
 1.871E+03 1.504E+03 1.324E+03 1.324E+03 1.229E+03 1.188E+03 1.188E+03 1.131E+03
 1.131E+03 7.925E+02 5.602E+02 3.310E+02 2.173E+02 1.536E+02 1.151E+02 1.056E+02
 1.056E+02 7.227E+01 4.950E+01 2.417E+01 1.440E+01 6.821E+00 3.961E+00 2.582E+00
 1.816E+00 1.037E+00 6.694E-01 6.414E-01 4.313E-01 3.006E-01 1.698E-01 1.626E-01
 7.571E-02 4.264E-02 2.730E-02 1.897E-02 1.394E-02 1.067E-02 8.433E-03 6.831E-03
 5.646E-03 4.744E-03 4.043E-03 3.486E-03 3.036E-03 2.669E-03 2.109E-03 1.708E-03
 1.412E-03 1.186E-03 1.011E-03 8.715E-04 7.592E-04 4.270E-04 2.733E-04 1.898E-04
 1.068E-04 6.833E-05 3.037E-05 1.708E-05 7.592E-06 4.270E-06 2.733E-06 1.898E-06
 1.068E-06 6.833E-07 3.037E-07 1.708E-07 7.592E-08 4.270E-08 2.733E-08 1.898E-08
 1.068E-08 6.833E-09 3.037E-09 1.708E-09 7.592E-10 4.270E-10 2.733E-10 1.898E-10
 1.068E-10 6.833E-11
 1.378E+00 2.311E+00 2.473E+00 2.474E+00 2.566E+00 2.566E+00 3.209E+00 3.251E+00
 3.251E+00 3.680E+00 3.680E+00 4.088E+00 4.089E+00 4.979E+00 6.656E+00 8.219E+00
 9.654E+00 1.215E+01 1.350E+01 1.350E+01 1.426E+01 1.460E+01 1.460E+01 1.509E+01
 1.509E+01 1.845E+01 2.159E+01 2.569E+01 2.793E+01 2.916E+01 2.983E+01 2.996E+01
 2.996E+01 3.025E+01 3.005E+01 2.863E+01 2.697E+01 2.410E+01 2.188E+01 2.013E+01
 1.872E+01 1.653E+01 1.490E+01 1.475E+01 1.335E+01 1.215E+01 1.038E+01 1.025E+01
 8.176E+00 6.824E+00 5.894E+00 5.211E+00 4.684E+00 4.263E+00 3.919E+00 3.631E+00
 3.387E+00 3.176E+00 2.992E+00 2.831E+00 2.688E+00 2.560E+00 2.339E+00 2.157E+00
 2.004E+00 1.872E+00 1.758E+00 1.659E+00 1.571E+00 1.248E+00 1.042E+00 8.977E-01
 7.080E-01 5.876E-01 4.185E-01 3.281E-01 2.326E-01 1.821E-01 1.508E-01 1.291E-01
 1.008E-01 8.294E-02 5.793E-02 4.483E-02 3.117E-02 2.406E-02 1.967E-02 1.668E-02
 1.285E-02 1.049E-02 7.252E-03 5.576E-03 3.845E-03 2.952E-03 2.404E-03 2.032E-03
 1.558E-03 1.268E-03
 9.227E+05 4.107E+05 3.643E+05 4.530E+05 9.865E+05 1.131E+06 1.000E+06 9.710E+05
 1.127E+06 8.599E+05 9.139E+05 7.326E+05 7.644E+05 4.942E+05 2.463E+05 1.413E+05
 8.902E+04 4.246E+04 2.913E+04 7.720E+04 6.299E+04 5.746E+04 7.892E+04 7.002E+04
 8.095E+04 3.541E+04 1.651E+04 5.522E+03 2.507E+03 1.351E+03 8.128E+02 6.994E+02
 3.657E+03 1.978E+03 1.092E+03 3.637E+02 1.658E+02 5.568E+01 2.642E+01 1.519E+01
 9.858E+00 5.179E+00 3.251E+00 3.111E+00 2.098E+00 1.496E+00 9.065E-01 8.742E-01
 4.761E-01 3.129E-01 2.300E-01 1.807E-01 1.483E-01 1.254E-01 1.085E-01 9.557E-02
 8.532E-02 7.702E-02 7.017E-02 6.443E-02 5.954E-02 5.533E-02 4.847E-02 4.310E-02
 3.880E-02 3.528E-02 3.233E-02 2.984E-02 2.771E-02 2.040E-02 1.613E-02 1.334E-02
 9.911E-03 7.883E-03 5.215E-03 3.896E-03 2.587E-03 1.936E-03 1.547E-03 1.288E-03
 9.654E-04 7.718E-04 5.142E-04 3.855E-04 2.569E-04 1.926E-04 1.541E-04 1.284E-04
 9.628E-05 7.702E-05 5.134E-05 3.850E-05 2.567E-05 1.925E-05 1.540E-05 1.283E-05
 9.625E-06 7.700E-06
 0.000E+00 0.000E+00 0.000E+00 0.000E+00 0.000E+00 0.000E+00 0.000E+00 0.000E+00
 0.000E+00 0.000E+00 0.000E+00 0.000E+00 0.000E+00 0.000E+00 0.000E+00 0.000E+00
 0.000E+00 0.000E+00 0.000E+00 0.000E+00 0.000E+00 0.000E+00 0.000E+00 0.000E+00
 0.000E+00 0.000E+00 0.000E+00 0.000E+00 0.000E+00 0.000E+00 0.000E+00 0.000E+00
 0.000E+00 0.000E+00 0.000E+00 0.000E+00 0.000E+00 0.000E+00 0.000E+00 0.000E+00
 0.000E+00 0.000E+00 0.000E+00 0.000E+00 8.802E-02 4.098E-01 1.284E+00 1.364E+00
 2.971E+00 4.386E+00 5.579E+00 6.603E+00 7.507E+00 8.320E+00 9.059E+00 9.737E+00
 1.036E+01 1.095E+01 1.149E+01 1.200E+01 1.247E+01 1.291E+01 1.371E+01 1.441E+01
 1.505E+01 1.564E+01 1.617E+01 1.666E+01 1.711E+01 1.895E+01 2.032E+01 2.138E+01
 2.295E+01 2.405E+01 2.579E+01 2.682E+01 2.802E+01 2.871E+01 2.916E+01 2.948E+01
 2.991E+01 3.018E+01 3.058E+01 3.080E+01 3.104E+01 3.116E+01 3.124E+01 3.130E+01
 3.137E+01 3.141E+01 3.148E+01 3.151E+01 3.155E+01 3.156E+01 3.158E+01 3.158E+01
 3.160E+01 3.160E+01
 0.000E+00 0.000E+00 0.000E+00 0.000E+00 0.000E+00 0.000E+00 0.000E+00 0.000E+00
 0.000E+00 0.000E+00 0.000E+00 0.000E+00 0.000E+00 0.000E+00 0.000E+00 0.000E+00
 0.000E+00 0.000E+00 0.000E+00 0.000E+00 0.000E+00 0.000E+00 0.000E+00 0.000E+00
 0.000E+00 0.000E+00 0.000E+00 0.000E+00 0.000E+00 0.000E+00 0.000E+00 0.000E+00
 0.000E+00 0.000E+00 0.000E+00 0.000E+00 0.000E+00 0.000E+00 0.000E+00 0.000E+00
 0.000E+00 0.000E+00 0.000E+00 0.000E+00 0.000E+00 0.000E+00 0.000E+00 0.000E+00
 2.858E-03 1.165E-02 2.318E-02 3.554E-02 4.783E-02 5.972E-02 7.108E-02 8.185E-02
 9.203E-02 1.016E-01 1.106E-01 1.192E-01 1.273E-01 1.350E-01 1.492E-01 1.621E-01
 1.739E-01 1.847E-01 1.947E-01 2.039E-01 2.124E-01 2.477E-01 2.742E-01 2.951E-01
 3.263E-01 3.488E-01 3.858E-01 4.087E-01 4.365E-01 4.530E-01 4.643E-01 4.726E-01
 4.839E-01 4.914E-01 5.026E-01 5.090E-01 5.159E-01 5.200E-01 5.224E-01 5.242E-01
 5.265E-01 5.280E-01 5.300E-01 5.312E-01 5.323E-01 5.330E-01 5.334E-01 5.337E-01
 5.340E-01 5.342E-01
     9
     3     3     3     3     3     7     3     3     8
  1.0000E-03  1.5000E-03  1.5885E-03
  1.5885E-03  1.6137E-03  1.6394E-03
  1.6394E-03  2.0000E-03  2.0236E-03
  2.0236E-03  2.1402E-03  2.2635E-03
  2.2635E-03  2.3746E-03  2.4912E-03
  2.4912E-03  3.0000E-03  4.0000E-03  5.0000E-03  6.0000E-03  8.0000E-03
  9.2441E-03
  9.2441E-03  1.0000E-02  1.0349E-02
  1.0349E-02  1.0606E-02  1.0870E-02
  1.0870E-02  1.5000E-02  2.0000E-02  3.0000E-02  4.0000E-02  5.0000E-02
  6.0000E-02  6.3314E-02
  9.2270E+05  4.1070E+05  3.6430E+05
  4.5300E+05  6.6878E+05  9.8650E+05
  1.1310E+06  1.0000E+06  9.7100E+05
  1.1270E+06  9.8439E+05  8.5990E+05
  9.1390E+05  8.1811E+05  7.3260E+05
  7.6440E+05  4.9420E+05  2.4630E+05  1.4130E+05  8.9020E+04  4.2460E+04
  2.9130E+04
  7.7200E+04  6.2990E+04  5.7460E+04
  7.8920E+04  7.4332E+04  7.0020E+04
  8.0950E+04  3.5410E+04  1.6510E+04  5.5220E+03  2.5070E+03  1.3510E+03
  8.1280E+02  6.9940E+02
