    53  126.904503
     5    90
    22    14    11     9     3
 K  L1 L2 L3 M1
  33169.4   5188.1   4852.1   4557.1   1072.1
  1.00000E+03  1.07200E+03  1.07210E+03  1.50000E+03  2.00000E+03  3.00000E+03
  4.00000E+03  4.55700E+03  4.55710E+03  4.85200E+03  4.85210E+03  5.00000E+03
  5.18800E+03  5.18810E+03  6.00000E+03  8.00000E+03  1.00000E+04  1.50000E+04
  2.00000E+04  3.00000E+04  3.31693E+04  3.31694E+04  4.00000E+04  5.00000E+04
  6.00000E+04  8.00000E+04  1.00000E+05  1.50000E+05  2.00000E+05  3.00000E+05
  4.00000E+05  5.00000E+05  6.00000E+05  8.00000E+05  1.00000E+06  1.02200E+06
  1.25000E+06  1.50000E+06  2.00000E+06  2.04400E+06  3.00000E+06  4.00000E+06
  5.00000E+06  6.00000E+06  7.00000E+06  8.00000E+06  9.00000E+06  1.00000E+07
  1.10000E+07  1.20000E+07  1.30000E+07  1.40000E+07  1.50000E+07  1.60000E+07
  1.80000E+07  2.00000E+07  2.20000E+07  2.40000E+07  2.60000E+07  2.80000E+07
  3.00000E+07  4.00000E+07  5.00000E+07  6.00000E+07  8.00000E+07  1.00000E+08
  1.50000E+08  2.00000E+08  3.00000E+08  4.00000E+08  5.00000E+08  6.00000E+08
  8.00000E+08  1.00000E+09  1.50000E+09  2.00000E+09  3.00000E+09  4.00000E+09
  5.00000E+09  6.00000E+09  8.00000E+09  1.00000E+10  1.50000E+10  2.00000E+10
  3.00000E+10  4.00000E+10  5.00000E+10  6.00000E+10  8.00000E+10  1.00000E+11
 1.774E+03 1.761E+03 1.761E+03 1.677E+03 1.569E+03 1.362E+03 1.186E+03 1.102E+03
 1.102E+03 1.061E+03 1.061E+03 1.041E+03 1.016E+03 1.016E+03 9.180E+02 7.262E+02
 5.897E+02 3.884E+02 2.765E+02 1.571E+02 1.355E+02 1.355E+02 1.024E+02 7.274E+01
 5.430E+01 3.339E+01 2.262E+01 1.100E+01 6.505E+00 3.035E+00 1.748E+00 1.134E+00
 7.946E-01 4.516E-01 2.906E-01 2.784E-01 1.867E-01 1.299E-01 7.326E-02 7.015E-02
 3.261E-02 1.836E-02 1.175E-02 8.162E-03 5.997E-03 4.592E-03 3.628E-03 2.939E-03
 2.429E-03 2.041E-03 1.739E-03 1.500E-03 1.306E-03 1.148E-03 9.072E-04 7.348E-04
 6.073E-04 5.103E-04 4.348E-04 3.749E-04 3.266E-04 1.837E-04 1.176E-04 8.165E-05
 4.593E-05 2.939E-05 1.306E-05 7.348E-06 3.266E-06 1.837E-06 1.176E-06 8.164E-07
 4.592E-07 2.939E-07 1.306E-07 7.348E-08 3.266E-08 1.837E-08 1.176E-08 8.164E-09
 4.592E-09 2.939E-09 1.306E-09 7.348E-10 3.266E-10 1.837E-10 1.176E-10 8.164E-11
 4.592E-11 2.939E-11
 9.878E-01 1.110E+00 1.111E+00 1.890E+00 2.829E+00 4.614E+00 6.178E+00 6.946E+00
 6.946E+00 7.331E+00 7.331E+00 7.519E+00 7.753E+00 7.753E+00 8.701E+00 1.076E+01
 1.255E+01 1.597E+01 1.822E+01 2.088E+01 2.142E+01 2.142E+01 2.228E+01 2.304E+01
 2.340E+01 2.350E+01 2.318E+01 2.184E+01 2.046E+01 1.818E+01 1.646E+01 1.512E+01
 1.404E+01 1.238E+01 1.115E+01 1.103E+01 9.983E+00 9.081E+00 7.756E+00 7.661E+00
 6.107E+00 5.095E+00 4.401E+00 3.890E+00 3.497E+00 3.183E+00 2.926E+00 2.711E+00
 2.528E+00 2.371E+00 2.234E+00 2.113E+00 2.007E+00 1.911E+00 1.746E+00 1.610E+00
 1.496E+00 1.398E+00 1.313E+00 1.238E+00 1.172E+00 9.317E-01 7.778E-01 6.701E-01
 5.285E-01 4.387E-01 3.124E-01 2.449E-01 1.736E-01 1.360E-01 1.125E-01 9.636E-02
 7.526E-02 6.192E-02 4.324E-02 3.347E-02 2.327E-02 1.796E-02 1.469E-02 1.245E-02
 9.595E-03 7.834E-03 5.414E-03 4.162E-03 2.870E-03 2.204E-03 1.795E-03 1.517E-03
 1.163E-03 9.463E-04
 1.915E+06 1.656E+06 1.727E+06 8.242E+05 4.192E+05 1.550E+05 7.483E+04 5.350E+04
 1.580E+05 1.388E+05 1.872E+05 1.766E+05 1.605E+05 1.852E+05 1.292E+05 6.082E+04
 3.366E+04 1.121E+04 5.065E+03 1.626E+03 1.224E+03 7.393E+03 4.532E+03 2.501E+03
 1.519E+03 6.828E+02 3.635E+02 1.142E+02 5.022E+01 1.612E+01 7.429E+00 4.189E+00
 2.684E+00 1.390E+00 8.683E-01 8.265E-01 5.573E-01 3.989E-01 2.428E-01 2.342E-01
 1.288E-01 8.527E-02 6.305E-02 4.975E-02 4.097E-02 3.476E-02 3.015E-02 2.660E-02
 2.379E-02 2.151E-02 1.962E-02 1.803E-02 1.668E-02 1.552E-02 1.361E-02 1.212E-02
 1.092E-02 9.940E-03 9.118E-03 8.421E-03 7.823E-03 5.770E-03 4.570E-03 3.783E-03
 2.813E-03 2.239E-03 1.482E-03 1.108E-03 7.360E-04 5.511E-04 4.404E-04 3.667E-04
 2.748E-04 2.197E-04 1.464E-04 1.097E-04 7.314E-05 5.485E-05 4.387E-05 3.656E-05
 2.742E-05 2.193E-05 1.462E-05 1.096E-05 7.309E-06 5.482E-06 4.386E-06 3.655E-06
 2.741E-06 2.193E-06
 0.000E+00 0.000E+00 0.000E+00 0.000E+00 0.000E+00 0.000E+00 0.000E+00 0.000E+00
 0.000E+00 0.000E+00 0.000E+00 0.000E+00 0.000E+00 0.000E+00 0.000E+00 0.000E+00
 0.000E+00 0.000E+00 0.000E+00 0.000E+00 0.000E+00 0.000E+00 0.000E+00 0.000E+00
 0.000E+00 0.000E+00 0.000E+00 0.000E+00 0.000E+00 0.000E+00 0.000E+00 0.000E+00
 0.000E+00 0.000E+00 0.000E+00 0.000E+00 3.969E-02 1.836E-01 6.193E-01 6.615E-01
 1.561E+00 2.393E+00 3.110E+00 3.728E+00 4.278E+00 4.772E+00 5.221E+00 5.632E+00
 6.011E+00 6.362E+00 6.688E+00 6.988E+00 7.267E+00 7.525E+00 7.996E+00 8.419E+00
 8.802E+00 9.150E+00 9.468E+00 9.758E+00 1.003E+01 1.111E+01 1.192E+01 1.255E+01
 1.347E+01 1.413E+01 1.518E+01 1.581E+01 1.654E+01 1.696E+01 1.723E+01 1.743E+01
 1.769E+01 1.786E+01 1.811E+01 1.825E+01 1.839E+01 1.847E+01 1.852E+01 1.855E+01
 1.860E+01 1.863E+01 1.867E+01 1.869E+01 1.871E+01 1.872E+01 1.873E+01 1.873E+01
 1.874E+01 1.874E+01
 0.000E+00 0.000E+00 0.000E+00 0.000E+00 0.000E+00 0.000E+00 0.000E+00 0.000E+00
 0.000E+00 0.000E+00 0.000E+00 0.000E+00 0.000E+00 0.000E+00 0.000E+00 0.000E+00
 0.000E+00 0.000E+00 0.000E+00 0.000E+00 0.000E+00 0.000E+00 0.000E+00 0.000E+00
 0.000E+00 0.000E+00 0.000E+00 0.000E+00 0.000E+00 0.000E+00 0.000E+00 0.000E+00
 0.000E+00 0.000E+00 0.000E+00 0.000E+00 0.000E+00 0.000E+00 0.000E+00 0.000E+00
 2.136E-03 8.711E-03 1.734E-02 2.660E-02 3.582E-02 4.474E-02 5.328E-02 6.138E-02
 6.904E-02 7.627E-02 8.307E-02 8.954E-02 9.566E-02 1.015E-01 1.122E-01 1.220E-01
 1.310E-01 1.392E-01 1.468E-01 1.538E-01 1.604E-01 1.874E-01 2.079E-01 2.242E-01
 2.486E-01 2.664E-01 2.959E-01 3.143E-01 3.369E-01 3.505E-01 3.597E-01 3.665E-01
 3.759E-01 3.821E-01 3.913E-01 3.965E-01 4.022E-01 4.055E-01 4.076E-01 4.090E-01
 4.109E-01 4.121E-01 4.137E-01 4.147E-01 4.156E-01 4.162E-01 4.165E-01 4.167E-01
 4.170E-01 4.172E-01
     5
     3     6     3     3     8
  1.0000E-03  1.0354E-03  1.0721E-03
  1.0721E-03  1.5000E-03  2.0000E-03  3.0000E-03  4.0000E-03  4.5571E-03
  4.5571E-03  4.7023E-03  4.8521E-03
  4.8521E-03  5.0000E-03  5.1881E-03
  5.1881E-03  6.0000E-03  8.0000E-03  1.0000E-02  1.5000E-02  2.0000E-02
  3.0000E-02  3.3169E-02
  1.9150E+06  1.7807E+06  1.6560E+06
  1.7270E+06  8.2420E+05  4.1920E+05  1.5500E+05  7.4830E+04  5.3500E+04
  1.5800E+05  1.4808E+05  1.3880E+05
  1.8720E+05  1.7660E+05  1.6050E+05
  1.8520E+05  1.2920E+05  6.0820E+04  3.3660E+04  1.1210E+04  5.0650E+03
  1.6260E+03  1.2240E+03
