    81  204.382996
     9    98
    34    26    23    21    14    12     9     7     5
 K  L1 L2 L3 M1 M2 M3 M4 M5
  85530.4  15346.7  14697.9  12657.5   3704.1   3415.7   2956.6   2485.1
   2389.3
  1.00000E+03  1.50000E+03  2.00000E+03  2.38920E+03  2.38930E+03  2.48500E+03
  2.48510E+03  2.95650E+03  2.95660E+03  3.00000E+03  3.41560E+03  3.41570E+03
  3.70400E+03  3.70410E+03  4.00000E+03  5.00000E+03  6.00000E+03  8.00000E+03
  1.00000E+04  1.26574E+04  1.26575E+04  1.46978E+04  1.46979E+04  1.50000E+04
  1.53466E+04  1.53467E+04  2.00000E+04  3.00000E+04  4.00000E+04  5.00000E+04
  6.00000E+04  8.00000E+04  8.55303E+04  8.55304E+04  1.00000E+05  1.50000E+05
  2.00000E+05  3.00000E+05  4.00000E+05  5.00000E+05  6.00000E+05  8.00000E+05
  1.00000E+06  1.02200E+06  1.25000E+06  1.50000E+06  2.00000E+06  2.04400E+06
  3.00000E+06  4.00000E+06  5.00000E+06  6.00000E+06  7.00000E+06  8.00000E+06
  9.00000E+06  1.00000E+07  1.10000E+07  1.20000E+07  1.30000E+07  1.40000E+07
  1.50000E+07  1.60000E+07  1.80000E+07  2.00000E+07  2.20000E+07  2.40000E+07
  2.60000E+07  2.80000E+07  3.00000E+07  4.00000E+07  5.00000E+07  6.00000E+07
  8.00000E+07  1.00000E+08  1.50000E+08  2.00000E+08  3.00000E+08  4.00000E+08
  5.00000E+08  6.00000E+08  8.00000E+08  1.00000E+09  1.50000E+09  2.00000E+09
  3.00000E+09  4.00000E+09  5.00000E+09  6.00000E+09  8.00000E+09  1.00000E+10
  1.50000E+10  2.00000E+10  3.00000E+10  4.00000E+10  5.00000E+10  6.00000E+10
  8.00000E+10  1.00000E+11
 4.205E+03 4.040E+03 3.851E+03 3.695E+03 3.695E+03 3.663E+03 3.663E+03 3.476E+03
 3.476E+03 3.459E+03 3.301E+03 3.301E+03 3.195E+03 3.195E+03 3.089E+03 2.759E+03
 2.473E+03 2.014E+03 1.670E+03 1.328E+03 1.328E+03 1.131E+03 1.131E+03 1.105E+03
 1.077E+03 1.077E+03 7.803E+02 4.599E+02 3.068E+02 2.181E+02 1.632E+02 1.026E+02
 9.188E+01 9.188E+01 7.082E+01 3.488E+01 2.081E+01 9.924E+00 5.797E+00 3.794E+00
 2.674E+00 1.532E+00 9.913E-01 9.499E-01 6.398E-01 4.466E-01 2.527E-01 2.420E-01
 1.128E-01 6.357E-02 4.072E-02 2.829E-02 2.079E-02 1.592E-02 1.258E-02 1.019E-02
 8.424E-03 7.079E-03 6.032E-03 5.201E-03 4.531E-03 3.982E-03 3.147E-03 2.549E-03
 2.106E-03 1.770E-03 1.508E-03 1.301E-03 1.133E-03 6.373E-04 4.079E-04 2.832E-04
 1.593E-04 1.020E-04 4.532E-05 2.549E-05 1.133E-05 6.372E-06 4.078E-06 2.832E-06
 1.593E-06 1.020E-06 4.532E-07 2.549E-07 1.133E-07 6.372E-08 4.078E-08 2.832E-08
 1.593E-08 1.020E-08 4.532E-09 2.549E-09 1.133E-09 6.372E-10 4.078E-10 2.832E-10
 1.593E-10 1.020E-10
 1.228E+00 2.235E+00 3.230E+00 3.981E+00 3.981E+00 4.148E+00 4.149E+00 5.017E+00
 5.017E+00 5.095E+00 5.829E+00 5.829E+00 6.329E+00 6.329E+00 6.834E+00 8.479E+00
 1.005E+01 1.295E+01 1.545E+01 1.816E+01 1.816E+01 1.991E+01 1.991E+01 2.015E+01
 2.042E+01 2.042E+01 2.350E+01 2.806E+01 3.075E+01 3.230E+01 3.316E+01 3.378E+01
 3.381E+01 3.381E+01 3.368E+01 3.227E+01 3.050E+01 2.733E+01 2.485E+01 2.289E+01
 2.130E+01 1.882E+01 1.698E+01 1.680E+01 1.522E+01 1.385E+01 1.184E+01 1.169E+01
 9.325E+00 7.783E+00 6.723E+00 5.944E+00 5.343E+00 4.863E+00 4.471E+00 4.142E+00
 3.864E+00 3.624E+00 3.414E+00 3.230E+00 3.066E+00 2.920E+00 2.669E+00 2.461E+00
 2.286E+00 2.136E+00 2.006E+00 1.892E+00 1.792E+00 1.424E+00 1.189E+00 1.024E+00
 8.077E-01 6.704E-01 4.774E-01 3.743E-01 2.653E-01 2.078E-01 1.720E-01 1.473E-01
 1.150E-01 9.463E-02 6.608E-02 5.115E-02 3.556E-02 2.745E-02 2.244E-02 1.903E-02
 1.466E-02 1.197E-02 8.274E-03 6.361E-03 4.387E-03 3.368E-03 2.743E-03 2.318E-03
 1.778E-03 1.446E-03
 1.695E+06 7.627E+05 4.140E+05 2.798E+05 3.805E+05 6.886E+05 7.958E+05 6.608E+05
 7.654E+05 7.393E+05 5.366E+05 5.692E+05 4.693E+05 4.896E+05 4.083E+05 2.371E+05
 1.508E+05 7.291E+04 4.109E+04 2.226E+04 5.611E+04 3.750E+04 5.219E+04 4.967E+04
 4.695E+04 5.427E+04 2.757E+04 9.452E+03 4.363E+03 2.380E+03 1.446E+03 6.552E+02
 5.448E+02 2.605E+03 1.727E+03 5.970E+02 2.777E+02 9.587E+01 4.629E+01 2.694E+01
 1.763E+01 9.349E+00 5.890E+00 5.638E+00 3.803E+00 2.709E+00 1.639E+00 1.580E+00
 8.570E-01 5.612E-01 4.114E-01 3.225E-01 2.641E-01 2.231E-01 1.929E-01 1.697E-01
 1.513E-01 1.365E-01 1.243E-01 1.141E-01 1.053E-01 9.786E-02 8.565E-02 7.613E-02
 6.850E-02 6.225E-02 5.704E-02 5.262E-02 4.884E-02 3.592E-02 2.839E-02 2.347E-02
 1.743E-02 1.386E-02 9.161E-03 6.842E-03 4.543E-03 3.400E-03 2.717E-03 2.262E-03
 1.695E-03 1.355E-03 9.025E-04 6.766E-04 4.509E-04 3.381E-04 2.704E-04 2.253E-04
 1.690E-04 1.352E-04 9.011E-05 6.758E-05 4.505E-05 3.379E-05 2.703E-05 2.253E-05
 1.689E-05 1.351E-05
 0.000E+00 0.000E+00 0.000E+00 0.000E+00 0.000E+00 0.000E+00 0.000E+00 0.000E+00
 0.000E+00 0.000E+00 0.000E+00 0.000E+00 0.000E+00 0.000E+00 0.000E+00 0.000E+00
 0.000E+00 0.000E+00 0.000E+00 0.000E+00 0.000E+00 0.000E+00 0.000E+00 0.000E+00
 0.000E+00 0.000E+00 0.000E+00 0.000E+00 0.000E+00 0.000E+00 0.000E+00 0.000E+00
 0.000E+00 0.000E+00 0.000E+00 0.000E+00 0.000E+00 0.000E+00 0.000E+00 0.000E+00
 0.000E+00 0.000E+00 0.000E+00 0.000E+00 1.259E-01 5.998E-01 1.815E+00 1.922E+00
 3.992E+00 5.747E+00 7.217E+00 8.484E+00 9.598E+00 1.060E+01 1.152E+01 1.236E+01
 1.313E+01 1.386E+01 1.454E+01 1.517E+01 1.576E+01 1.631E+01 1.731E+01 1.819E+01
 1.900E+01 1.973E+01 2.041E+01 2.102E+01 2.159E+01 2.390E+01 2.562E+01 2.695E+01
 2.891E+01 3.029E+01 3.247E+01 3.376E+01 3.526E+01 3.611E+01 3.668E+01 3.708E+01
 3.761E+01 3.795E+01 3.845E+01 3.872E+01 3.902E+01 3.917E+01 3.927E+01 3.934E+01
 3.943E+01 3.949E+01 3.957E+01 3.961E+01 3.966E+01 3.968E+01 3.969E+01 3.970E+01
 3.972E+01 3.973E+01
 0.000E+00 0.000E+00 0.000E+00 0.000E+00 0.000E+00 0.000E+00 0.000E+00 0.000E+00
 0.000E+00 0.000E+00 0.000E+00 0.000E+00 0.000E+00 0.000E+00 0.000E+00 0.000E+00
 0.000E+00 0.000E+00 0.000E+00 0.000E+00 0.000E+00 0.000E+00 0.000E+00 0.000E+00
 0.000E+00 0.000E+00 0.000E+00 0.000E+00 0.000E+00 0.000E+00 0.000E+00 0.000E+00
 0.000E+00 0.000E+00 0.000E+00 0.000E+00 0.000E+00 0.000E+00 0.000E+00 0.000E+00
 0.000E+00 0.000E+00 0.000E+00 0.000E+00 0.000E+00 0.000E+00 0.000E+00 0.000E+00
 3.258E-03 1.328E-02 2.641E-02 4.048E-02 5.447E-02 6.799E-02 8.090E-02 9.314E-02
 1.047E-01 1.156E-01 1.258E-01 1.355E-01 1.447E-01 1.534E-01 1.695E-01 1.841E-01
 1.974E-01 2.096E-01 2.208E-01 2.312E-01 2.408E-01 2.804E-01 3.102E-01 3.336E-01
 3.685E-01 3.936E-01 4.347E-01 4.600E-01 4.907E-01 5.089E-01 5.212E-01 5.302E-01
 5.425E-01 5.507E-01 5.628E-01 5.696E-01 5.770E-01 5.813E-01 5.840E-01 5.858E-01
 5.883E-01 5.898E-01 5.919E-01 5.932E-01 5.943E-01 5.951E-01 5.956E-01 5.958E-01
 5.961E-01 5.964E-01
     9
     4     3     3     3     3     7     3     3     8
  1.0000E-03  1.5000E-03  2.0000E-03  2.3893E-03
  2.3893E-03  2.4367E-03  2.4851E-03
  2.4851E-03  2.7106E-03  2.9566E-03
  2.9566E-03  3.0000E-03  3.4157E-03
  3.4157E-03  3.5570E-03  3.7041E-03
  3.7041E-03  4.0000E-03  5.0000E-03  6.0000E-03  8.0000E-03  1.0000E-02
  1.2657E-02
  1.2657E-02  1.3640E-02  1.4698E-02
  1.4698E-02  1.5000E-02  1.5347E-02
  1.5347E-02  2.0000E-02  3.0000E-02  4.0000E-02  5.0000E-02  6.0000E-02
  8.0000E-02  8.5530E-02
  1.6950E+06  7.6270E+05  4.1400E+05  2.7980E+05
  3.8050E+05  5.1188E+05  6.8860E+05
  7.9580E+05  7.2516E+05  6.6080E+05
  7.6540E+05  7.3930E+05  5.3660E+05
  5.6920E+05  5.1682E+05  4.6930E+05
  4.8960E+05  4.0830E+05  2.3710E+05  1.5080E+05  7.2910E+04  4.1090E+04
  2.2260E+04
  5.6110E+04  4.5864E+04  3.7500E+04
  5.2190E+04  4.9670E+04  4.6950E+04
  5.4270E+04  2.7570E+04  9.4520E+03  4.3630E+03  2.3800E+03  1.4460E+03
  6.5520E+02  5.4480E+02
