    78  195.080002
     9    98
    33    25    23    21    14    12     9     7     5
 K  L1 L2 L3 M1 M2 M3 M4 M5
  78394.8  13879.9  13272.6  11563.7   3296.0   3026.5   2645.4   2201.9
   2121.6
  1.00000E+03  1.50000E+03  2.00000E+03  2.12150E+03  2.12160E+03  2.20180E+03
  2.20190E+03  2.64530E+03  2.64540E+03  3.00000E+03  3.02640E+03  3.02650E+03
  3.29590E+03  3.29600E+03  4.00000E+03  5.00000E+03  6.00000E+03  8.00000E+03
  1.00000E+04  1.15636E+04  1.15637E+04  1.32725E+04  1.32726E+04  1.38798E+04
  1.38799E+04  1.50000E+04  2.00000E+04  3.00000E+04  4.00000E+04  5.00000E+04
  6.00000E+04  7.83947E+04  7.83948E+04  8.00000E+04  1.00000E+05  1.50000E+05
  2.00000E+05  3.00000E+05  4.00000E+05  5.00000E+05  6.00000E+05  8.00000E+05
  1.00000E+06  1.02200E+06  1.25000E+06  1.50000E+06  2.00000E+06  2.04400E+06
  3.00000E+06  4.00000E+06  5.00000E+06  6.00000E+06  7.00000E+06  8.00000E+06
  9.00000E+06  1.00000E+07  1.10000E+07  1.20000E+07  1.30000E+07  1.40000E+07
  1.50000E+07  1.60000E+07  1.80000E+07  2.00000E+07  2.20000E+07  2.40000E+07
  2.60000E+07  2.80000E+07  3.00000E+07  4.00000E+07  5.00000E+07  6.00000E+07
  8.00000E+07  1.00000E+08  1.50000E+08  2.00000E+08  3.00000E+08  4.00000E+08
  5.00000E+08  6.00000E+08  8.00000E+08  1.00000E+09  1.50000E+09  2.00000E+09
  3.00000E+09  4.00000E+09  5.00000E+09  6.00000E+09  8.00000E+09  1.00000E+10
  1.50000E+10  2.00000E+10  3.00000E+10  4.00000E+10  5.00000E+10  6.00000E+10
  8.00000E+10  1.00000E+11
 3.907E+03 3.758E+03 3.583E+03 3.537E+03 3.537E+03 3.507E+03 3.507E+03 3.346E+03
 3.346E+03 3.214E+03 3.204E+03 3.204E+03 3.107E+03 3.107E+03 2.864E+03 2.555E+03
 2.287E+03 1.859E+03 1.536E+03 1.336E+03 1.336E+03 1.154E+03 1.154E+03 1.099E+03
 1.099E+03 1.007E+03 7.098E+02 4.192E+02 2.783E+02 1.973E+02 1.476E+02 9.594E+01
 9.594E+01 9.280E+01 6.394E+01 3.139E+01 1.871E+01 8.910E+00 5.195E+00 3.395E+00
 2.391E+00 1.369E+00 8.849E-01 8.479E-01 5.708E-01 3.982E-01 2.252E-01 2.156E-01
 1.005E-01 5.662E-02 3.626E-02 2.519E-02 1.851E-02 1.418E-02 1.120E-02 9.075E-03
 7.500E-03 6.303E-03 5.371E-03 4.631E-03 4.034E-03 3.546E-03 2.802E-03 2.269E-03
 1.875E-03 1.576E-03 1.343E-03 1.158E-03 1.009E-03 5.674E-04 3.631E-04 2.522E-04
 1.418E-04 9.078E-05 4.035E-05 2.269E-05 1.009E-05 5.674E-06 3.631E-06 2.522E-06
 1.418E-06 9.078E-07 4.035E-07 2.269E-07 1.009E-07 5.674E-08 3.631E-08 2.522E-08
 1.418E-08 9.078E-09 4.035E-09 2.269E-09 1.009E-09 5.674E-10 3.631E-10 2.522E-10
 1.418E-10 9.078E-11
 1.091E+00 2.012E+00 2.957E+00 3.186E+00 3.186E+00 3.337E+00 3.337E+00 4.152E+00
 4.152E+00 4.796E+00 4.843E+00 4.843E+00 5.317E+00 5.318E+00 6.534E+00 8.195E+00
 9.781E+00 1.265E+01 1.506E+01 1.667E+01 1.667E+01 1.818E+01 1.818E+01 1.869E+01
 1.869E+01 1.958E+01 2.287E+01 2.733E+01 2.991E+01 3.136E+01 3.216E+01 3.272E+01
 3.272E+01 3.273E+01 3.260E+01 3.119E+01 2.945E+01 2.636E+01 2.396E+01 2.207E+01
 2.052E+01 1.813E+01 1.636E+01 1.619E+01 1.466E+01 1.334E+01 1.140E+01 1.126E+01
 8.981E+00 7.495E+00 6.475E+00 5.724E+00 5.145E+00 4.683E+00 4.305E+00 3.989E+00
 3.721E+00 3.489E+00 3.287E+00 3.110E+00 2.953E+00 2.812E+00 2.570E+00 2.370E+00
 2.201E+00 2.057E+00 1.932E+00 1.822E+00 1.726E+00 1.371E+00 1.145E+00 9.862E-01
 7.778E-01 6.455E-01 4.597E-01 3.605E-01 2.555E-01 2.001E-01 1.656E-01 1.418E-01
 1.108E-01 9.112E-02 6.364E-02 4.925E-02 3.425E-02 2.643E-02 2.161E-02 1.833E-02
 1.412E-02 1.153E-02 7.967E-03 6.125E-03 4.224E-03 3.243E-03 2.641E-03 2.232E-03
 1.712E-03 1.393E-03
 1.432E+06 6.397E+05 3.464E+05 3.044E+05 3.300E+05 7.429E+05 7.907E+05 7.433E+05
 8.586E+05 6.334E+05 6.198E+05 6.580E+05 5.380E+05 5.611E+05 3.535E+05 2.048E+05
 1.299E+05 6.250E+04 3.513E+04 2.406E+04 6.170E+04 4.254E+04 5.888E+04 5.285E+04
 6.110E+04 5.008E+04 2.380E+04 8.110E+03 3.724E+03 2.024E+03 1.226E+03 5.851E+02
 2.910E+03 2.703E+03 1.521E+03 5.188E+02 2.400E+02 8.214E+01 3.945E+01 2.287E+01
 1.493E+01 7.893E+00 4.967E+00 4.754E+00 3.207E+00 2.285E+00 1.383E+00 1.333E+00
 7.240E-01 4.746E-01 3.482E-01 2.731E-01 2.238E-01 1.891E-01 1.635E-01 1.439E-01
 1.284E-01 1.158E-01 1.055E-01 9.682E-02 8.944E-02 8.309E-02 7.274E-02 6.467E-02
 5.819E-02 5.289E-02 4.847E-02 4.472E-02 4.151E-02 3.054E-02 2.414E-02 1.996E-02
 1.482E-02 1.179E-02 7.794E-03 5.822E-03 3.865E-03 2.893E-03 2.312E-03 1.925E-03
 1.442E-03 1.153E-03 7.680E-04 5.758E-04 3.837E-04 2.877E-04 2.301E-04 1.918E-04
 1.438E-04 1.150E-04 7.669E-05 5.751E-05 3.834E-05 2.875E-05 2.300E-05 1.917E-05
 1.438E-05 1.150E-05
 0.000E+00 0.000E+00 0.000E+00 0.000E+00 0.000E+00 0.000E+00 0.000E+00 0.000E+00
 0.000E+00 0.000E+00 0.000E+00 0.000E+00 0.000E+00 0.000E+00 0.000E+00 0.000E+00
 0.000E+00 0.000E+00 0.000E+00 0.000E+00 0.000E+00 0.000E+00 0.000E+00 0.000E+00
 0.000E+00 0.000E+00 0.000E+00 0.000E+00 0.000E+00 0.000E+00 0.000E+00 0.000E+00
 0.000E+00 0.000E+00 0.000E+00 0.000E+00 0.000E+00 0.000E+00 0.000E+00 0.000E+00
 0.000E+00 0.000E+00 0.000E+00 0.000E+00 1.137E-01 5.368E-01 1.641E+00 1.740E+00
 3.666E+00 5.322E+00 6.709E+00 7.902E+00 8.953E+00 9.899E+00 1.076E+01 1.155E+01
 1.228E+01 1.296E+01 1.360E+01 1.420E+01 1.475E+01 1.527E+01 1.620E+01 1.703E+01
 1.779E+01 1.848E+01 1.910E+01 1.968E+01 2.021E+01 2.238E+01 2.399E+01 2.524E+01
 2.708E+01 2.837E+01 3.041E+01 3.162E+01 3.303E+01 3.383E+01 3.436E+01 3.473E+01
 3.523E+01 3.555E+01 3.602E+01 3.627E+01 3.655E+01 3.669E+01 3.679E+01 3.685E+01
 3.694E+01 3.699E+01 3.706E+01 3.710E+01 3.715E+01 3.717E+01 3.718E+01 3.719E+01
 3.720E+01 3.721E+01
 0.000E+00 0.000E+00 0.000E+00 0.000E+00 0.000E+00 0.000E+00 0.000E+00 0.000E+00
 0.000E+00 0.000E+00 0.000E+00 0.000E+00 0.000E+00 0.000E+00 0.000E+00 0.000E+00
 0.000E+00 0.000E+00 0.000E+00 0.000E+00 0.000E+00 0.000E+00 0.000E+00 0.000E+00
 0.000E+00 0.000E+00 0.000E+00 0.000E+00 0.000E+00 0.000E+00 0.000E+00 0.000E+00
 0.000E+00 0.000E+00 0.000E+00 0.000E+00 0.000E+00 0.000E+00 0.000E+00 0.000E+00
 0.000E+00 0.000E+00 0.000E+00 0.000E+00 0.000E+00 0.000E+00 0.000E+00 0.000E+00
 3.138E-03 1.279E-02 2.544E-02 3.900E-02 5.248E-02 6.551E-02 7.796E-02 8.976E-02
 1.009E-01 1.114E-01 1.213E-01 1.306E-01 1.395E-01 1.479E-01 1.634E-01 1.775E-01
 1.904E-01 2.022E-01 2.130E-01 2.230E-01 2.323E-01 2.706E-01 2.994E-01 3.221E-01
 3.559E-01 3.802E-01 4.200E-01 4.446E-01 4.743E-01 4.919E-01 5.038E-01 5.125E-01
 5.244E-01 5.322E-01 5.438E-01 5.504E-01 5.575E-01 5.617E-01 5.642E-01 5.660E-01
 5.683E-01 5.698E-01 5.718E-01 5.730E-01 5.741E-01 5.748E-01 5.753E-01 5.755E-01
 5.758E-01 5.761E-01
     9
     4     3     3     3     3     7     3     3     8
  1.0000E-03  1.5000E-03  2.0000E-03  2.1216E-03
  2.1216E-03  2.1614E-03  2.2019E-03
  2.2019E-03  2.4135E-03  2.6454E-03
  2.6454E-03  3.0000E-03  3.0265E-03
  3.0265E-03  3.1584E-03  3.2960E-03
  3.2960E-03  4.0000E-03  5.0000E-03  6.0000E-03  8.0000E-03  1.0000E-02
  1.1564E-02
  1.1564E-02  1.2389E-02  1.3273E-02
  1.3273E-02  1.3573E-02  1.3880E-02
  1.3880E-02  1.5000E-02  2.0000E-02  3.0000E-02  4.0000E-02  5.0000E-02
  6.0000E-02  7.8395E-02
  1.4320E+06  6.3970E+05  3.4640E+05  3.0440E+05
  3.3000E+05  4.9527E+05  7.4290E+05
  7.9070E+05  7.6658E+05  7.4330E+05
  8.5860E+05  6.3340E+05  6.1980E+05
  6.5800E+05  5.9494E+05  5.3800E+05
  5.6110E+05  3.5350E+05  2.0480E+05  1.2990E+05  6.2500E+04  3.5130E+04
  2.4060E+04
  6.1700E+04  5.1228E+04  4.2540E+04
  5.8880E+04  5.5787E+04  5.2850E+04
  6.1100E+04  5.0080E+04  2.3800E+04  8.1100E+03  3.7240E+03  2.0240E+03
  1.2260E+03  5.8510E+02
