    47  107.867996
     4    88
    19    10     8     6
 K  L1 L2 L3
  25514.0   3805.8   3523.7   3351.1
  1.00000E+03  1.50000E+03  2.00000E+03  3.00000E+03  3.35100E+03  3.35110E+03
  3.52360E+03  3.52370E+03  3.80570E+03  3.80580E+03  4.00000E+03  5.00000E+03
  6.00000E+03  8.00000E+03  1.00000E+04  1.50000E+04  2.00000E+04  2.55139E+04
  2.55140E+04  3.00000E+04  4.00000E+04  5.00000E+04  6.00000E+04  8.00000E+04
  1.00000E+05  1.50000E+05  2.00000E+05  3.00000E+05  4.00000E+05  5.00000E+05
  6.00000E+05  8.00000E+05  1.00000E+06  1.02200E+06  1.25000E+06  1.50000E+06
  2.00000E+06  2.04400E+06  3.00000E+06  4.00000E+06  5.00000E+06  6.00000E+06
  7.00000E+06  8.00000E+06  9.00000E+06  1.00000E+07  1.10000E+07  1.20000E+07
  1.30000E+07  1.40000E+07  1.50000E+07  1.60000E+07  1.80000E+07  2.00000E+07
  2.20000E+07  2.40000E+07  2.60000E+07  2.80000E+07  3.00000E+07  4.00000E+07
  5.00000E+07  6.00000E+07  8.00000E+07  1.00000E+08  1.50000E+08  2.00000E+08
  3.00000E+08  4.00000E+08  5.00000E+08  6.00000E+08  8.00000E+08  1.00000E+09
  1.50000E+09  2.00000E+09  3.00000E+09  4.00000E+09  5.00000E+09  6.00000E+09
  8.00000E+09  1.00000E+10  1.50000E+10  2.00000E+10  3.00000E+10  4.00000E+10
  5.00000E+10  6.00000E+10  8.00000E+10  1.00000E+11
 1.403E+03 1.335E+03 1.257E+03 1.095E+03 1.041E+03 1.041E+03 1.015E+03 1.015E+03
 9.739E+02 9.739E+02 9.466E+02 8.199E+02 7.158E+02 5.628E+02 4.591E+02 3.006E+02
 2.086E+02 1.481E+02 1.481E+02 1.172E+02 7.657E+01 5.404E+01 4.002E+01 2.444E+01
 1.654E+01 8.026E+00 4.726E+00 2.193E+00 1.260E+00 8.165E-01 5.715E-01 3.243E-01
 2.085E-01 1.997E-01 1.339E-01 9.312E-02 5.247E-02 5.024E-02 2.335E-02 1.314E-02
 8.412E-03 5.843E-03 4.293E-03 3.287E-03 2.597E-03 2.104E-03 1.739E-03 1.461E-03
 1.245E-03 1.073E-03 9.350E-04 8.218E-04 6.493E-04 5.260E-04 4.347E-04 3.653E-04
 3.112E-04 2.684E-04 2.338E-04 1.315E-04 8.416E-05 5.844E-05 3.287E-05 2.104E-05
 9.350E-06 5.259E-06 2.338E-06 1.315E-06 8.415E-07 5.844E-07 3.287E-07 2.104E-07
 9.350E-08 5.259E-08 2.338E-08 1.315E-08 8.415E-09 5.844E-09 3.287E-09 2.104E-09
 9.350E-10 5.259E-10 2.338E-10 1.315E-10 8.415E-11 5.844E-11 3.287E-11 2.104E-11
 8.922E-01 1.642E+00 2.410E+00 3.892E+00 4.381E+00 4.381E+00 4.616E+00 4.616E+00
 4.993E+00 4.993E+00 5.248E+00 6.488E+00 7.643E+00 9.715E+00 1.144E+01 1.451E+01
 1.651E+01 1.803E+01 1.804E+01 1.892E+01 2.017E+01 2.082E+01 2.112E+01 2.113E+01
 2.078E+01 1.951E+01 1.825E+01 1.619E+01 1.463E+01 1.343E+01 1.247E+01 1.099E+01
 9.894E+00 9.790E+00 8.857E+00 8.056E+00 6.880E+00 6.795E+00 5.416E+00 4.519E+00
 3.903E+00 3.450E+00 3.101E+00 2.822E+00 2.595E+00 2.404E+00 2.242E+00 2.103E+00
 1.981E+00 1.874E+00 1.779E+00 1.695E+00 1.549E+00 1.428E+00 1.327E+00 1.240E+00
 1.164E+00 1.098E+00 1.040E+00 8.263E-01 6.897E-01 5.943E-01 4.687E-01 3.890E-01
 2.770E-01 2.172E-01 1.539E-01 1.206E-01 9.980E-02 8.545E-02 6.674E-02 5.491E-02
 3.835E-02 2.968E-02 2.064E-02 1.593E-02 1.302E-02 1.104E-02 8.508E-03 6.947E-03
 4.801E-03 3.691E-03 2.545E-03 1.954E-03 1.591E-03 1.345E-03 1.031E-03 8.392E-04
 1.259E+06 4.985E+05 2.496E+05 9.090E+04 6.858E+04 2.272E+05 2.006E+05 2.760E+05
 2.286E+05 2.619E+05 2.328E+05 1.315E+05 8.186E+04 3.819E+04 2.089E+04 6.846E+03
 3.063E+03 1.540E+03 9.756E+03 6.434E+03 2.983E+03 1.617E+03 9.717E+02 4.292E+02
 2.259E+02 6.966E+01 3.026E+01 9.564E+00 4.368E+00 2.449E+00 1.562E+00 8.059E-01
 5.028E-01 4.784E-01 3.228E-01 2.314E-01 1.411E-01 1.361E-01 7.512E-02 4.991E-02
 3.699E-02 2.924E-02 2.411E-02 2.048E-02 1.778E-02 1.570E-02 1.405E-02 1.271E-02
 1.160E-02 1.066E-02 9.869E-03 9.182E-03 8.060E-03 7.180E-03 6.473E-03 5.892E-03
 5.406E-03 4.994E-03 4.640E-03 3.425E-03 2.714E-03 2.247E-03 1.672E-03 1.331E-03
 8.814E-04 6.589E-04 4.378E-04 3.278E-04 2.620E-04 2.182E-04 1.635E-04 1.307E-04
 8.710E-05 6.530E-05 4.352E-05 3.264E-05 2.611E-05 2.175E-05 1.631E-05 1.305E-05
 8.700E-06 6.524E-06 4.349E-06 3.262E-06 2.610E-06 2.175E-06 1.631E-06 1.305E-06
 0.000E+00 0.000E+00 0.000E+00 0.000E+00 0.000E+00 0.000E+00 0.000E+00 0.000E+00
 0.000E+00 0.000E+00 0.000E+00 0.000E+00 0.000E+00 0.000E+00 0.000E+00 0.000E+00
 0.000E+00 0.000E+00 0.000E+00 0.000E+00 0.000E+00 0.000E+00 0.000E+00 0.000E+00
 0.000E+00 0.000E+00 0.000E+00 0.000E+00 0.000E+00 0.000E+00 0.000E+00 0.000E+00
 0.000E+00 0.000E+00 2.872E-02 1.344E-01 4.660E-01 4.987E-01 1.207E+00 1.869E+00
 2.444E+00 2.941E+00 3.384E+00 3.783E+00 4.146E+00 4.478E+00 4.783E+00 5.064E+00
 5.324E+00 5.564E+00 5.785E+00 5.993E+00 6.373E+00 6.712E+00 7.020E+00 7.300E+00
 7.555E+00 7.788E+00 8.004E+00 8.878E+00 9.526E+00 1.003E+01 1.078E+01 1.131E+01
 1.215E+01 1.265E+01 1.324E+01 1.357E+01 1.379E+01 1.395E+01 1.416E+01 1.430E+01
 1.450E+01 1.460E+01 1.472E+01 1.478E+01 1.482E+01 1.485E+01 1.488E+01 1.491E+01
 1.494E+01 1.496E+01 1.497E+01 1.498E+01 1.499E+01 1.499E+01 1.500E+01 1.500E+01
 0.000E+00 0.000E+00 0.000E+00 0.000E+00 0.000E+00 0.000E+00 0.000E+00 0.000E+00
 0.000E+00 0.000E+00 0.000E+00 0.000E+00 0.000E+00 0.000E+00 0.000E+00 0.000E+00
 0.000E+00 0.000E+00 0.000E+00 0.000E+00 0.000E+00 0.000E+00 0.000E+00 0.000E+00
 0.000E+00 0.000E+00 0.000E+00 0.000E+00 0.000E+00 0.000E+00 0.000E+00 0.000E+00
 0.000E+00 0.000E+00 0.000E+00 0.000E+00 0.000E+00 0.000E+00 1.895E-03 7.729E-03
 1.539E-02 2.361E-02 3.180E-02 3.973E-02 4.731E-02 5.452E-02 6.134E-02 6.776E-02
 7.382E-02 7.959E-02 8.504E-02 9.022E-02 9.982E-02 1.086E-01 1.165E-01 1.239E-01
 1.307E-01 1.369E-01 1.428E-01 1.670E-01 1.854E-01 2.000E-01 2.219E-01 2.379E-01
 2.644E-01 2.809E-01 3.012E-01 3.133E-01 3.215E-01 3.276E-01 3.359E-01 3.415E-01
 3.497E-01 3.543E-01 3.594E-01 3.623E-01 3.641E-01 3.654E-01 3.671E-01 3.682E-01
 3.696E-01 3.705E-01 3.713E-01 3.718E-01 3.721E-01 3.723E-01 3.725E-01 3.727E-01
     4
     5     3     3     9
  1.0000E-03  1.5000E-03  2.0000E-03  3.0000E-03  3.3511E-03
  3.3511E-03  3.4363E-03  3.5237E-03
  3.5237E-03  3.6620E-03  3.8058E-03
  3.8058E-03  4.0000E-03  5.0000E-03  6.0000E-03  8.0000E-03  1.0000E-02
  1.5000E-02  2.0000E-02  2.5514E-02
  1.2590E+06  4.9850E+05  2.4960E+05  9.0900E+04  6.8580E+04
  2.2720E+05  2.1348E+05  2.0060E+05
  2.7600E+05  2.5118E+05  2.2860E+05
  2.6190E+05  2.3280E+05  1.3150E+05  8.1860E+04  3.8190E+04  2.0890E+04
  6.8460E+03  3.0630E+03  1.5400E+03
