    67  164.930405
     9    98
    32    24    22    20    13    10     8     5     3
 K  L1 L2 L3 M1 M2 M3 M4 M5
  55617.7   9394.2   8917.8   8071.1   2128.3   1922.8   1741.2   1391.5
   1351.4
  1.00000E+03  1.35130E+03  1.35140E+03  1.39140E+03  1.39150E+03  1.50000E+03
  1.74110E+03  1.74120E+03  1.92270E+03  1.92280E+03  2.00000E+03  2.12820E+03
  2.12830E+03  3.00000E+03  4.00000E+03  5.00000E+03  6.00000E+03  8.00000E+03
  8.07100E+03  8.07110E+03  8.91770E+03  8.91780E+03  9.39410E+03  9.39420E+03
  1.00000E+04  1.50000E+04  2.00000E+04  3.00000E+04  4.00000E+04  5.00000E+04
  5.56176E+04  5.56177E+04  6.00000E+04  8.00000E+04  1.00000E+05  1.50000E+05
  2.00000E+05  3.00000E+05  4.00000E+05  5.00000E+05  6.00000E+05  8.00000E+05
  1.00000E+06  1.02200E+06  1.25000E+06  1.50000E+06  2.00000E+06  2.04400E+06
  3.00000E+06  4.00000E+06  5.00000E+06  6.00000E+06  7.00000E+06  8.00000E+06
  9.00000E+06  1.00000E+07  1.10000E+07  1.20000E+07  1.30000E+07  1.40000E+07
  1.50000E+07  1.60000E+07  1.80000E+07  2.00000E+07  2.20000E+07  2.40000E+07
  2.60000E+07  2.80000E+07  3.00000E+07  4.00000E+07  5.00000E+07  6.00000E+07
  8.00000E+07  1.00000E+08  1.50000E+08  2.00000E+08  3.00000E+08  4.00000E+08
  5.00000E+08  6.00000E+08  8.00000E+08  1.00000E+09  1.50000E+09  2.00000E+09
  3.00000E+09  4.00000E+09  5.00000E+09  6.00000E+09  8.00000E+09  1.00000E+10
  1.50000E+10  2.00000E+10  3.00000E+10  4.00000E+10  5.00000E+10  6.00000E+10
  8.00000E+10  1.00000E+11
 2.840E+03 2.748E+03 2.748E+03 2.737E+03 2.737E+03 2.706E+03 2.640E+03 2.640E+03
 2.588E+03 2.588E+03 2.566E+03 2.529E+03 2.529E+03 2.290E+03 2.031E+03 1.800E+03
 1.599E+03 1.281E+03 1.271E+03 1.271E+03 1.164E+03 1.164E+03 1.109E+03 1.109E+03
 1.044E+03 6.752E+02 4.804E+02 2.837E+02 1.854E+02 1.312E+02 1.110E+02 1.110E+02
 9.850E+01 6.172E+01 4.214E+01 2.055E+01 1.223E+01 5.779E+00 3.348E+00 2.181E+00
 1.532E+00 8.740E-01 5.638E-01 5.402E-01 3.630E-01 2.529E-01 1.428E-01 1.367E-01
 6.364E-02 3.583E-02 2.294E-02 1.594E-02 1.171E-02 8.968E-03 7.086E-03 5.740E-03
 4.744E-03 3.986E-03 3.397E-03 2.929E-03 2.551E-03 2.242E-03 1.772E-03 1.435E-03
 1.186E-03 9.967E-04 8.493E-04 7.323E-04 6.379E-04 3.588E-04 2.296E-04 1.595E-04
 8.970E-05 5.741E-05 2.552E-05 1.435E-05 6.379E-06 3.588E-06 2.296E-06 1.595E-06
 8.970E-07 5.741E-07 2.552E-07 1.435E-07 6.379E-08 3.588E-08 2.296E-08 1.595E-08
 8.970E-09 5.741E-09 2.552E-09 1.435E-09 6.379E-10 3.588E-10 2.296E-10 1.595E-10
 8.970E-11 5.741E-11
 1.407E+00 2.050E+00 2.050E+00 2.123E+00 2.123E+00 2.322E+00 2.756E+00 2.756E+00
 3.084E+00 3.084E+00 3.223E+00 3.454E+00 3.454E+00 5.007E+00 6.679E+00 8.218E+00
 9.615E+00 1.202E+01 1.210E+01 1.210E+01 1.300E+01 1.300E+01 1.347E+01 1.347E+01
 1.405E+01 1.808E+01 2.107E+01 2.483E+01 2.682E+01 2.790E+01 2.828E+01 2.828E+01
 2.848E+01 2.881E+01 2.858E+01 2.715E+01 2.554E+01 2.279E+01 2.068E+01 1.902E+01
 1.768E+01 1.561E+01 1.407E+01 1.392E+01 1.260E+01 1.147E+01 9.798E+00 9.678E+00
 7.717E+00 6.440E+00 5.562E+00 4.917E+00 4.420E+00 4.023E+00 3.698E+00 3.427E+00
 3.196E+00 2.997E+00 2.824E+00 2.672E+00 2.536E+00 2.415E+00 2.208E+00 2.036E+00
 1.891E+00 1.767E+00 1.659E+00 1.565E+00 1.482E+00 1.178E+00 9.832E-01 8.471E-01
 6.681E-01 5.545E-01 3.949E-01 3.096E-01 2.195E-01 1.719E-01 1.423E-01 1.218E-01
 9.514E-02 7.827E-02 5.466E-02 4.231E-02 2.942E-02 2.271E-02 1.856E-02 1.574E-02
 1.213E-02 9.903E-03 6.844E-03 5.262E-03 3.629E-03 2.786E-03 2.269E-03 1.918E-03
 1.470E-03 1.196E-03
 7.136E+05 3.979E+05 5.637E+05 1.226E+06 1.419E+06 1.599E+06 1.103E+06 1.278E+06
 1.012E+06 1.075E+06 9.808E+05 8.542E+05 8.920E+05 3.988E+05 1.969E+05 1.124E+05
 7.058E+04 3.350E+04 3.274E+04 8.864E+04 6.839E+04 9.368E+04 8.244E+04 9.529E+04
 8.143E+04 2.835E+04 1.314E+04 4.350E+03 1.962E+03 1.053E+03 7.811E+02 4.221E+03
 3.459E+03 1.619E+03 8.858E+02 2.908E+02 1.314E+02 4.370E+01 2.060E+01 1.179E+01
 7.627E+00 3.994E+00 2.504E+00 2.396E+00 1.615E+00 1.153E+00 6.991E-01 6.742E-01
 3.679E-01 2.422E-01 1.782E-01 1.401E-01 1.151E-01 9.739E-02 8.432E-02 7.428E-02
 6.634E-02 5.990E-02 5.459E-02 5.013E-02 4.634E-02 4.307E-02 3.774E-02 3.357E-02
 3.023E-02 2.749E-02 2.520E-02 2.326E-02 2.160E-02 1.591E-02 1.259E-02 1.041E-02
 7.735E-03 6.153E-03 4.071E-03 3.042E-03 2.020E-03 1.512E-03 1.208E-03 1.006E-03
 7.539E-04 6.027E-04 4.015E-04 3.010E-04 2.006E-04 1.504E-04 1.203E-04 1.003E-04
 7.519E-05 6.015E-05 4.010E-05 3.007E-05 2.005E-05 1.503E-05 1.203E-05 1.002E-05
 7.517E-06 6.014E-06
 0.000E+00 0.000E+00 0.000E+00 0.000E+00 0.000E+00 0.000E+00 0.000E+00 0.000E+00
 0.000E+00 0.000E+00 0.000E+00 0.000E+00 0.000E+00 0.000E+00 0.000E+00 0.000E+00
 0.000E+00 0.000E+00 0.000E+00 0.000E+00 0.000E+00 0.000E+00 0.000E+00 0.000E+00
 0.000E+00 0.000E+00 0.000E+00 0.000E+00 0.000E+00 0.000E+00 0.000E+00 0.000E+00
 0.000E+00 0.000E+00 0.000E+00 0.000E+00 0.000E+00 0.000E+00 0.000E+00 0.000E+00
 0.000E+00 0.000E+00 0.000E+00 0.000E+00 7.511E-02 3.481E-01 1.107E+00 1.177E+00
 2.613E+00 3.888E+00 4.971E+00 5.902E+00 6.724E+00 7.463E+00 8.134E+00 8.750E+00
 9.319E+00 9.848E+00 1.034E+01 1.080E+01 1.123E+01 1.163E+01 1.234E+01 1.298E+01
 1.356E+01 1.409E+01 1.457E+01 1.501E+01 1.542E+01 1.708E+01 1.831E+01 1.927E+01
 2.069E+01 2.168E+01 2.326E+01 2.420E+01 2.530E+01 2.592E+01 2.633E+01 2.662E+01
 2.701E+01 2.727E+01 2.763E+01 2.783E+01 2.804E+01 2.816E+01 2.823E+01 2.828E+01
 2.835E+01 2.839E+01 2.845E+01 2.848E+01 2.851E+01 2.853E+01 2.854E+01 2.855E+01
 2.855E+01 2.856E+01
 0.000E+00 0.000E+00 0.000E+00 0.000E+00 0.000E+00 0.000E+00 0.000E+00 0.000E+00
 0.000E+00 0.000E+00 0.000E+00 0.000E+00 0.000E+00 0.000E+00 0.000E+00 0.000E+00
 0.000E+00 0.000E+00 0.000E+00 0.000E+00 0.000E+00 0.000E+00 0.000E+00 0.000E+00
 0.000E+00 0.000E+00 0.000E+00 0.000E+00 0.000E+00 0.000E+00 0.000E+00 0.000E+00
 0.000E+00 0.000E+00 0.000E+00 0.000E+00 0.000E+00 0.000E+00 0.000E+00 0.000E+00
 0.000E+00 0.000E+00 0.000E+00 0.000E+00 0.000E+00 0.000E+00 0.000E+00 0.000E+00
 2.697E-03 1.100E-02 2.188E-02 3.355E-02 4.517E-02 5.640E-02 6.713E-02 7.731E-02
 8.694E-02 9.600E-02 1.045E-01 1.126E-01 1.203E-01 1.276E-01 1.410E-01 1.533E-01
 1.644E-01 1.747E-01 1.841E-01 1.929E-01 2.010E-01 2.345E-01 2.597E-01 2.796E-01
 3.094E-01 3.310E-01 3.665E-01 3.885E-01 4.153E-01 4.314E-01 4.423E-01 4.503E-01
 4.613E-01 4.686E-01 4.795E-01 4.857E-01 4.924E-01 4.964E-01 4.989E-01 5.006E-01
 5.029E-01 5.043E-01 5.063E-01 5.074E-01 5.085E-01 5.092E-01 5.096E-01 5.099E-01
 5.102E-01 5.104E-01
     9
     3     3     3     3     3     7     3     3     8
  1.0000E-03  1.1625E-03  1.3514E-03
  1.3514E-03  1.3713E-03  1.3915E-03
  1.3915E-03  1.5000E-03  1.7412E-03
  1.7412E-03  1.8297E-03  1.9228E-03
  1.9228E-03  2.0000E-03  2.1283E-03
  2.1283E-03  3.0000E-03  4.0000E-03  5.0000E-03  6.0000E-03  8.0000E-03
  8.0711E-03
  8.0711E-03  8.4839E-03  8.9178E-03
  8.9178E-03  9.1529E-03  9.3942E-03
  9.3942E-03  1.0000E-02  1.5000E-02  2.0000E-02  3.0000E-02  4.0000E-02
  5.0000E-02  5.5618E-02
  7.1360E+05  5.3277E+05  3.9790E+05
  5.6370E+05  8.3170E+05  1.2260E+06
  1.4190E+06  1.5990E+06  1.1030E+06
  1.2780E+06  1.1371E+06  1.0120E+06
  1.0750E+06  9.8080E+05  8.5420E+05
  8.9200E+05  3.9880E+05  1.9690E+05  1.1240E+05  7.0580E+04  3.3500E+04
  3.2740E+04
  8.8640E+04  7.7856E+04  6.8390E+04
  9.3680E+04  8.7873E+04  8.2440E+04
  9.5290E+04  8.1430E+04  2.8350E+04  1.3140E+04  4.3500E+03  1.9620E+03
  1.0530E+03  7.8110E+02
