    58  140.119995
     7    94
    27    19    17    14     7     5     3
 K  L1 L2 L3 M1 M2 M3
  40443.0   6548.8   6164.2   5723.4   1436.6   1272.8   1185.4
  1.00000E+03  1.18530E+03  1.18540E+03  1.27270E+03  1.27280E+03  1.43650E+03
  1.43660E+03  1.50000E+03  2.00000E+03  3.00000E+03  4.00000E+03  5.00000E+03
  5.72330E+03  5.72340E+03  6.00000E+03  6.16410E+03  6.16420E+03  6.54870E+03
  6.54880E+03  8.00000E+03  1.00000E+04  1.50000E+04  2.00000E+04  3.00000E+04
  4.00000E+04  4.04429E+04  4.04430E+04  5.00000E+04  6.00000E+04  8.00000E+04
  1.00000E+05  1.50000E+05  2.00000E+05  3.00000E+05  4.00000E+05  5.00000E+05
  6.00000E+05  8.00000E+05  1.00000E+06  1.02200E+06  1.25000E+06  1.50000E+06
  2.00000E+06  2.04400E+06  3.00000E+06  4.00000E+06  5.00000E+06  6.00000E+06
  7.00000E+06  8.00000E+06  9.00000E+06  1.00000E+07  1.10000E+07  1.20000E+07
  1.30000E+07  1.40000E+07  1.50000E+07  1.60000E+07  1.80000E+07  2.00000E+07
  2.20000E+07  2.40000E+07  2.60000E+07  2.80000E+07  3.00000E+07  4.00000E+07
  5.00000E+07  6.00000E+07  8.00000E+07  1.00000E+08  1.50000E+08  2.00000E+08
  3.00000E+08  4.00000E+08  5.00000E+08  6.00000E+08  8.00000E+08  1.00000E+09
  1.50000E+09  2.00000E+09  3.00000E+09  4.00000E+09  5.00000E+09  6.00000E+09
  8.00000E+09  1.00000E+10  1.50000E+10  2.00000E+10  3.00000E+10  4.00000E+10
  5.00000E+10  6.00000E+10  8.00000E+10  1.00000E+11
 2.091E+03 2.045E+03 2.045E+03 2.025E+03 2.025E+03 1.984E+03 1.983E+03 1.967E+03
 1.843E+03 1.610E+03 1.407E+03 1.236E+03 1.132E+03 1.132E+03 1.095E+03 1.074E+03
 1.074E+03 1.027E+03 1.027E+03 8.754E+02 7.145E+02 4.689E+02 3.372E+02 1.955E+02
 1.272E+02 1.251E+02 1.251E+02 9.048E+01 6.790E+01 4.209E+01 2.857E+01 1.391E+01
 8.255E+00 3.870E+00 2.233E+00 1.451E+00 1.017E+00 5.791E-01 3.730E-01 3.573E-01
 2.398E-01 1.670E-01 9.416E-02 9.017E-02 4.194E-02 2.361E-02 1.511E-02 1.050E-02
 7.713E-03 5.906E-03 4.666E-03 3.780E-03 3.124E-03 2.625E-03 2.237E-03 1.929E-03
 1.680E-03 1.477E-03 1.167E-03 9.451E-04 7.811E-04 6.563E-04 5.592E-04 4.822E-04
 4.200E-04 2.363E-04 1.512E-04 1.050E-04 5.907E-05 3.780E-05 1.680E-05 9.451E-06
 4.200E-06 2.363E-06 1.512E-06 1.050E-06 5.907E-07 3.780E-07 1.680E-07 9.451E-08
 4.200E-08 2.363E-08 1.512E-08 1.050E-08 5.907E-09 3.780E-09 1.680E-09 9.451E-10
 4.200E-10 2.363E-10 1.512E-10 1.050E-10 5.907E-11 3.780E-11
 1.566E+00 1.939E+00 1.939E+00 2.099E+00 2.099E+00 2.415E+00 2.415E+00 2.536E+00
 3.463E+00 5.239E+00 6.877E+00 8.354E+00 9.304E+00 9.304E+00 9.646E+00 9.843E+00
 9.843E+00 1.029E+01 1.029E+01 1.180E+01 1.360E+01 1.716E+01 1.962E+01 2.252E+01
 2.404E+01 2.409E+01 2.409E+01 2.487E+01 2.529E+01 2.545E+01 2.515E+01 2.375E+01
 2.229E+01 1.984E+01 1.797E+01 1.652E+01 1.534E+01 1.353E+01 1.219E+01 1.207E+01
 1.092E+01 9.934E+00 8.486E+00 8.382E+00 6.682E+00 5.576E+00 4.816E+00 4.257E+00
 3.827E+00 3.483E+00 3.202E+00 2.967E+00 2.767E+00 2.595E+00 2.445E+00 2.313E+00
 2.196E+00 2.091E+00 1.911E+00 1.762E+00 1.637E+00 1.530E+00 1.436E+00 1.355E+00
 1.283E+00 1.020E+00 8.511E-01 7.333E-01 5.784E-01 4.800E-01 3.418E-01 2.680E-01
 1.900E-01 1.488E-01 1.232E-01 1.055E-01 8.236E-02 6.776E-02 4.732E-02 3.662E-02
 2.546E-02 1.966E-02 1.607E-02 1.363E-02 1.050E-02 8.573E-03 5.925E-03 4.555E-03
 3.141E-03 2.412E-03 1.964E-03 1.660E-03 1.273E-03 1.036E-03
 2.257E+06 1.525E+06 1.753E+06 1.502E+06 1.592E+06 1.230E+06 1.285E+06 1.169E+06
 6.048E+05 2.277E+05 1.105E+05 6.250E+04 4.407E+04 1.258E+05 1.131E+05 1.049E+05
 1.429E+05 1.230E+05 1.420E+05 8.595E+04 4.771E+04 1.613E+04 7.350E+03 2.385E+03
 1.062E+03 1.030E+03 5.981E+03 3.422E+03 2.105E+03 9.583E+02 5.152E+02 1.645E+02
 7.304E+01 2.373E+01 1.103E+01 6.251E+00 4.017E+00 2.089E+00 1.306E+00 1.250E+00
 8.427E-01 6.026E-01 3.662E-01 3.532E-01 1.936E-01 1.279E-01 9.442E-02 7.440E-02
 6.120E-02 5.188E-02 4.497E-02 3.966E-02 3.545E-02 3.203E-02 2.921E-02 2.684E-02
 2.482E-02 2.308E-02 2.024E-02 1.801E-02 1.623E-02 1.476E-02 1.354E-02 1.250E-02
 1.161E-02 8.561E-03 6.777E-03 5.608E-03 4.169E-03 3.318E-03 2.196E-03 1.641E-03
 1.090E-03 8.161E-04 6.522E-04 5.431E-04 4.070E-04 3.254E-04 2.168E-04 1.625E-04
 1.083E-04 8.121E-05 6.496E-05 5.413E-05 4.060E-05 3.247E-05 2.165E-05 1.624E-05
 1.082E-05 8.117E-06 6.494E-06 5.411E-06 4.059E-06 3.247E-06
 0.000E+00 0.000E+00 0.000E+00 0.000E+00 0.000E+00 0.000E+00 0.000E+00 0.000E+00
 0.000E+00 0.000E+00 0.000E+00 0.000E+00 0.000E+00 0.000E+00 0.000E+00 0.000E+00
 0.000E+00 0.000E+00 0.000E+00 0.000E+00 0.000E+00 0.000E+00 0.000E+00 0.000E+00
 0.000E+00 0.000E+00 0.000E+00 0.000E+00 0.000E+00 0.000E+00 0.000E+00 0.000E+00
 0.000E+00 0.000E+00 0.000E+00 0.000E+00 0.000E+00 0.000E+00 0.000E+00 0.000E+00
 5.064E-02 2.340E-01 7.714E-01 8.227E-01 1.902E+00 2.883E+00 3.726E+00 4.452E+00
 5.096E+00 5.674E+00 6.199E+00 6.681E+00 7.125E+00 7.537E+00 7.921E+00 8.276E+00
 8.606E+00 8.911E+00 9.464E+00 9.960E+00 1.041E+01 1.082E+01 1.119E+01 1.153E+01
 1.185E+01 1.313E+01 1.408E+01 1.482E+01 1.591E+01 1.668E+01 1.792E+01 1.865E+01
 1.951E+01 2.001E+01 2.033E+01 2.057E+01 2.088E+01 2.108E+01 2.137E+01 2.153E+01
 2.170E+01 2.179E+01 2.185E+01 2.189E+01 2.194E+01 2.198E+01 2.202E+01 2.205E+01
 2.207E+01 2.209E+01 2.210E+01 2.210E+01 2.211E+01 2.211E+01
 0.000E+00 0.000E+00 0.000E+00 0.000E+00 0.000E+00 0.000E+00 0.000E+00 0.000E+00
 0.000E+00 0.000E+00 0.000E+00 0.000E+00 0.000E+00 0.000E+00 0.000E+00 0.000E+00
 0.000E+00 0.000E+00 0.000E+00 0.000E+00 0.000E+00 0.000E+00 0.000E+00 0.000E+00
 0.000E+00 0.000E+00 0.000E+00 0.000E+00 0.000E+00 0.000E+00 0.000E+00 0.000E+00
 0.000E+00 0.000E+00 0.000E+00 0.000E+00 0.000E+00 0.000E+00 0.000E+00 0.000E+00
 0.000E+00 0.000E+00 0.000E+00 0.000E+00 2.336E-03 9.528E-03 1.896E-02 2.909E-02
 3.916E-02 4.891E-02 5.823E-02 6.708E-02 7.545E-02 8.333E-02 9.075E-02 9.781E-02
 1.045E-01 1.108E-01 1.226E-01 1.332E-01 1.430E-01 1.519E-01 1.602E-01 1.678E-01
 1.749E-01 2.044E-01 2.266E-01 2.443E-01 2.708E-01 2.901E-01 3.220E-01 3.420E-01
 3.666E-01 3.814E-01 3.915E-01 3.989E-01 4.093E-01 4.162E-01 4.265E-01 4.324E-01
 4.389E-01 4.427E-01 4.450E-01 4.467E-01 4.489E-01 4.503E-01 4.522E-01 4.533E-01
 4.544E-01 4.551E-01 4.555E-01 4.557E-01 4.560E-01 4.563E-01
     7
     3     3     3     7     3     3     8
  1.0000E-03  1.0888E-03  1.1854E-03
  1.1854E-03  1.2283E-03  1.2728E-03
  1.2728E-03  1.3522E-03  1.4366E-03
  1.4366E-03  1.5000E-03  2.0000E-03  3.0000E-03  4.0000E-03  5.0000E-03
  5.7234E-03
  5.7234E-03  6.0000E-03  6.1642E-03
  6.1642E-03  6.3536E-03  6.5488E-03
  6.5488E-03  8.0000E-03  1.0000E-02  1.5000E-02  2.0000E-02  3.0000E-02
  4.0000E-02  4.0443E-02
  2.2570E+06  1.8554E+06  1.5250E+06
  1.7530E+06  1.6230E+06  1.5020E+06
  1.5920E+06  1.3993E+06  1.2300E+06
  1.2850E+06  1.1690E+06  6.0480E+05  2.2770E+05  1.1050E+05  6.2500E+04
  4.4070E+04
  1.2580E+05  1.1310E+05  1.0490E+05
  1.4290E+05  1.3259E+05  1.2300E+05
  1.4200E+05  8.5950E+04  4.7710E+04  1.6130E+04  7.3500E+03  2.3850E+03
  1.0620E+03  1.0300E+03
