    18   39.948002
     1    82
     6
 K 
   3202.9
  1.00000E+03  1.50000E+03  2.00000E+03  3.00000E+03  3.20280E+03  3.20290E+03
  4.00000E+03  5.00000E+03  6.00000E+03  8.00000E+03  1.00000E+04  1.50000E+04
  2.00000E+04  3.00000E+04  4.00000E+04  5.00000E+04  6.00000E+04  8.00000E+04
  1.00000E+05  1.50000E+05  2.00000E+05  3.00000E+05  4.00000E+05  5.00000E+05
  6.00000E+05  8.00000E+05  1.00000E+06  1.02200E+06  1.25000E+06  1.50000E+06
  2.00000E+06  2.04400E+06  3.00000E+06  4.00000E+06  5.00000E+06  6.00000E+06
  7.00000E+06  8.00000E+06  9.00000E+06  1.00000E+07  1.10000E+07  1.20000E+07
  1.30000E+07  1.40000E+07  1.50000E+07  1.60000E+07  1.80000E+07  2.00000E+07
  2.20000E+07  2.40000E+07  2.60000E+07  2.80000E+07  3.00000E+07  4.00000E+07
  5.00000E+07  6.00000E+07  8.00000E+07  1.00000E+08  1.50000E+08  2.00000E+08
  3.00000E+08  4.00000E+08  5.00000E+08  6.00000E+08  8.00000E+08  1.00000E+09
  1.50000E+09  2.00000E+09  3.00000E+09  4.00000E+09  5.00000E+09  6.00000E+09
  8.00000E+09  1.00000E+10  1.50000E+10  2.00000E+10  3.00000E+10  4.00000E+10
  5.00000E+10  6.00000E+10  8.00000E+10  1.00000E+11
 2.018E+02 1.872E+02 1.705E+02 1.382E+02 1.322E+02 1.322E+02 1.124E+02 9.345E+01
 7.970E+01 6.133E+01 4.916E+01 3.022E+01 2.001E+01 1.072E+01 6.776E+00 4.690E+00
 3.435E+00 2.061E+00 1.369E+00 6.390E-01 3.681E-01 1.671E-01 9.475E-02 6.089E-02
 4.238E-02 2.389E-02 1.531E-02 1.466E-02 9.804E-03 6.811E-03 3.833E-03 3.669E-03
 1.704E-03 9.585E-04 6.135E-04 4.260E-04 3.130E-04 2.397E-04 1.894E-04 1.534E-04
 1.268E-04 1.065E-04 9.076E-05 7.825E-05 6.817E-05 5.991E-05 4.734E-05 3.834E-05
 3.169E-05 2.663E-05 2.269E-05 1.956E-05 1.704E-05 9.586E-06 6.135E-06 4.260E-06
 2.396E-06 1.534E-06 6.816E-07 3.834E-07 1.704E-07 9.586E-08 6.135E-08 4.260E-08
 2.396E-08 1.534E-08 6.816E-09 3.834E-09 1.704E-09 9.586E-10 6.135E-10 4.260E-10
 2.396E-10 1.534E-10 6.816E-11 3.834E-11 1.704E-11 9.586E-12 6.135E-12 4.260E-12
 2.396E-12 1.534E-12
 4.696E-01 9.421E-01 1.462E+00 2.466E+00 2.654E+00 2.654E+00 3.332E+00 4.046E+00
 4.624E+00 5.501E+00 6.161E+00 7.330E+00 8.048E+00 8.727E+00 8.961E+00 9.013E+00
 8.975E+00 8.767E+00 8.493E+00 7.800E+00 7.209E+00 6.314E+00 5.674E+00 5.189E+00
 4.805E+00 4.225E+00 3.801E+00 3.761E+00 3.400E+00 3.090E+00 2.638E+00 2.605E+00
 2.076E+00 1.731E+00 1.495E+00 1.322E+00 1.188E+00 1.081E+00 9.938E-01 9.208E-01
 8.588E-01 8.054E-01 7.588E-01 7.178E-01 6.815E-01 6.490E-01 5.932E-01 5.470E-01
 5.081E-01 4.748E-01 4.458E-01 4.205E-01 3.982E-01 3.164E-01 2.642E-01 2.276E-01
 1.795E-01 1.490E-01 1.061E-01 8.318E-02 5.896E-02 4.617E-02 3.822E-02 3.273E-02
 2.556E-02 2.103E-02 1.469E-02 1.137E-02 7.903E-03 6.100E-03 4.988E-03 4.229E-03
 3.259E-03 2.660E-03 1.839E-03 1.414E-03 9.748E-04 7.484E-04 6.095E-04 5.152E-04
 3.950E-04 3.214E-04
 2.110E+05 7.309E+04 3.379E+04 1.116E+04 9.312E+03 8.444E+04 5.011E+04 2.793E+04
 1.712E+04 7.760E+03 4.134E+03 1.278E+03 5.444E+02 1.594E+02 6.573E+01 3.281E+01
 1.853E+01 7.479E+00 3.691E+00 1.024E+00 4.166E-01 1.215E-01 5.293E-02 2.882E-02
 1.805E-02 9.158E-03 5.696E-03 5.389E-03 3.651E-03 2.639E-03 1.639E-03 1.584E-03
 8.991E-04 6.101E-04 4.590E-04 3.669E-04 3.052E-04 2.610E-04 2.279E-04 2.022E-04
 1.817E-04 1.649E-04 1.509E-04 1.391E-04 1.290E-04 1.203E-04 1.059E-04 9.463E-05
 8.550E-05 7.797E-05 7.166E-05 6.629E-05 6.167E-05 4.573E-05 3.633E-05 3.014E-05
 2.247E-05 1.791E-05 1.189E-05 8.894E-06 5.915E-06 4.431E-06 3.542E-06 2.951E-06
 2.212E-06 1.769E-06 1.179E-06 8.837E-07 5.890E-07 4.417E-07 3.533E-07 2.944E-07
 2.208E-07 1.766E-07 1.178E-07 8.832E-08 5.888E-08 4.416E-08 3.533E-08 2.944E-08
 2.208E-08 1.766E-08
 0.000E+00 0.000E+00 0.000E+00 0.000E+00 0.000E+00 0.000E+00 0.000E+00 0.000E+00
 0.000E+00 0.000E+00 0.000E+00 0.000E+00 0.000E+00 0.000E+00 0.000E+00 0.000E+00
 0.000E+00 0.000E+00 0.000E+00 0.000E+00 0.000E+00 0.000E+00 0.000E+00 0.000E+00
 0.000E+00 0.000E+00 0.000E+00 0.000E+00 2.826E-03 1.507E-02 5.880E-02 6.336E-02
 1.658E-01 2.670E-01 3.568E-01 4.371E-01 5.086E-01 5.729E-01 6.311E-01 6.839E-01
 7.318E-01 7.757E-01 8.164E-01 8.543E-01 8.897E-01 9.229E-01 9.836E-01 1.038E+00
 1.087E+00 1.132E+00 1.172E+00 1.210E+00 1.245E+00 1.388E+00 1.495E+00 1.578E+00
 1.702E+00 1.791E+00 1.936E+00 2.024E+00 2.129E+00 2.190E+00 2.230E+00 2.259E+00
 2.298E+00 2.323E+00 2.360E+00 2.380E+00 2.402E+00 2.414E+00 2.421E+00 2.426E+00
 2.433E+00 2.437E+00 2.443E+00 2.447E+00 2.450E+00 2.452E+00 2.453E+00 2.453E+00
 2.454E+00 2.455E+00
 0.000E+00 0.000E+00 0.000E+00 0.000E+00 0.000E+00 0.000E+00 0.000E+00 0.000E+00
 0.000E+00 0.000E+00 0.000E+00 0.000E+00 0.000E+00 0.000E+00 0.000E+00 0.000E+00
 0.000E+00 0.000E+00 0.000E+00 0.000E+00 0.000E+00 0.000E+00 0.000E+00 0.000E+00
 0.000E+00 0.000E+00 0.000E+00 0.000E+00 0.000E+00 0.000E+00 0.000E+00 0.000E+00
 7.263E-04 2.965E-03 5.908E-03 9.073E-03 1.223E-02 1.530E-02 1.823E-02 2.103E-02
 2.368E-02 2.618E-02 2.855E-02 3.080E-02 3.294E-02 3.497E-02 3.876E-02 4.221E-02
 4.539E-02 4.832E-02 5.103E-02 5.356E-02 5.591E-02 6.577E-02 7.337E-02 7.947E-02
 8.880E-02 9.573E-02 1.075E-01 1.150E-01 1.245E-01 1.302E-01 1.342E-01 1.372E-01
 1.412E-01 1.440E-01 1.480E-01 1.503E-01 1.529E-01 1.544E-01 1.553E-01 1.559E-01
 1.568E-01 1.573E-01 1.580E-01 1.585E-01 1.589E-01 1.591E-01 1.593E-01 1.594E-01
 1.595E-01 1.596E-01
     1
     5
  1.0000E-03  1.5000E-03  2.0000E-03  3.0000E-03  3.2029E-03
  2.1100E+05  7.3090E+04  3.3790E+04  1.1160E+04  9.3120E+03
