    37   85.467796
     4    88
    18     9     6     4
 K  L1 L2 L3
  15199.7   2065.1   1863.9   1804.4
  1.00000E+03  1.50000E+03  1.80430E+03  1.80440E+03  1.86380E+03  1.86390E+03
  2.00000E+03  2.06500E+03  2.06510E+03  3.00000E+03  4.00000E+03  5.00000E+03
  6.00000E+03  8.00000E+03  1.00000E+04  1.50000E+04  1.51996E+04  1.51997E+04
  2.00000E+04  3.00000E+04  4.00000E+04  5.00000E+04  6.00000E+04  8.00000E+04
  1.00000E+05  1.50000E+05  2.00000E+05  3.00000E+05  4.00000E+05  5.00000E+05
  6.00000E+05  8.00000E+05  1.00000E+06  1.02200E+06  1.25000E+06  1.50000E+06
  2.00000E+06  2.04400E+06  3.00000E+06  4.00000E+06  5.00000E+06  6.00000E+06
  7.00000E+06  8.00000E+06  9.00000E+06  1.00000E+07  1.10000E+07  1.20000E+07
  1.30000E+07  1.40000E+07  1.50000E+07  1.60000E+07  1.80000E+07  2.00000E+07
  2.20000E+07  2.40000E+07  2.60000E+07  2.80000E+07  3.00000E+07  4.00000E+07
  5.00000E+07  6.00000E+07  8.00000E+07  1.00000E+08  1.50000E+08  2.00000E+08
  3.00000E+08  4.00000E+08  5.00000E+08  6.00000E+08  8.00000E+08  1.00000E+09
  1.50000E+09  2.00000E+09  3.00000E+09  4.00000E+09  5.00000E+09  6.00000E+09
  8.00000E+09  1.00000E+10  1.50000E+10  2.00000E+10  3.00000E+10  4.00000E+10
  5.00000E+10  6.00000E+10  8.00000E+10  1.00000E+11
 8.509E+02 8.021E+02 7.719E+02 7.719E+02 7.658E+02 7.657E+02 7.516E+02 7.449E+02
 7.449E+02 6.527E+02 5.656E+02 4.940E+02 4.355E+02 3.450E+02 2.773E+02 1.706E+02
 1.677E+02 1.677E+02 1.160E+02 6.571E+01 4.228E+01 2.930E+01 2.153E+01 1.313E+01
 8.885E+00 4.272E+00 2.494E+00 1.149E+00 6.579E-01 4.252E-01 2.970E-01 1.682E-01
 1.080E-01 1.034E-01 6.925E-02 4.814E-02 2.711E-02 2.596E-02 1.206E-02 6.786E-03
 4.344E-03 3.017E-03 2.216E-03 1.697E-03 1.341E-03 1.086E-03 8.976E-04 7.542E-04
 6.427E-04 5.541E-04 4.827E-04 4.243E-04 3.352E-04 2.715E-04 2.244E-04 1.886E-04
 1.607E-04 1.385E-04 1.207E-04 6.788E-05 4.345E-05 3.017E-05 1.697E-05 1.086E-05
 4.827E-06 2.715E-06 1.207E-06 6.788E-07 4.344E-07 3.017E-07 1.697E-07 1.086E-07
 4.827E-08 2.715E-08 1.207E-08 6.788E-09 4.344E-09 3.017E-09 1.697E-09 1.086E-09
 4.827E-10 2.715E-10 1.207E-10 6.788E-11 4.344E-11 3.017E-11 1.697E-11 1.086E-11
 9.885E-01 1.631E+00 2.033E+00 2.033E+00 2.112E+00 2.112E+00 2.291E+00 2.377E+00
 2.377E+00 3.581E+00 4.769E+00 5.835E+00 6.770E+00 8.330E+00 9.615E+00 1.207E+01
 1.215E+01 1.215E+01 1.374E+01 1.567E+01 1.660E+01 1.703E+01 1.718E+01 1.705E+01
 1.669E+01 1.557E+01 1.452E+01 1.283E+01 1.157E+01 1.061E+01 9.836E+00 8.662E+00
 7.798E+00 7.716E+00 6.978E+00 6.346E+00 5.418E+00 5.352E+00 4.265E+00 3.558E+00
 3.073E+00 2.716E+00 2.441E+00 2.222E+00 2.043E+00 1.893E+00 1.765E+00 1.656E+00
 1.560E+00 1.475E+00 1.401E+00 1.334E+00 1.219E+00 1.124E+00 1.044E+00 9.759E-01
 9.164E-01 8.644E-01 8.185E-01 6.505E-01 5.430E-01 4.678E-01 3.689E-01 3.062E-01
 2.181E-01 1.710E-01 1.212E-01 9.491E-02 7.857E-02 6.727E-02 5.254E-02 4.322E-02
 3.019E-02 2.336E-02 1.624E-02 1.254E-02 1.025E-02 8.694E-03 6.698E-03 5.469E-03
 3.779E-03 2.906E-03 2.004E-03 1.538E-03 1.253E-03 1.059E-03 8.120E-04 6.606E-04
 4.496E+05 1.722E+05 1.097E+05 4.386E+05 4.053E+05 5.609E+05 4.832E+05 4.468E+05
 5.111E+05 2.006E+05 9.520E+04 5.264E+04 3.220E+04 1.466E+04 7.897E+03 2.527E+03
 2.434E+03 1.697E+04 8.357E+03 2.769E+03 1.234E+03 6.517E+02 3.840E+02 1.650E+02
 8.512E+01 2.540E+01 1.081E+01 3.327E+00 1.496E+00 8.302E-01 5.262E-01 2.698E-01
 1.680E-01 1.598E-01 1.079E-01 7.755E-02 4.750E-02 4.586E-02 2.550E-02 1.704E-02
 1.268E-02 1.006E-02 8.314E-03 7.077E-03 6.155E-03 5.442E-03 4.876E-03 4.415E-03
 4.033E-03 3.711E-03 3.436E-03 3.199E-03 2.811E-03 2.506E-03 2.261E-03 2.059E-03
 1.890E-03 1.747E-03 1.624E-03 1.200E-03 9.519E-04 7.886E-04 5.871E-04 4.676E-04
 3.099E-04 2.317E-04 1.540E-04 1.153E-04 9.218E-05 7.677E-05 5.753E-05 4.601E-05
 3.065E-05 2.298E-05 1.532E-05 1.149E-05 9.188E-06 7.656E-06 5.742E-06 4.593E-06
 3.062E-06 2.296E-06 1.531E-06 1.148E-06 9.185E-07 7.654E-07 5.740E-07 4.592E-07
 0.000E+00 0.000E+00 0.000E+00 0.000E+00 0.000E+00 0.000E+00 0.000E+00 0.000E+00
 0.000E+00 0.000E+00 0.000E+00 0.000E+00 0.000E+00 0.000E+00 0.000E+00 0.000E+00
 0.000E+00 0.000E+00 0.000E+00 0.000E+00 0.000E+00 0.000E+00 0.000E+00 0.000E+00
 0.000E+00 0.000E+00 0.000E+00 0.000E+00 0.000E+00 0.000E+00 0.000E+00 0.000E+00
 0.000E+00 0.000E+00 1.540E-02 7.479E-02 2.712E-01 2.908E-01 7.278E-01 1.145E+00
 1.511E+00 1.832E+00 2.118E+00 2.375E+00 2.609E+00 2.822E+00 3.017E+00 3.195E+00
 3.359E+00 3.511E+00 3.652E+00 3.785E+00 4.027E+00 4.245E+00 4.442E+00 4.621E+00
 4.785E+00 4.935E+00 5.073E+00 5.636E+00 6.054E+00 6.380E+00 6.862E+00 7.204E+00
 7.748E+00 8.073E+00 8.452E+00 8.670E+00 8.813E+00 8.916E+00 9.052E+00 9.141E+00
 9.269E+00 9.339E+00 9.414E+00 9.455E+00 9.480E+00 9.498E+00 9.521E+00 9.536E+00
 9.557E+00 9.567E+00 9.579E+00 9.585E+00 9.589E+00 9.591E+00 9.595E+00 9.597E+00
 0.000E+00 0.000E+00 0.000E+00 0.000E+00 0.000E+00 0.000E+00 0.000E+00 0.000E+00
 0.000E+00 0.000E+00 0.000E+00 0.000E+00 0.000E+00 0.000E+00 0.000E+00 0.000E+00
 0.000E+00 0.000E+00 0.000E+00 0.000E+00 0.000E+00 0.000E+00 0.000E+00 0.000E+00
 0.000E+00 0.000E+00 0.000E+00 0.000E+00 0.000E+00 0.000E+00 0.000E+00 0.000E+00
 0.000E+00 0.000E+00 0.000E+00 0.000E+00 0.000E+00 0.000E+00 1.492E-03 6.090E-03
 1.213E-02 1.861E-02 2.508E-02 3.134E-02 3.733E-02 4.303E-02 4.843E-02 5.352E-02
 5.832E-02 6.289E-02 6.722E-02 7.133E-02 7.896E-02 8.591E-02 9.228E-02 9.814E-02
 1.036E-01 1.086E-01 1.133E-01 1.327E-01 1.474E-01 1.592E-01 1.769E-01 1.899E-01
 2.114E-01 2.250E-01 2.417E-01 2.517E-01 2.586E-01 2.637E-01 2.707E-01 2.754E-01
 2.824E-01 2.864E-01 2.908E-01 2.934E-01 2.950E-01 2.961E-01 2.976E-01 2.985E-01
 2.998E-01 3.006E-01 3.013E-01 3.018E-01 3.020E-01 3.022E-01 3.024E-01 3.025E-01
     4
     3     3     3     9
  1.0000E-03  1.5000E-03  1.8044E-03
  1.8044E-03  1.8339E-03  1.8639E-03
  1.8639E-03  2.0000E-03  2.0651E-03
  2.0651E-03  3.0000E-03  4.0000E-03  5.0000E-03  6.0000E-03  8.0000E-03
  1.0000E-02  1.5000E-02  1.5200E-02
  4.4960E+05  1.7220E+05  1.0970E+05
  4.3860E+05  4.2161E+05  4.0530E+05
  5.6090E+05  4.8320E+05  4.4680E+05
  5.1110E+05  2.0060E+05  9.5200E+04  5.2640E+04  3.2200E+04  1.4660E+04
  7.8970E+03  2.5270E+03  2.4340E+03
