     9   18.998400
     0    80
 1.000000E+03 1.500000E+03 2.000000E+03 3.000000E+03 4.000000E+03 5.000000E+03
 6.000000E+03 8.000000E+03 1.000000E+04 1.500000E+04 2.000000E+04 3.000000E+04
 4.000000E+04 5.000000E+04 6.000000E+04 8.000000E+04 1.000000E+05 1.500000E+05
 2.000000E+05 3.000000E+05 4.000000E+05 5.000000E+05 6.000000E+05 8.000000E+05
 1.000000E+06 1.022000E+06 1.250000E+06 1.500000E+06 2.000000E+06 2.044000E+06
 3.000000E+06 4.000000E+06 5.000000E+06 6.000000E+06 7.000000E+06 8.000000E+06
 9.000000E+06 1.000000E+07 1.100000E+07 1.200000E+07 1.300000E+07 1.400000E+07
 1.500000E+07 1.600000E+07 1.800000E+07 2.000000E+07 2.200000E+07 2.400000E+07
 2.600000E+07 2.800000E+07 3.000000E+07 4.000000E+07 5.000000E+07 6.000000E+07
 8.000000E+07 1.000000E+08 1.500000E+08 2.000000E+08 3.000000E+08 4.000000E+08
 5.000000E+08 6.000000E+08 8.000000E+08 1.000000E+09 1.500000E+09 2.000000E+09
 3.000000E+09 4.000000E+09 5.000000E+09 6.000000E+09 8.000000E+09 1.000000E+10
 1.500000E+10 2.000000E+10 3.000000E+10 4.000000E+10 5.000000E+10 6.000000E+10
 8.000000E+10 1.000000E+11
 5.111E+01 4.801E+01 4.427E+01 3.625E+01 2.902E+01 2.325E+01 1.886E+01 1.307E+01
 9.647E+00 5.470E+00 3.611E+00 1.921E+00 1.181E+00 7.966E-01 5.731E-01 3.370E-01
 2.212E-01 1.013E-01 5.764E-02 2.585E-02 1.459E-02 9.349E-03 6.498E-03 3.658E-03
 2.342E-03 2.242E-03 1.499E-03 1.041E-03 5.858E-04 5.609E-04 2.604E-04 1.465E-04
 9.374E-05 6.510E-05 4.783E-05 3.662E-05 2.893E-05 2.344E-05 1.937E-05 1.627E-05
 1.387E-05 1.196E-05 1.042E-05 9.155E-06 7.233E-06 5.859E-06 4.842E-06 4.069E-06
 3.467E-06 2.989E-06 2.604E-06 1.465E-06 9.374E-07 6.510E-07 3.662E-07 2.343E-07
 1.041E-07 5.858E-08 2.604E-08 1.464E-08 9.373E-09 6.509E-09 3.661E-09 2.343E-09
 1.041E-09 5.858E-10 2.604E-10 1.464E-10 9.373E-11 6.509E-11 3.661E-11 2.343E-11
 1.041E-11 5.858E-12 2.604E-12 1.464E-12 9.373E-13 6.509E-13 3.661E-13 2.343E-13
 2.029E-01 4.270E-01 6.987E-01 1.293E+00 1.861E+00 2.354E+00 2.762E+00 3.353E+00
 3.735E+00 4.257E+00 4.524E+00 4.760E+00 4.808E+00 4.775E+00 4.706E+00 4.533E+00
 4.354E+00 3.955E+00 3.637E+00 3.172E+00 2.846E+00 2.600E+00 2.406E+00 2.115E+00
 1.902E+00 1.882E+00 1.701E+00 1.546E+00 1.319E+00 1.303E+00 1.038E+00 8.658E-01
 7.477E-01 6.609E-01 5.940E-01 5.406E-01 4.969E-01 4.604E-01 4.294E-01 4.027E-01
 3.794E-01 3.589E-01 3.408E-01 3.245E-01 2.966E-01 2.735E-01 2.540E-01 2.374E-01
 2.229E-01 2.103E-01 1.991E-01 1.582E-01 1.321E-01 1.138E-01 8.975E-02 7.449E-02
 5.305E-02 4.159E-02 2.948E-02 2.309E-02 1.911E-02 1.636E-02 1.278E-02 1.051E-02
 7.343E-03 5.683E-03 3.951E-03 3.050E-03 2.494E-03 2.115E-03 1.629E-03 1.330E-03
 9.193E-04 7.068E-04 4.874E-04 3.742E-04 3.047E-04 2.576E-04 1.975E-04 1.607E-04
 1.782E+05 6.237E+04 2.850E+04 9.073E+03 3.931E+03 2.029E+03 1.174E+03 4.888E+02
 2.455E+02 6.890E+01 2.760E+01 7.476E+00 2.933E+00 1.414E+00 7.769E-01 3.017E-01
 1.449E-01 3.854E-02 1.527E-02 4.330E-03 1.858E-03 1.002E-03 6.245E-04 3.153E-04
 1.960E-04 1.834E-04 1.244E-04 9.028E-05 5.669E-05 5.483E-05 3.160E-05 2.166E-05
 1.641E-05 1.319E-05 1.101E-05 9.444E-06 8.266E-06 7.348E-06 6.612E-06 6.009E-06
 5.507E-06 5.082E-06 4.717E-06 4.402E-06 3.882E-06 3.471E-06 3.139E-06 2.865E-06
 2.635E-06 2.439E-06 2.270E-06 1.686E-06 1.341E-06 1.113E-06 8.307E-07 6.626E-07
 4.400E-07 3.294E-07 2.191E-07 1.642E-07 1.313E-07 1.094E-07 8.197E-08 6.556E-08
 4.369E-08 3.276E-08 2.184E-08 1.637E-08 1.310E-08 1.092E-08 8.186E-09 6.549E-09
 4.366E-09 3.274E-09 2.183E-09 1.637E-09 1.310E-09 1.091E-09 8.185E-10 6.548E-10
 0.000E-01 0.000E-01 0.000E-01 0.000E-01 0.000E-01 0.000E-01 0.000E-01 0.000E-01
 0.000E-01 0.000E-01 0.000E-01 0.000E-01 0.000E-01 0.000E-01 0.000E-01 0.000E-01
 0.000E-01 0.000E-01 0.000E-01 0.000E-01 0.000E-01 0.000E-01 0.000E-01 0.000E-01
 0.000E-01 0.000E-01 6.506E-04 3.601E-03 1.434E-02 1.546E-02 4.101E-02 6.651E-02
 8.924E-02 1.096E-01 1.278E-01 1.441E-01 1.589E-01 1.724E-01 1.847E-01 1.959E-01
 2.063E-01 2.160E-01 2.251E-01 2.336E-01 2.493E-01 2.633E-01 2.760E-01 2.875E-01
 2.981E-01 3.079E-01 3.170E-01 3.540E-01 3.822E-01 4.045E-01 4.380E-01 4.626E-01
 5.029E-01 5.276E-01 5.568E-01 5.738E-01 5.850E-01 5.931E-01 6.040E-01 6.110E-01
 6.212E-01 6.268E-01 6.329E-01 6.361E-01 6.382E-01 6.396E-01 6.415E-01 6.427E-01
 6.443E-01 6.452E-01 6.461E-01 6.466E-01 6.469E-01 6.471E-01 6.474E-01 6.476E-01
 0.000E-01 0.000E-01 0.000E-01 0.000E-01 0.000E-01 0.000E-01 0.000E-01 0.000E-01
 0.000E-01 0.000E-01 0.000E-01 0.000E-01 0.000E-01 0.000E-01 0.000E-01 0.000E-01
 0.000E-01 0.000E-01 0.000E-01 0.000E-01 0.000E-01 0.000E-01 0.000E-01 0.000E-01
 0.000E-01 0.000E-01 0.000E-01 0.000E-01 0.000E-01 0.000E-01 3.631E-04 1.483E-03
 2.954E-03 4.538E-03 6.118E-03 7.653E-03 9.124E-03 1.053E-02 1.186E-02 1.311E-02
 1.430E-02 1.544E-02 1.652E-02 1.754E-02 1.945E-02 2.120E-02 2.281E-02 2.430E-02
 2.568E-02 2.697E-02 2.817E-02 3.324E-02 3.717E-02 4.036E-02 4.530E-02 4.901E-02
 5.536E-02 5.949E-02 6.467E-02 6.783E-02 7.001E-02 7.162E-02 7.384E-02 7.532E-02
 7.753E-02 7.878E-02 8.013E-02 8.094E-02 8.142E-02 8.177E-02 8.222E-02 8.251E-02
 8.290E-02 8.313E-02 8.334E-02 8.349E-02 8.357E-02 8.362E-02 8.368E-02 8.372E-02
