    80  200.589996
     9    98
    34    25    23    21    14    12     9     7     5
 K  L1 L2 L3 M1 M2 M3 M4 M5
  83102.3  14839.3  14208.7  12283.9   3561.6   3278.5   2847.1   2384.9
   2294.9
  1.00000E+03  1.50000E+03  2.00000E+03  2.29480E+03  2.29490E+03  2.38480E+03
  2.38490E+03  2.84700E+03  2.84710E+03  3.00000E+03  3.27840E+03  3.27850E+03
  3.56150E+03  3.56160E+03  4.00000E+03  5.00000E+03  6.00000E+03  8.00000E+03
  1.00000E+04  1.22838E+04  1.22839E+04  1.42086E+04  1.42087E+04  1.48392E+04
  1.48393E+04  1.50000E+04  2.00000E+04  3.00000E+04  4.00000E+04  5.00000E+04
  6.00000E+04  8.00000E+04  8.31022E+04  8.31023E+04  1.00000E+05  1.50000E+05
  2.00000E+05  3.00000E+05  4.00000E+05  5.00000E+05  6.00000E+05  8.00000E+05
  1.00000E+06  1.02200E+06  1.25000E+06  1.50000E+06  2.00000E+06  2.04400E+06
  3.00000E+06  4.00000E+06  5.00000E+06  6.00000E+06  7.00000E+06  8.00000E+06
  9.00000E+06  1.00000E+07  1.10000E+07  1.20000E+07  1.30000E+07  1.40000E+07
  1.50000E+07  1.60000E+07  1.80000E+07  2.00000E+07  2.20000E+07  2.40000E+07
  2.60000E+07  2.80000E+07  3.00000E+07  4.00000E+07  5.00000E+07  6.00000E+07
  8.00000E+07  1.00000E+08  1.50000E+08  2.00000E+08  3.00000E+08  4.00000E+08
  5.00000E+08  6.00000E+08  8.00000E+08  1.00000E+09  1.50000E+09  2.00000E+09
  3.00000E+09  4.00000E+09  5.00000E+09  6.00000E+09  8.00000E+09  1.00000E+10
  1.50000E+10  2.00000E+10  3.00000E+10  4.00000E+10  5.00000E+10  6.00000E+10
  8.00000E+10  1.00000E+11
 4.111E+03 3.955E+03 3.772E+03 3.656E+03 3.656E+03 3.621E+03 3.621E+03 3.445E+03
 3.445E+03 3.386E+03 3.281E+03 3.281E+03 3.176E+03 3.176E+03 3.019E+03 2.694E+03
 2.412E+03 1.963E+03 1.626E+03 1.332E+03 1.332E+03 1.140E+03 1.140E+03 1.086E+03
 1.086E+03 1.073E+03 7.566E+02 4.462E+02 2.973E+02 2.110E+02 1.579E+02 9.926E+01
 9.323E+01 9.323E+01 6.849E+01 3.370E+01 2.009E+01 9.579E+00 5.592E+00 3.658E+00
 2.577E+00 1.476E+00 9.549E-01 9.151E-01 6.162E-01 4.300E-01 2.432E-01 2.330E-01
 1.086E-01 6.119E-02 3.919E-02 2.723E-02 2.001E-02 1.532E-02 1.211E-02 9.810E-03
 8.108E-03 6.813E-03 5.805E-03 5.006E-03 4.361E-03 3.833E-03 3.028E-03 2.453E-03
 2.027E-03 1.704E-03 1.452E-03 1.252E-03 1.090E-03 6.133E-04 3.925E-04 2.726E-04
 1.533E-04 9.813E-05 4.361E-05 2.453E-05 1.090E-05 6.133E-06 3.925E-06 2.726E-06
 1.533E-06 9.813E-07 4.361E-07 2.453E-07 1.090E-07 6.133E-08 3.925E-08 2.726E-08
 1.533E-08 9.813E-09 4.361E-09 2.453E-09 1.090E-09 6.133E-10 3.925E-10 2.726E-10
 1.533E-10 9.813E-11
 1.187E+00 2.153E+00 3.105E+00 3.658E+00 3.658E+00 3.824E+00 3.824E+00 4.655E+00
 4.655E+00 4.929E+00 5.420E+00 5.420E+00 5.913E+00 5.913E+00 6.664E+00 8.316E+00
 9.897E+00 1.281E+01 1.529E+01 1.766E+01 1.766E+01 1.931E+01 1.931E+01 1.982E+01
 1.982E+01 1.994E+01 2.328E+01 2.781E+01 3.046E+01 3.198E+01 3.283E+01 3.343E+01
 3.345E+01 3.345E+01 3.332E+01 3.191E+01 3.015E+01 2.701E+01 2.455E+01 2.261E+01
 2.104E+01 1.859E+01 1.677E+01 1.660E+01 1.503E+01 1.368E+01 1.169E+01 1.155E+01
 9.210E+00 7.687E+00 6.641E+00 5.870E+00 5.277E+00 4.803E+00 4.415E+00 4.091E+00
 3.816E+00 3.579E+00 3.372E+00 3.190E+00 3.028E+00 2.884E+00 2.636E+00 2.431E+00
 2.258E+00 2.110E+00 1.981E+00 1.869E+00 1.770E+00 1.406E+00 1.174E+00 1.012E+00
 7.977E-01 6.621E-01 4.715E-01 3.697E-01 2.620E-01 2.052E-01 1.699E-01 1.455E-01
 1.136E-01 9.346E-02 6.527E-02 5.052E-02 3.512E-02 2.711E-02 2.217E-02 1.880E-02
 1.448E-02 1.182E-02 8.172E-03 6.282E-03 4.333E-03 3.326E-03 2.709E-03 2.290E-03
 1.756E-03 1.428E-03
 1.605E+06 7.201E+05 3.905E+05 2.886E+05 3.258E+05 7.051E+05 7.606E+05 6.888E+05
 7.955E+05 7.019E+05 5.643E+05 5.989E+05 4.920E+05 5.129E+05 3.896E+05 2.261E+05
 1.437E+05 6.932E+04 3.903E+04 2.285E+04 5.793E+04 3.911E+04 5.424E+04 4.888E+04
 5.656E+04 5.489E+04 2.628E+04 8.989E+03 4.142E+03 2.256E+03 1.369E+03 6.197E+02
 5.578E+02 2.693E+03 1.656E+03 5.702E+02 2.647E+02 9.113E+01 4.392E+01 2.553E+01
 1.669E+01 8.842E+00 5.568E+00 5.330E+00 3.595E+00 2.561E+00 1.549E+00 1.494E+00
 8.106E-01 5.311E-01 3.894E-01 3.053E-01 2.501E-01 2.113E-01 1.827E-01 1.607E-01
 1.434E-01 1.293E-01 1.178E-01 1.081E-01 9.982E-02 9.273E-02 8.117E-02 7.215E-02
 6.492E-02 5.899E-02 5.406E-02 4.988E-02 4.630E-02 3.405E-02 2.692E-02 2.225E-02
 1.652E-02 1.314E-02 8.686E-03 6.488E-03 4.307E-03 3.224E-03 2.576E-03 2.145E-03
 1.607E-03 1.285E-03 8.558E-04 6.416E-04 4.275E-04 3.206E-04 2.564E-04 2.137E-04
 1.602E-04 1.282E-04 8.545E-05 6.408E-05 4.272E-05 3.204E-05 2.563E-05 2.136E-05
 1.602E-05 1.282E-05
 0.000E+00 0.000E+00 0.000E+00 0.000E+00 0.000E+00 0.000E+00 0.000E+00 0.000E+00
 0.000E+00 0.000E+00 0.000E+00 0.000E+00 0.000E+00 0.000E+00 0.000E+00 0.000E+00
 0.000E+00 0.000E+00 0.000E+00 0.000E+00 0.000E+00 0.000E+00 0.000E+00 0.000E+00
 0.000E+00 0.000E+00 0.000E+00 0.000E+00 0.000E+00 0.000E+00 0.000E+00 0.000E+00
 0.000E+00 0.000E+00 0.000E+00 0.000E+00 0.000E+00 0.000E+00 0.000E+00 0.000E+00
 0.000E+00 0.000E+00 0.000E+00 0.000E+00 1.218E-01 5.785E-01 1.756E+00 1.860E+00
 3.882E+00 5.604E+00 7.046E+00 8.288E+00 9.382E+00 1.037E+01 1.126E+01 1.209E+01
 1.285E+01 1.356E+01 1.422E+01 1.484E+01 1.542E+01 1.596E+01 1.694E+01 1.781E+01
 1.859E+01 1.931E+01 1.997E+01 2.057E+01 2.113E+01 2.339E+01 2.507E+01 2.638E+01
 2.830E+01 2.965E+01 3.178E+01 3.304E+01 3.451E+01 3.535E+01 3.590E+01 3.629E+01
 3.681E+01 3.715E+01 3.764E+01 3.790E+01 3.819E+01 3.834E+01 3.844E+01 3.851E+01
 3.859E+01 3.865E+01 3.873E+01 3.877E+01 3.881E+01 3.883E+01 3.885E+01 3.886E+01
 3.887E+01 3.888E+01
 0.000E+00 0.000E+00 0.000E+00 0.000E+00 0.000E+00 0.000E+00 0.000E+00 0.000E+00
 0.000E+00 0.000E+00 0.000E+00 0.000E+00 0.000E+00 0.000E+00 0.000E+00 0.000E+00
 0.000E+00 0.000E+00 0.000E+00 0.000E+00 0.000E+00 0.000E+00 0.000E+00 0.000E+00
 0.000E+00 0.000E+00 0.000E+00 0.000E+00 0.000E+00 0.000E+00 0.000E+00 0.000E+00
 0.000E+00 0.000E+00 0.000E+00 0.000E+00 0.000E+00 0.000E+00 0.000E+00 0.000E+00
 0.000E+00 0.000E+00 0.000E+00 0.000E+00 0.000E+00 0.000E+00 0.000E+00 0.000E+00
 3.218E-03 1.312E-02 2.609E-02 3.999E-02 5.381E-02 6.717E-02 7.992E-02 9.202E-02
 1.034E-01 1.142E-01 1.243E-01 1.339E-01 1.430E-01 1.516E-01 1.675E-01 1.819E-01
 1.951E-01 2.071E-01 2.182E-01 2.285E-01 2.380E-01 2.772E-01 3.066E-01 3.297E-01
 3.643E-01 3.891E-01 4.297E-01 4.548E-01 4.851E-01 5.031E-01 5.153E-01 5.241E-01
 5.363E-01 5.443E-01 5.562E-01 5.629E-01 5.702E-01 5.745E-01 5.771E-01 5.789E-01
 5.814E-01 5.829E-01 5.849E-01 5.862E-01 5.873E-01 5.881E-01 5.885E-01 5.888E-01
 5.891E-01 5.893E-01
     9
     4     3     3     3     3     7     3     3     9
  1.0000E-03  1.5000E-03  2.0000E-03  2.2949E-03
  2.2949E-03  2.3395E-03  2.3849E-03
  2.3849E-03  2.6058E-03  2.8471E-03
  2.8471E-03  3.0000E-03  3.2785E-03
  3.2785E-03  3.4171E-03  3.5616E-03
  3.5616E-03  4.0000E-03  5.0000E-03  6.0000E-03  8.0000E-03  1.0000E-02
  1.2284E-02
  1.2284E-02  1.3211E-02  1.4209E-02
  1.4209E-02  1.4521E-02  1.4839E-02
  1.4839E-02  1.5000E-02  2.0000E-02  3.0000E-02  4.0000E-02  5.0000E-02
  6.0000E-02  8.0000E-02  8.3102E-02
  1.6050E+06  7.2010E+05  3.9050E+05  2.8860E+05
  3.2580E+05  4.7939E+05  7.0510E+05
  7.6060E+05  7.2379E+05  6.8880E+05
  7.9550E+05  7.0190E+05  5.6430E+05
  5.9890E+05  5.4280E+05  4.9200E+05
  5.1290E+05  3.8960E+05  2.2610E+05  1.4370E+05  6.9320E+04  3.9030E+04
  2.2850E+04
  5.7930E+04  4.7597E+04  3.9110E+04
  5.4240E+04  5.1485E+04  4.8880E+04
  5.6560E+04  5.4890E+04  2.6280E+04  8.9890E+03  4.1420E+03  2.2560E+03
  1.3690E+03  6.1970E+02  5.5780E+02
