     8   15.999400
     0    80
 1.000000E+03 1.500000E+03 2.000000E+03 3.000000E+03 4.000000E+03 5.000000E+03
 6.000000E+03 8.000000E+03 1.000000E+04 1.500000E+04 2.000000E+04 3.000000E+04
 4.000000E+04 5.000000E+04 6.000000E+04 8.000000E+04 1.000000E+05 1.500000E+05
 2.000000E+05 3.000000E+05 4.000000E+05 5.000000E+05 6.000000E+05 8.000000E+05
 1.000000E+06 1.022000E+06 1.250000E+06 1.500000E+06 2.000000E+06 2.044000E+06
 3.000000E+06 4.000000E+06 5.000000E+06 6.000000E+06 7.000000E+06 8.000000E+06
 9.000000E+06 1.000000E+07 1.100000E+07 1.200000E+07 1.300000E+07 1.400000E+07
 1.500000E+07 1.600000E+07 1.800000E+07 2.000000E+07 2.200000E+07 2.400000E+07
 2.600000E+07 2.800000E+07 3.000000E+07 4.000000E+07 5.000000E+07 6.000000E+07
 8.000000E+07 1.000000E+08 1.500000E+08 2.000000E+08 3.000000E+08 4.000000E+08
 5.000000E+08 6.000000E+08 8.000000E+08 1.000000E+09 1.500000E+09 2.000000E+09
 3.000000E+09 4.000000E+09 5.000000E+09 6.000000E+09 8.000000E+09 1.000000E+10
 1.500000E+10 2.000000E+10 3.000000E+10 4.000000E+10 5.000000E+10 6.000000E+10
 8.000000E+10 1.000000E+11
 3.989E+01 3.698E+01 3.356E+01 2.663E+01 2.081E+01 1.642E+01 1.323E+01 9.157E+00
 6.814E+00 3.948E+00 2.627E+00 1.394E+00 8.541E-01 5.755E-01 4.138E-01 2.428E-01
 1.591E-01 7.264E-02 4.128E-02 1.849E-02 1.043E-02 6.684E-03 4.645E-03 2.615E-03
 1.674E-03 1.603E-03 1.072E-03 7.442E-04 4.187E-04 4.008E-04 1.861E-04 1.047E-04
 6.699E-05 4.652E-05 3.418E-05 2.617E-05 2.068E-05 1.675E-05 1.384E-05 1.163E-05
 9.911E-06 8.545E-06 7.444E-06 6.542E-06 5.169E-06 4.187E-06 3.461E-06 2.908E-06
 2.478E-06 2.136E-06 1.861E-06 1.047E-06 6.699E-07 4.652E-07 2.617E-07 1.675E-07
 7.443E-08 4.186E-08 1.861E-08 1.047E-08 6.698E-09 4.652E-09 2.617E-09 1.675E-09
 7.443E-10 4.186E-10 1.861E-10 1.047E-10 6.698E-11 4.652E-11 2.617E-11 1.675E-11
 7.443E-12 4.186E-12 1.861E-12 1.047E-12 6.698E-13 4.652E-13 2.617E-13 1.675E-13
 2.262E-01 4.697E-01 7.560E-01 1.352E+00 1.886E+00 2.323E+00 2.665E+00 3.139E+00
 3.439E+00 3.864E+00 4.092E+00 4.286E+00 4.315E+00 4.275E+00 4.207E+00 4.044E+00
 3.880E+00 3.521E+00 3.236E+00 2.821E+00 2.530E+00 2.312E+00 2.139E+00 1.880E+00
 1.691E+00 1.673E+00 1.512E+00 1.374E+00 1.173E+00 1.158E+00 9.226E-01 7.696E-01
 6.646E-01 5.874E-01 5.280E-01 4.805E-01 4.417E-01 4.093E-01 3.817E-01 3.580E-01
 3.372E-01 3.190E-01 3.029E-01 2.885E-01 2.636E-01 2.431E-01 2.258E-01 2.110E-01
 1.981E-01 1.869E-01 1.770E-01 1.406E-01 1.174E-01 1.011E-01 7.977E-02 6.621E-02
 4.715E-02 3.697E-02 2.620E-02 2.052E-02 1.699E-02 1.455E-02 1.136E-02 9.346E-03
 6.527E-03 5.052E-03 3.512E-03 2.711E-03 2.217E-03 1.880E-03 1.448E-03 1.182E-03
 8.172E-04 6.282E-04 4.333E-04 3.326E-04 2.709E-04 2.290E-04 1.756E-04 1.428E-04
 1.219E+05 4.111E+04 1.843E+04 5.739E+03 2.452E+03 1.254E+03 7.199E+02 2.967E+02
 1.479E+02 4.096E+01 1.627E+01 4.360E+00 1.699E+00 8.151E-01 4.465E-01 1.726E-01
 8.264E-02 2.186E-02 8.637E-03 2.441E-03 1.045E-03 5.634E-04 3.509E-04 1.771E-04
 1.101E-04 1.026E-04 6.966E-05 5.054E-05 3.179E-05 3.075E-05 1.776E-05 1.219E-05
 9.242E-06 7.430E-06 6.207E-06 5.326E-06 4.663E-06 4.146E-06 3.732E-06 3.392E-06
 3.109E-06 2.869E-06 2.664E-06 2.486E-06 2.193E-06 1.961E-06 1.774E-06 1.619E-06
 1.489E-06 1.378E-06 1.283E-06 9.531E-07 7.581E-07 6.294E-07 4.698E-07 3.747E-07
 2.488E-07 1.863E-07 1.239E-07 9.287E-08 7.425E-08 6.185E-08 4.637E-08 3.708E-08
 2.471E-08 1.853E-08 1.235E-08 9.262E-09 7.409E-09 6.174E-09 4.630E-09 3.704E-09
 2.469E-09 1.852E-09 1.235E-09 9.260E-10 7.408E-10 6.173E-10 4.630E-10 3.704E-10
 0.000E-01 0.000E-01 0.000E-01 0.000E-01 0.000E-01 0.000E-01 0.000E-01 0.000E-01
 0.000E-01 0.000E-01 0.000E-01 0.000E-01 0.000E-01 0.000E-01 0.000E-01 0.000E-01
 0.000E-01 0.000E-01 0.000E-01 0.000E-01 0.000E-01 0.000E-01 0.000E-01 0.000E-01
 0.000E-01 0.000E-01 5.159E-04 2.850E-03 1.134E-02 1.222E-02 3.241E-02 5.256E-02
 7.051E-02 8.664E-02 1.010E-01 1.139E-01 1.257E-01 1.363E-01 1.460E-01 1.549E-01
 1.632E-01 1.709E-01 1.781E-01 1.849E-01 1.973E-01 2.084E-01 2.185E-01 2.277E-01
 2.361E-01 2.439E-01 2.511E-01 2.804E-01 3.028E-01 3.204E-01 3.472E-01 3.668E-01
 3.993E-01 4.193E-01 4.433E-01 4.573E-01 4.666E-01 4.733E-01 4.823E-01 4.882E-01
 4.968E-01 5.015E-01 5.066E-01 5.093E-01 5.110E-01 5.123E-01 5.138E-01 5.148E-01
 5.162E-01 5.170E-01 5.178E-01 5.182E-01 5.184E-01 5.186E-01 5.188E-01 5.190E-01
 0.000E-01 0.000E-01 0.000E-01 0.000E-01 0.000E-01 0.000E-01 0.000E-01 0.000E-01
 0.000E-01 0.000E-01 0.000E-01 0.000E-01 0.000E-01 0.000E-01 0.000E-01 0.000E-01
 0.000E-01 0.000E-01 0.000E-01 0.000E-01 0.000E-01 0.000E-01 0.000E-01 0.000E-01
 0.000E-01 0.000E-01 0.000E-01 0.000E-01 0.000E-01 0.000E-01 3.228E-04 1.318E-03
 2.626E-03 4.033E-03 5.438E-03 6.803E-03 8.111E-03 9.357E-03 1.054E-02 1.166E-02
 1.272E-02 1.373E-02 1.468E-02 1.560E-02 1.730E-02 1.885E-02 2.029E-02 2.161E-02
 2.284E-02 2.399E-02 2.506E-02 2.958E-02 3.309E-02 3.594E-02 4.036E-02 4.368E-02
 4.942E-02 5.316E-02 5.791E-02 6.084E-02 6.286E-02 6.436E-02 6.645E-02 6.784E-02
 6.993E-02 7.111E-02 7.241E-02 7.317E-02 7.364E-02 7.396E-02 7.440E-02 7.468E-02
 7.505E-02 7.527E-02 7.548E-02 7.562E-02 7.570E-02 7.575E-02 7.580E-02 7.585E-02
