    26   55.847000
     1    82
     9
 K 
   7112.0
  1.00000E+03  1.50000E+03  2.00000E+03  3.00000E+03  4.00000E+03  5.00000E+03
  6.00000E+03  7.11190E+03  7.11200E+03  8.00000E+03  1.00000E+04  1.50000E+04
  2.00000E+04  3.00000E+04  4.00000E+04  5.00000E+04  6.00000E+04  8.00000E+04
  1.00000E+05  1.50000E+05  2.00000E+05  3.00000E+05  4.00000E+05  5.00000E+05
  6.00000E+05  8.00000E+05  1.00000E+06  1.02200E+06  1.25000E+06  1.50000E+06
  2.00000E+06  2.04400E+06  3.00000E+06  4.00000E+06  5.00000E+06  6.00000E+06
  7.00000E+06  8.00000E+06  9.00000E+06  1.00000E+07  1.10000E+07  1.20000E+07
  1.30000E+07  1.40000E+07  1.50000E+07  1.60000E+07  1.80000E+07  2.00000E+07
  2.20000E+07  2.40000E+07  2.60000E+07  2.80000E+07  3.00000E+07  4.00000E+07
  5.00000E+07  6.00000E+07  8.00000E+07  1.00000E+08  1.50000E+08  2.00000E+08
  3.00000E+08  4.00000E+08  5.00000E+08  6.00000E+08  8.00000E+08  1.00000E+09
  1.50000E+09  2.00000E+09  3.00000E+09  4.00000E+09  5.00000E+09  6.00000E+09
  8.00000E+09  1.00000E+10  1.50000E+10  2.00000E+10  3.00000E+10  4.00000E+10
  5.00000E+10  6.00000E+10  8.00000E+10  1.00000E+11
 4.207E+02 3.933E+02 3.647E+02 3.110E+02 2.642E+02 2.245E+02 1.915E+02 1.618E+02
 1.618E+02 1.430E+02 1.114E+02 6.916E+01 4.794E+01 2.642E+01 1.665E+01 1.154E+01
 8.511E+00 5.197E+00 3.494E+00 1.652E+00 9.580E-01 4.385E-01 2.498E-01 1.610E-01
 1.122E-01 6.337E-02 4.063E-02 3.891E-02 2.604E-02 1.809E-02 1.019E-02 9.752E-03
 4.529E-03 2.548E-03 1.631E-03 1.133E-03 8.321E-04 6.371E-04 5.034E-04 4.077E-04
 3.370E-04 2.832E-04 2.413E-04 2.080E-04 1.812E-04 1.593E-04 1.259E-04 1.019E-04
 8.425E-05 7.079E-05 6.032E-05 5.201E-05 4.531E-05 2.549E-05 1.631E-05 1.133E-05
 6.371E-06 4.077E-06 1.812E-06 1.019E-06 4.530E-07 2.548E-07 1.631E-07 1.133E-07
 6.371E-08 4.077E-08 1.812E-08 1.019E-08 4.530E-09 2.548E-09 1.631E-09 1.133E-09
 6.371E-10 4.077E-10 1.812E-10 1.019E-10 4.530E-11 2.548E-11 1.631E-11 1.133E-11
 6.371E-12 4.077E-12
 8.139E-01 1.419E+00 1.970E+00 2.973E+00 3.906E+00 4.760E+00 5.533E+00 6.306E+00
 6.306E+00 6.858E+00 7.921E+00 9.708E+00 1.078E+01 1.193E+01 1.241E+01 1.257E+01
 1.257E+01 1.235E+01 1.202E+01 1.113E+01 1.033E+01 9.077E+00 8.170E+00 7.479E+00
 6.929E+00 6.097E+00 5.486E+00 5.428E+00 4.908E+00 4.462E+00 3.809E+00 3.762E+00
 2.997E+00 2.501E+00 2.160E+00 1.909E+00 1.716E+00 1.562E+00 1.435E+00 1.330E+00
 1.240E+00 1.163E+00 1.096E+00 1.037E+00 9.844E-01 9.374E-01 8.568E-01 7.901E-01
 7.339E-01 6.858E-01 6.440E-01 6.075E-01 5.752E-01 4.571E-01 3.815E-01 3.287E-01
 2.593E-01 2.152E-01 1.532E-01 1.202E-01 8.516E-02 6.670E-02 5.521E-02 4.727E-02
 3.692E-02 3.037E-02 2.121E-02 1.642E-02 1.142E-02 8.811E-03 7.204E-03 6.109E-03
 4.707E-03 3.843E-03 2.656E-03 2.042E-03 1.408E-03 1.081E-03 8.803E-04 7.442E-04
 5.706E-04 4.642E-04
 8.421E+05 3.149E+05 1.505E+05 5.140E+04 2.354E+04 1.274E+04 7.671E+03 4.765E+03
 3.764E+04 2.819E+04 1.571E+04 5.215E+03 2.323E+03 7.199E+02 3.075E+02 1.574E+02
 9.066E+01 3.765E+01 1.896E+01 5.435E+00 2.256E+00 6.738E-01 2.976E-01 1.634E-01
 1.029E-01 5.240E-02 3.259E-02 3.093E-02 2.092E-02 1.509E-02 9.306E-03 8.988E-03
 5.052E-03 3.403E-03 2.547E-03 2.029E-03 1.683E-03 1.436E-03 1.252E-03 1.109E-03
 9.948E-04 9.019E-04 8.248E-04 7.597E-04 7.041E-04 6.560E-04 5.771E-04 5.151E-04
 4.651E-04 4.239E-04 3.894E-04 3.600E-04 3.348E-04 2.479E-04 1.968E-04 1.631E-04
 1.216E-04 9.687E-05 6.424E-05 4.805E-05 3.195E-05 2.393E-05 1.913E-05 1.593E-05
 1.194E-05 9.549E-06 6.363E-06 4.771E-06 3.180E-06 2.384E-06 1.907E-06 1.589E-06
 1.192E-06 9.536E-07 6.357E-07 4.767E-07 3.178E-07 2.384E-07 1.907E-07 1.589E-07
 1.192E-07 9.534E-08
 0.000E+00 0.000E+00 0.000E+00 0.000E+00 0.000E+00 0.000E+00 0.000E+00 0.000E+00
 0.000E+00 0.000E+00 0.000E+00 0.000E+00 0.000E+00 0.000E+00 0.000E+00 0.000E+00
 0.000E+00 0.000E+00 0.000E+00 0.000E+00 0.000E+00 0.000E+00 0.000E+00 0.000E+00
 0.000E+00 0.000E+00 0.000E+00 0.000E+00 6.520E-03 3.320E-02 1.265E-01 1.361E-01
 3.506E-01 5.600E-01 7.449E-01 9.097E-01 1.056E+00 1.188E+00 1.307E+00 1.415E+00
 1.513E+00 1.603E+00 1.685E+00 1.763E+00 1.835E+00 1.903E+00 2.027E+00 2.138E+00
 2.239E+00 2.330E+00 2.414E+00 2.490E+00 2.561E+00 2.848E+00 3.063E+00 3.231E+00
 3.483E+00 3.663E+00 3.953E+00 4.128E+00 4.332E+00 4.451E+00 4.529E+00 4.585E+00
 4.660E+00 4.708E+00 4.779E+00 4.817E+00 4.859E+00 4.881E+00 4.896E+00 4.905E+00
 4.918E+00 4.926E+00 4.938E+00 4.944E+00 4.950E+00 4.953E+00 4.956E+00 4.957E+00
 4.959E+00 4.960E+00
 0.000E+00 0.000E+00 0.000E+00 0.000E+00 0.000E+00 0.000E+00 0.000E+00 0.000E+00
 0.000E+00 0.000E+00 0.000E+00 0.000E+00 0.000E+00 0.000E+00 0.000E+00 0.000E+00
 0.000E+00 0.000E+00 0.000E+00 0.000E+00 0.000E+00 0.000E+00 0.000E+00 0.000E+00
 0.000E+00 0.000E+00 0.000E+00 0.000E+00 0.000E+00 0.000E+00 0.000E+00 0.000E+00
 1.049E-03 4.282E-03 8.530E-03 1.310E-02 1.765E-02 2.207E-02 2.630E-02 3.032E-02
 3.413E-02 3.773E-02 4.113E-02 4.437E-02 4.743E-02 5.035E-02 5.577E-02 6.072E-02
 6.525E-02 6.943E-02 7.330E-02 7.690E-02 8.026E-02 9.425E-02 1.050E-01 1.136E-01
 1.266E-01 1.362E-01 1.524E-01 1.626E-01 1.753E-01 1.830E-01 1.883E-01 1.922E-01
 1.976E-01 2.013E-01 2.067E-01 2.099E-01 2.133E-01 2.153E-01 2.165E-01 2.174E-01
 2.186E-01 2.193E-01 2.203E-01 2.209E-01 2.215E-01 2.218E-01 2.220E-01 2.222E-01
 2.223E-01 2.224E-01
     1
     8
  1.0000E-03  1.5000E-03  2.0000E-03  3.0000E-03  4.0000E-03  5.0000E-03
  6.0000E-03  7.1120E-03
  8.4210E+05  3.1490E+05  1.5050E+05  5.1400E+04  2.3540E+04  1.2740E+04
  7.6710E+03  4.7650E+03
