:runabs2_sun  from pixel 0 to 1240 from stripe 3 to 14
:I0 number of accum:  10
:Sample number of accum: 10
:Sample position : ref
:I0 position  : i0
:Integration time sample (ms) : 10
:Integration time I0 (ms) : 2
:file_descriptor : Cu
:background substraction YES
:background acquisition YES
:N 
: Fri Apr 11 17:01:37 2003
0 -0.892611
1 -0.891902
2 -0.890381
3 -0.890728
4 -0.890433
5 -0.890137
6 -0.890607
7 -0.886899
8 -0.889859
9 -0.889794
10 -0.889422
11 -0.889778
12 -0.889648
13 -0.889771
14 -0.889945
15 -0.89042
16 -0.890721 
17 -0.891073
18 -0.889676
19 -0.887948
20 -0.890193
21 -0.888359
22 -0.888672
23 -0.889801
24 -0.889544
25 -0.88784
26 -0.888789
27 -0.889309
28 -0.887339
29 -0.889244
30 -0.889406
31 -0.887951
32 -0.888579 
33 -0.886926
34 -0.8871
35 -0.886756
36 -0.88775
37 -0.886174
38 -0.884936
39 -0.886651
40 -0.886285
41 -0.885377
42 -0.885388
43 -0.884678
44 -0.884968
45 -0.884901
46 -0.884654
47 -0.882993
48 -0.88216 
49 -0.879969
50 -0.880435
51 -0.878814
52 -0.87876
53 -0.87897
54 -0.879127
55 -0.877874
56 -0.878154
57 -0.876522
58 -0.874496
59 -0.87478
60 -0.873539
61 -0.87258
62 -0.871323
63 -0.869441
64 -0.867435 
65 -0.866831
66 -0.867562
67 -0.86501
68 -0.863315
69 -0.862391
70 -0.860768
71 -0.857801
72 -0.85564
73 -0.857572
74 -0.857065
75 -0.852817
76 -0.850316
77 -0.847556
78 -0.845544
79 -0.843404
80 -0.83975 
81 -0.835593
82 -0.83209
83 -0.828563
84 -0.822927
85 -0.818278
86 -0.813565
87 -0.805337
88 -0.798226
89 -0.788582
90 -0.776148
91 -0.761703
92 -0.74489
93 -0.720814
94 -0.692528
95 -0.6535
96 -0.602437 
97 -0.538597
98 -0.46084
99 -0.376358
100 -0.291818
101 -0.20995
102 -0.145336
103 -0.0982709
104 -0.0648404
105 -0.0437529
106 -0.0318571
107 -0.0286322
108 -0.0295456
109 -0.0358084
110 -0.0439515
111 -0.0470877
112 -0.0514579
113 -0.0504632
114 -0.0423856
115 -0.0301088
116 -0.0138946
117 0.00670016
118 0.0277716
119 0.0488463
120 0.0684226
121 0.0859622
122 0.108888
123 0.128571
124 0.148364
125 0.167782 
126 0.190704
127 0.219967
128 0.247672
129 0.278186
130 0.309939
131 0.343902
132 0.381349
133 0.428669
134 0.463262
135 0.504407
136 0.549416
137 0.594666
138 0.638781
139 0.681869
140 0.723819
141 0.76485 
142 0.801793
143 0.836908
144 0.868667
145 0.891969
146 0.916479
147 0.936551
148 0.950414
149 0.956716
150 0.957178
151 0.954084
152 0.948262
153 0.939759
154 0.925448
155 0.910526
156 0.896054
157 0.885605 
158 0.869202
159 0.853247
160 0.841686
161 0.8309
162 0.82333
163 0.813781
164 0.80761
165 0.805934
166 0.804401
167 0.805909
168 0.811979
169 0.819742
170 0.831484
171 0.846183
172 0.861722
173 0.881415 
174 0.901629
175 0.921091
176 0.941397
177 0.958697
178 0.977135
179 0.990251
180 0.99978
181 1.00595
182 1.00837
183 1.00438
184 0.998458
185 0.988621
186 0.975378
187 0.962618
188 0.948037
189 0.933335 
190 0.9182
191 0.903142
192 0.889107
193 0.87622
194 0.865546
195 0.853963
196 0.846216
197 0.837037
198 0.829214
199 0.818313
200 0.808982
201 0.800076
202 0.789504
203 0.781321
204 0.773683
205 0.765679 
206 0.758857
207 0.754305
208 0.750178
209 0.747395
210 0.744786
211 0.744389
212 0.744203
213 0.744872
214 0.746397
215 0.747868
216 0.749418
217 0.752377
218 0.754715
219 0.757384
220 0.763126
221 0.767879 
222 0.770583
223 0.775502
224 0.781933
225 0.787708
226 0.794126
227 0.799936
228 0.806327
229 0.813011
230 0.823553
231 0.830383
232 0.83858
233 0.845047
234 0.854713
235 0.866274
236 0.87543
237 0.883069 
238 0.89351
239 0.9032
240 0.909925
241 0.917135
242 0.925116
243 0.932831
244 0.940906
245 0.950195
246 0.957129
247 0.963658
248 0.970373
249 0.978707
250 0.984795
251 0.991571
252 0.998702
253 1.00509 
254 1.01021
255 1.01568
256 1.02119
257 1.02586
258 1.02789
259 1.0297
260 1.02813
261 1.02877
262 1.02645
263 1.02506
264 1.01983
265 1.01368
266 1.01056
267 1.00473
268 0.999046
269 0.990255
270 0.986023 
271 0.976878
272 0.969071
273 0.95967
274 0.946897
275 0.936348
276 0.931765
277 0.92227
278 0.913026
279 0.905474
280 0.897592
281 0.890937
282 0.883024
283 0.875847
284 0.870125
285 0.865889
286 0.858995 
287 0.854225
288 0.849116
289 0.844208
290 0.841342
291 0.838772
292 0.835897
293 0.830213
294 0.829917
295 0.827797
296 0.8251
297 0.82357
298 0.823083
299 0.822967
300 0.824083
301 0.823934
302 0.823524 
303 0.826309
304 0.829381
305 0.830582
306 0.831933
307 0.833843
308 0.830642
309 0.834343
310 0.839527
311 0.840161
312 0.844968
313 0.844688
314 0.847136
315 0.849961
316 0.850759
317 0.851226
318 0.852686 
319 0.851848
320 0.854507
321 0.8532
322 0.851101
323 0.850995
324 0.852839
325 0.850109
326 0.847511
327 0.848547
328 0.848565
329 0.846607
330 0.846677
331 0.847633
332 0.846464
333 0.846815
334 0.84963 
335 0.849723
336 0.852113
337 0.853658
338 0.856894
339 0.858251
340 0.859754
341 0.863758
342 0.866173
343 0.869277
344 0.872471
345 0.874779
346 0.873523
347 0.876043
348 0.885077
349 0.880025
350 0.882837 
351 0.883276
352 0.885959
353 0.885716
354 0.885537
355 0.88523
356 0.887906
357 0.885711
358 0.886459
359 0.885998
360 0.887852
361 0.889279
362 0.887427
363 0.890722
364 0.892524
365 0.892162
366 0.894297 
367 0.897638
368 0.898312
369 0.899517
370 0.90418
371 0.906472
372 0.91003
373 0.91257
374 0.916184
375 0.92048
376 0.924594
377 0.926745
378 0.930824
379 0.932606
380 0.934948
381 0.938628
382 0.940408 
383 0.942077
384 0.94606
385 0.947775
386 0.94705
387 0.953568
388 0.956829
389 0.952797
390 0.95373
391 0.957338
392 0.961141
393 0.962729
394 0.965179
395 0.96624
396 0.969544
397 0.96869
398 0.970998 
399 0.973973
400 0.97485
401 0.97951
402 0.983133
403 0.983473
404 0.984785
405 0.990498
406 0.990918
407 0.994642
408 0.997121
409 1.0016
410 1.00364
411 1.00407
412 1.00676
413 1.01764
414 1.01708
415 1.0187
416 1.0213
417 1.02108
418 1.02203
419 1.02443
420 1.02587
421 1.02518
422 1.02366
423 1.02409
424 1.02346
425 1.02439
426 1.02101
427 1.02116
428 1.01855
429 1.01613
430 1.01231
431 1.00969
432 1.01023
433 1.00465
434 0.997621
435 0.993164
436 0.994438
437 0.987633
438 0.983155
439 0.976658
440 0.970856
441 0.966136
442 0.961573
443 0.956902
444 0.948652
445 0.945683
446 0.939954
447 0.936682 
448 0.929921
449 0.926786
450 0.918482
451 0.913981
452 0.911726
453 0.907245
454 0.907247
455 0.900298
456 0.895219
457 0.89239
458 0.891981
459 0.886747
460 0.884862
461 0.877988
462 0.876771
463 0.872239 
464 0.869703
465 0.869299
466 0.866111
467 0.859438
468 0.857481
469 0.856783
470 0.856062
471 0.853578
472 0.850195
473 0.850602
474 0.85011
475 0.849898
476 0.848339
477 0.847821
478 0.845893
479 0.846101 
480 0.842854
481 0.835495
482 0.836365
483 0.837308
484 0.834962
485 0.833348
486 0.830018
487 0.825699
488 0.822954
489 0.820154
490 0.818016
491 0.814219
492 0.809164
493 0.804961
494 0.801779
495 0.798676 
496 0.795108
497 0.78924
498 0.78794
499 0.782625
500 0.780113
501 0.774212
502 0.771257
503 0.768744
504 0.765549
505 0.763722
506 0.762235
507 0.761121
508 0.760407
509 0.757938
510 0.75508
511 0.755196 
512 0.756524
513 0.755614
514 0.755608
515 0.754747
516 0.7562
517 0.758832
518 0.76062
519 0.762079
520 0.76376
521 0.765342
522 0.769265
523 0.771013
524 0.771866
525 0.77645
526 0.779135
527 0.783957 
528 0.787459
529 0.784827
530 0.789343
531 0.796041
532 0.799847
533 0.805208
534 0.810793
535 0.807694
536 0.814945
537 0.81624
538 0.820746
539 0.82458
540 0.824346
541 0.830373
542 0.83091
543 0.833459 
544 0.839522
545 0.842027
546 0.84509
547 0.846742
548 0.850921
549 0.853939
550 0.85797
551 0.859791
552 0.860358
553 0.862706
554 0.864743
555 0.867301
556 0.872005
557 0.871614
558 0.873487
559 0.871302 
560 0.871825
561 0.874435
562 0.875233
563 0.874819
564 0.876213
565 0.876376
566 0.878425
567 0.878331
568 0.877288
569 0.877651
570 0.876719
571 0.876232
572 0.876285
573 0.876118
574 0.876677
575 0.876056 
576 0.875519
577 0.874688
578 0.875232
579 0.87468
580 0.877776
581 0.878244
582 0.879542
583 0.879681
584 0.878264
585 0.881122
586 0.88291
587 0.881137
588 0.885275
589 0.886539
590 0.890545
591 0.892754 
592 0.895045
593 0.898598
594 0.902781
595 0.905368
596 0.909826
597 0.913655
598 0.917633
599 0.924115
600 0.929516
601 0.93568
602 0.939639
603 0.942966
604 0.948889
605 0.953429
606 0.96141
607 0.966506 
608 0.972422
609 0.977039
610 0.980985
611 0.986176
612 0.992876
613 0.995911
614 0.999417
615 1.00258
616 1.0046
617 1.00953
618 1.01113
619 1.01364
620 1.0144
621 1.01553
622 1.01781
623 1.0226
624 1.0213
625 1.02195
626 1.0195
627 1.02007
628 1.02245
629 1.02195
630 1.02148
631 1.0195
632 1.01708
633 1.01595
634 1.01311
635 1.01265
636 1.01251
637 1.01096
638 1.00946
639 1.00808
640 1.00484
641 1.00367
642 1.00197
643 1.00084
644 0.997246
645 0.995449
646 0.99545
647 0.991818
648 0.990739
649 0.987198
650 0.98388
651 0.978883
652 0.976888
653 0.977364
654 0.971171
655 0.96719
656 0.967005
657 0.963186
658 0.95795
659 0.955267
660 0.950238
661 0.947344
662 0.943796
663 0.939211
664 0.933213
665 0.929349
666 0.924636
667 0.921646
668 0.914891
669 0.914809
670 0.912765
671 0.89972
672 0.899891 
673 0.893004
674 0.889399
675 0.883305
676 0.878095
677 0.873416
678 0.867169
679 0.862651
680 0.855929
681 0.850899
682 0.846476
683 0.840905
684 0.834754
685 0.830492
686 0.824736
687 0.820392
688 0.814216 
689 0.809501
690 0.803627
691 0.800534
692 0.794001
693 0.791149
694 0.782019
695 0.778343
696 0.774562
697 0.769286
698 0.764258
699 0.759276
700 0.754353
701 0.749431
702 0.744528
703 0.741634
704 0.736345 
705 0.731062
706 0.727671
707 0.724243
708 0.718433
709 0.714859
710 0.714695
711 0.712596
712 0.70816
713 0.707275
714 0.70264
715 0.701216
716 0.701986
717 0.7022
718 0.699637
719 0.701874
720 0.702078 
721 0.70182
722 0.702198
723 0.704566
724 0.705365
725 0.706497
726 0.709233
727 0.710563
728 0.712189
729 0.715533
730 0.717211
731 0.720968
732 0.725934
733 0.72942
734 0.731919
735 0.735373
736 0.739327 
737 0.743382
738 0.74732
739 0.752396
740 0.755602
741 0.761907
742 0.766023
743 0.770441
744 0.774598
745 0.778498
746 0.782136
747 0.786891
748 0.792372
749 0.798024
750 0.800963
751 0.806462
752 0.809671 
753 0.811968
754 0.814604
755 0.817564
756 0.823646
757 0.827479
758 0.832122
759 0.831108
760 0.832833
761 0.8344
762 0.837329
763 0.842077
764 0.842589
765 0.845748
766 0.845742
767 0.84866
768 0.848834 
769 0.851078
770 0.850866
771 0.850302
772 0.852797
773 0.852274
774 0.852734
775 0.852928
776 0.855412
777 0.856914
778 0.857542
779 0.855934
780 0.855784
781 0.855083
782 0.853549
783 0.851591
784 0.850849 
785 0.853848
786 0.854915
787 0.853115
788 0.847913
789 0.848336
790 0.851697
791 0.850061
792 0.84767
793 0.847157
794 0.846365
795 0.846348
796 0.844425
797 0.848135
798 0.844344
799 0.840372
800 0.837508 
801 0.846822
802 0.844841
803 0.841175
804 0.842218
805 0.841964
806 0.839849
807 0.842199
808 0.839802
809 0.840878
810 0.841677
811 0.840623
812 0.837319
813 0.838
814 0.838897
815 0.83712
816 0.840135 
817 0.838
818 0.836028
819 0.837566
820 0.83402
821 0.834198
822 0.83839
823 0.837731
824 0.838291
825 0.838584
826 0.836393
827 0.834455
828 0.832577
829 0.831458
830 0.830686
831 0.83347
832 0.833303 
833 0.83174
834 0.829534
835 0.828583
836 0.830053
837 0.827215
838 0.826035
839 0.824683
840 0.826209
841 0.824315
842 0.824497
843 0.819606
844 0.816404
845 0.819314
846 0.827653
847 0.825701
848 0.822273 
849 0.821781
850 0.819714
851 0.822624
852 0.821423
853 0.825192
854 0.829207
855 0.829571
856 0.832272
857 0.834436
858 0.836227
859 0.838362
860 0.838715
861 0.840975
862 0.841468
863 0.848497
864 0.849224 
865 0.852182
866 0.855628
867 0.85691
868 0.861056
869 0.864153
870 0.864914
871 0.870872
872 0.872424
873 0.875392
874 0.877011
875 0.880319
876 0.883374
877 0.884939
878 0.886336
879 0.886355
880 0.889515 
881 0.889161
882 0.891018
883 0.890491
884 0.892598
885 0.892505
886 0.894738
887 0.895616
888 0.894491
889 0.89549
890 0.895234
891 0.894494
892 0.89522
893 0.895342
894 0.894371
895 0.895949
896 0.89477 
897 0.894214
898 0.893629
899 0.892152
900 0.891759
901 0.891792
902 0.889927
903 0.889345
904 0.889252
905 0.886479
906 0.891677
907 0.890411
908 0.889012
909 0.887601
910 0.885175
911 0.885332
912 0.883514 
913 0.882796
914 0.881588
915 0.881274
916 0.878951
917 0.878115
918 0.875239
919 0.873693
920 0.871463
921 0.869594
922 0.868166
923 0.865323
924 0.863236
925 0.862787
926 0.860649
927 0.856791
928 0.856961 
929 0.853803
930 0.852077
931 0.847447
932 0.84383
933 0.844461
934 0.842426
935 0.838188
936 0.835308
937 0.832434
938 0.827953
939 0.824671
940 0.823107
941 0.820486
942 0.816779
943 0.814705
944 0.810398 
945 0.808475
946 0.804818
947 0.803578
948 0.798842
949 0.796962
950 0.794513
951 0.790591
952 0.788953
953 0.785837
954 0.784492
955 0.778669
956 0.780638
957 0.778338
958 0.77222
959 0.771022
960 0.767491 
961 0.763798
962 0.761922
963 0.762673
964 0.758679
965 0.754996
966 0.754411
967 0.751771
968 0.751645
969 0.748842
970 0.745449
971 0.743224
972 0.743748
973 0.742278
974 0.740544
975 0.739011
976 0.739831 
977 0.738654
978 0.73533
979 0.73483
980 0.73415
981 0.735808
982 0.733284
983 0.732701
984 0.732566
985 0.733962
986 0.733505
987 0.730722
988 0.731768
989 0.731685
990 0.731447
991 0.730275
992 0.729723 
993 0.729371
994 0.731469
995 0.731403
996 0.732443
997 0.729264
998 0.730457
999 0.732942
1000 0.73569
1001 0.736665
1002 0.73373
1003 0.733035
1004 0.734072
1005 0.733206
1006 0.732788
1007 0.73365 
1008 0.734315
1009 0.734352
1010 0.735701
1011 0.736335
1012 0.735411
1013 0.736744
1014 0.737739
1015 0.738381
1016 0.73896
1017 0.739312
1018 0.741106
1019 0.742416
1020 0.741053
1021 0.74432
1022 0.744336 
1023 0.742578
1024 0.742301
1025 0.742879
1026 0.743149
1027 0.743748
1028 0.743257
1029 0.74267
1030 0.742981
1031 0.743539
1032 0.743662
1033 0.742303
1034 0.741459
1035 0.740303
1036 0.740506
1037 0.740076
1038 0.741553
1039 0.74168
1040 0.740436
1041 0.74111
1042 0.741565
1043 0.739685
1044 0.739528
1045 0.740047
1046 0.738736
1047 0.738882
1048 0.738361
1049 0.741
1050 0.742046
1051 0.742567
1052 0.742676
1053 0.743755
1054 0.743727
1055 0.742214
1056 0.743124
1057 0.742998
1058 0.744489
1059 0.744519
1060 0.745679
1061 0.744623
1062 0.744076
1063 0.745369
1064 0.74643
1065 0.74685
1066 0.747988 
1067 0.748582
1068 0.747689
1069 0.749087
1070 0.750713
1071 0.754745
1072 0.755551
1073 0.754726
1074 0.755111
1075 0.756793
1076 0.757547
1077 0.758752
1078 0.759475
1079 0.759253
1080 0.759974
1081 0.762201
1082 0.762629
1083 0.763129
1084 0.763415
1085 0.763742
1086 0.764405
1087 0.764146
1088 0.766947
1089 0.768043
1090 0.768944
1091 0.769129
1092 0.770206
1093 0.768151
1094 0.766412
1095 0.767673 
1096 0.767798
1097 0.770335
1098 0.771227
1099 0.771359
1100 0.773845
1101 0.774209
1102 0.77397
1103 0.773069
1104 0.772893
1105 0.772322
1106 0.7726
1107 0.771467
1108 0.771262
1109 0.772448
1110 0.772209 
1111 0.77174
1112 0.771346
1113 0.772644
1114 0.772574
1115 0.775063
1116 0.77562
1117 0.775919
1118 0.777344
1119 0.778301
1120 0.776828
1121 0.777055
1122 0.777121
1123 0.776042
1124 0.776759
1125 0.780835 
1126 0.780128
1127 0.779051
1128 0.778868
1129 0.777736
1130 0.778266
1131 0.780606
1132 0.780634
1133 0.78069
1134 0.78106
1135 0.781546
1136 0.781416
1137 0.779641
1138 0.78105
1139 0.780496
1140 0.779577 
1141 0.781764
1142 0.783149
1143 0.781619
1144 0.781826
1145 0.781745
1146 0.781929
1147 0.782991
1148 0.781621
1149 0.781861
1150 0.781306
1151 0.77916
1152 0.7812
1153 0.781646
1154 0.782567
1155 0.783298 
1156 0.783827
1157 0.780599
1158 0.78042
1159 0.780598
1160 0.782632
1161 0.781134
1162 0.778939
1163 0.775602
1164 0.781325
1165 0.783402
1166 0.785207
1167 0.785149
1168 0.783734
1169 0.781554
1170 0.781867
1171 0.782286
1172 0.782332
1173 0.784397
1174 0.783573
1175 0.784547
1176 0.785255
1177 0.782256
1178 0.777826
1179 0.779192
1180 0.780601
1181 0.778367
1182 0.778878
1183 0.777737
1184 0.775843 
1185 0.776039
1186 0.771381
1187 0.770743
1188 0.77317
1189 0.773356
1190 0.771747
1191 0.772273
1192 0.771887
1193 0.770293
1194 0.768745
1195 0.765535
1196 0.764102
1197 0.76412
1198 0.763115
1199 0.761576 
1200 0.761076
1201 0.760055
1202 0.760627
1203 0.759456
1204 0.757404
1205 0.755022
1206 0.753118
1207 0.751722
1208 0.749772
1209 0.750233
1210 0.749019
1211 0.747741
1212 0.748528
1213 0.747191
1214 0.745477
1215 0.743622
1216 0.743805
1217 0.743646
1218 0.742383
1219 0.740448
1220 0.738973
1221 0.737029
1222 0.735153
1223 0.732498
1224 0.731605
1225 0.731749
1226 0.730006
1227 0.729715
1228 0.727657 
1229 0.72721
1230 0.725781
1231 0.724739
1232 0.722829
1233 0.721907
1234 0.721473
1235 0.722996
1236 0.722476
1237 0.719541
1238 0.71508
1239 0.715881
1240 0.716302
