8.67901 0.00110623 
8.682 0.000855294 
8.68501 0.000918559 
8.68801 0.000831365 
8.691 0.000865741 
8.694 0.000678459 
8.697 0.000692171 
8.7 0.000639365 
8.703 0.000335942 
8.70601 0.000386291 
8.70901 0.00053383 
8.71201 0.000444545 
8.715 0.000222115 
8.71801 0.000303931 
8.721 0.000264399 
8.72401 0.000391883 
8.72701 8.28506E-05 
8.73001 0.000131271 
8.733 -0.000139159 
8.73601 3.24319E-05 
8.739 0.000158829 
8.74201 4.26875E-05 
8.74501 -2.56826E-05 
8.74801 -1.93891E-05 
8.751 -0.000199185 
8.75401 -4.03032E-05 
8.75701 -0.000329596 
8.76 -0.000487864 
8.76301 -0.00022222 
8.766 -0.000364693 
8.769 -0.000444563 
8.77201 -0.000250918 
8.775 -0.000440128 
8.77801 -0.000331858 
8.78101 -0.000290555 
8.784 -0.000438831 
8.78701 -0.000202305 
8.79001 -0.000363921 
8.79301 -0.000487005 
8.79601 -0.000420458 
8.799 -0.000429662 
8.802 -0.000328597 
8.805 -0.000512302 
8.80801 -0.000586352 
8.811 -0.000615541 
8.814 -0.000374212 
8.817 -0.000364658 
8.82001 -0.000268396 
8.823 -0.000677041 
8.826 -0.000591277 
8.829 -0.000484393 
8.832 -0.000509883 
8.835 -0.000390288 
8.83801 -0.000485287 
8.841 -0.000451768 
8.844 -0.000487846 
8.847 -0.000398843 
8.85001 -0.000305001 
8.85301 -0.000271061 
8.856 -0.000269343 
8.85901 -0.000351369 
8.86201 -0.000161195 
8.86501 -0.000201972 
8.868 -0.000306122 
8.87101 4.71402E-05 
8.87401 2.73129E-05 
8.87701 9.09671E-05 
8.88 -0.000197922 
8.88301 3.59556E-05 
8.886 6.08318E-05 
8.88901 0.000212403 
8.89201 0.000400158 
8.895 0.000263593 
8.898 0.000480238 
8.901 0.000524801 
8.90401 0.000698388 
8.907 0.000750947 
8.91001 0.000882147 
8.91301 0.0009914 
8.916 0.00131754 
8.91901 0.00124171 
8.922 0.00168544 
8.925 0.00173439 
8.92801 0.00211095 
8.931 0.00199942 
8.934 0.00237048 
8.93694 0.00252759 
8.93971 0.00345963 
8.94236 0.00411511 
8.94485 0.00424949 
8.94721 0.00481679 
8.94942 0.005128 
8.95148 0.00654018 
8.95341 0.00711465 
8.95518 0.00704012 
8.95682 0.00704765 
8.95831 0.00878876 
8.95965 0.00692029 
8.96086 0.00724306 
8.96192 0.00766676 
8.96284 0.00811053 
8.96361 0.00884976 
8.96424 0.00959406 
8.96472 0.009956 
8.96502 0.00972665 
8.96532 0.00984635 
8.96563 0.00981453 
8.96593 0.0101351 
8.96623 0.0100478 
8.96652 0.0104869 
8.96682 0.0107214 
8.96712 0.0108435 
8.96742 0.0113138 
8.96773 0.0111322 
8.96803 0.0115538 
8.96832 0.0118306 
8.96862 0.0123451 
8.96892 0.0122135 
8.96922 0.0128286 
8.96952 0.0131331 
8.96983 0.0136238 
8.97013 0.0138162 
8.97043 0.0145006 
8.97072 0.014778 
8.97102 0.0152534 
8.97132 0.0156552 
8.97162 0.0162981 
8.97192 0.016869 
8.97222 0.0173949 
8.97253 0.0180628 
8.97283 0.0187572 
8.97313 0.0195349 
8.97342 0.0201511 
8.97372 0.0209908 
8.97402 0.0222579 
8.97432 0.0232829 
8.97462 0.024193 
8.97492 0.0254621 
8.97522 0.0268692 
8.97553 0.0283629 
8.97583 0.0300988 
8.97613 0.0320112 
8.97643 0.0341091 
8.97672 0.0367159 
8.97702 0.0396848 
8.97732 0.0431025 
8.97762 0.0472557 
8.97792 0.0521346 
8.97822 0.0584763 
8.97852 0.06597 
8.97882 0.0761424 
8.97912 0.0893971 
8.97942 0.108226 
8.97972 0.135629 
8.98003 0.176834 
8.98033 0.234119 
8.98063 0.304462 
8.98093 0.37282 
8.98123 0.425565 
8.98153 0.460786 
8.98183 0.484156 
8.98213 0.498858 
8.98243 0.506814 
8.98273 0.50822 
8.98302 0.504812 
8.98333 0.49769 
8.98362 0.48804 
8.98392 0.479087 
8.98422 0.471208 
8.98452 0.467843 
8.98482 0.469116 
8.98512 0.475234 
8.98542 0.486059 
8.98572 0.500034 
8.98602 0.515365 
8.98632 0.529807 
8.98662 0.543096 
8.98693 0.554414 
8.98724 0.564881 
8.98756 0.577045 
8.98789 0.589259 
8.98823 0.6037 
8.98857 0.620459 
8.98891 0.639071 
8.98927 0.661335 
8.98963 0.686053 
8.99 0.713371 
8.99038 0.743941 
8.99076 0.777424 
8.99115 0.813447 
8.99154 0.850418 
8.99194 0.888371 
8.99236 0.925341 
8.99277 0.959665 
8.99319 0.993041 
8.99362 1.02132 
8.99406 1.04451 
8.99451 1.06108 
8.99496 1.06865 
8.99541 1.06539 
8.99588 1.05614 
8.99635 1.04329 
8.99683 1.0262 
8.99731 1.00866 
8.99781 0.991835 
8.9983 0.976865 
8.9988 0.965429 
8.99932 0.956988 
8.99984 0.953076 
9.00036 0.957541 
9.00089 0.967094 
9.00144 0.983541 
9.00198 1.00546 
9.00254 1.03264 
9.00309 1.05871 
9.00366 1.07664 
9.00423 1.08502 
9.00482 1.08068 
9.0054 1.06718 
9.00599 1.04944 
9.0066 1.02878 
9.00721 1.00924 
9.00782 0.993 
9.00844 0.980347 
9.00908 0.969159 
9.00971 0.955659 
9.01035 0.944476 
9.011 0.931918 
9.01165 0.923312 
9.01232 0.918676 
9.01299 0.918765 
9.01366 0.920659 
9.01435 0.922141 
9.01504 0.926876 
9.01574 0.931494 
9.01644 0.938706 
9.01715 0.946418 
9.01786 0.958659 
9.01859 0.969606 
9.01932 0.982359 
9.02006 0.995723 
9.0208 1.00971 
9.02156 1.02161 
9.02232 1.03331 
9.02308 1.0457 
9.02385 1.05778 
9.02463 1.06912 
9.02542 1.07856 
9.02621 1.08364 
9.02701 1.0863 
9.02782 1.0837 
9.02863 1.07645 
9.02945 1.06378 
9.03028 1.05012 
9.03111 1.03566 
9.03195 1.02049 
9.0328 1.00664 
9.03366 0.992476 
9.03452 0.981947 
9.03538 0.974047 
9.03625 0.969553 
9.03714 0.965588 
9.03803 0.964394 
9.03892 0.9651 
9.03982 0.967182 
9.04074 0.970741 
9.04165 0.975235 
9.04257 0.978959 
9.0435 0.981759 
9.04443 0.981706 
9.04539 0.981418 
9.04634 0.978129 
9.04729 0.9786 
9.04825 0.979465 
9.04922 0.982859 
9.0502 0.988865 
9.05118 0.993447 
9.05217 0.998141 
9.05317 1.00036 
9.05418 1.00066 
9.0552 1.00092 
9.05621 1.00164 
9.05724 1.00364 
9.05827 1.00891 
9.05931 1.01516 
9.06036 1.02275 
9.06141 1.02984 
9.06247 1.03484 
9.06353 1.03931 
9.06461 1.04375 
9.06569 1.0476 
9.06678 1.05174 
9.06787 1.05778 
9.06897 1.06334 
9.07008 1.07082 
9.07119 1.07736 
9.07231 1.08191 
9.07344 1.08498 
9.07458 1.08431 
9.07572 1.08044 
9.07687 1.07371 
9.07802 1.0631 
9.07918 1.05335 
9.08035 1.04129 
9.08153 1.03034 
9.08271 1.0205 
9.0839 1.01072 
9.08509 1.00222 
9.0863 0.994506 
9.08751 0.988406 
9.08873 0.9854 
9.08996 0.982447 
9.09119 0.978582 
9.09242 0.973429 
9.09367 0.965571 
9.09491 0.955953 
9.09617 0.946876 
9.09744 0.938388 
9.09871 0.933512 
9.09999 0.931088 
9.10127 0.933076 
9.10256 0.9363 
9.10387 0.943935 
9.10517 0.951112 
9.10648 0.960659 
9.10781 0.971188 
9.10913 0.979082 
9.11046 0.987188 
9.11181 0.993282 
9.11315 0.998671 
9.1145 1.00158 
9.11587 1.00309 
9.11723 1.00394 
9.11861 1.00276 
9.11999 1.00316 
9.12138 1.00539 
9.12277 1.01037 
9.12418 1.01852 
9.12559 1.03068 
9.127 1.04534 
9.12843 1.06024 
9.12986 1.07274 
9.13129 1.08294 
9.13273 1.0882 
9.13418 1.08794 
9.13564 1.08579 
9.13711 1.08195 
9.13858 1.07748 
9.14005 1.07139 
9.14153 1.06318 
9.14302 1.05458 
9.14453 1.04372 
9.14603 1.03005 
9.14754 1.01608 
9.14906 1.00184 
9.15058 0.985888 
9.15211 0.970706 
9.15366 0.954853 
9.1552 0.939482 
9.15675 0.926282 
9.15831 0.916506 
9.15987 0.910629 
9.16145 0.908953 
9.16303 0.912018 
9.16462 0.919635 
9.16621 0.930753 
9.16781 0.943365 
9.16942 0.955776 
9.17103 0.969276 
9.17266 0.979335 
9.17428 0.987341 
9.17591 0.991959 
9.17755 0.995271 
9.1792 0.996247 
9.18086 0.995288 
9.18252 0.993471 
9.18419 0.990606 
9.18586 0.990482 
9.18755 0.988165 
9.18924 0.987947 
9.19093 0.987735 
9.19264 0.986582 
9.19434 0.983829 
9.19606 0.982047 
9.19779 0.981835 
9.19952 0.980929 
9.20125 0.985182 
9.203 0.990318 
9.20475 0.999688 
9.20651 1.00886 
9.20827 1.01656 
9.21004 1.02163 
9.21183 1.02347 
9.21361 1.02384 
9.2154 1.02266 
9.2172 1.021 
9.219 1.0172 
9.22082 1.01281 
9.22264 1.006 
9.22446 0.997318 
9.22629 0.988176 
9.22814 0.979088 
9.22998 0.970512 
9.23184 0.961141 
9.23369 0.952476 
9.23556 0.945118 
9.23744 0.940371 
9.23932 0.9361 
9.2412 0.934994 
9.2431 0.935318 
9.24501 0.936129 
9.24691 0.937241 
9.24883 0.939782 
9.25075 0.939918 
9.25268 0.939982 
9.25461 0.940147 
9.25655 0.942335 
9.2585 0.943276 
9.26046 0.944224 
9.26242 0.946247 
9.2644 0.947923 
9.26637 0.950471 
9.26836 0.952371 
9.27035 0.956265 
9.27235 0.957906 
9.27435 0.959512 
9.27636 0.961006 
9.27838 0.962871 
9.2804 0.963641 
9.28244 0.964512 
9.28447 0.966071 
9.28652 0.967159 
9.28856 0.968147 
9.29063 0.968859 
9.29269 0.969871 
9.29476 0.970112 
9.29684 0.970824 
9.29893 0.970206 
9.30103 0.969376 
9.30312 0.967471 
9.30523 0.965812 
9.30734 0.961612 
9.30946 0.957476 
9.31159 0.954841 
9.31372 0.950559 
9.31586 0.946259 
9.31802 0.942865 
9.32017 0.940712 
9.32233 0.938671 
9.3245 0.937506 
9.32668 0.9369 
9.32886 0.935671 
9.33105 0.9355 
9.33325 0.934576 
9.33545 0.931682 
9.33765 0.929788 
9.33987 0.926929 
9.34209 0.923076 
9.34432 0.921341 
9.34656 0.920871 
9.34881 0.920771 
9.35105 0.921218 
9.35331 0.921765 
9.35558 0.922653 
9.35785 0.922624 
9.36013 0.923094 
9.36241 0.924129 
9.36471 0.924441 
9.367 0.924806 
9.36931 0.926353 
9.37162 0.927041 
9.37394 0.927806 
9.37626 0.928165 
9.37859 0.929459 
9.38093 0.929888 
9.38328 0.930747 
9.38563 0.931194 
9.388 0.931788 
9.39036 0.931688 
9.39274 0.931506 
9.39512 0.931406 
9.39751 0.931076 
9.3999 0.931135 
9.4023 0.929994 
9.4047 0.928529 
9.40712 0.926471 
9.40955 0.925706 
9.41198 0.923588 
9.41441 0.920665 
9.41685 0.918306 
9.4193 0.916594 
9.42176 0.914265 
9.42421 0.914371 
9.42669 0.913065 
9.42916 0.913318 
9.43164 0.912553 
9.43414 0.911671 
9.43663 0.911412 
9.43914 0.911023 
9.44165 0.909871 
9.44417 0.908324 
9.44669 0.907935 
9.44922 0.906194 
9.45176 0.904482 
9.45431 0.902629 
9.45685 0.902641 
9.45942 0.901276 
9.46198 0.900724 
9.46455 0.900324 
9.46713 0.8995 
9.46972 0.899853 
9.47232 0.898924 
9.47491 0.897971 
9.47752 0.898647 
9.48013 0.897829 
9.48275 0.898059 
9.48538 0.898847 
9.48801 0.8986 
9.49065 0.898965 
9.4933 0.899665 
9.49595 0.900029 
9.49861 0.900318 
9.50128 0.900994 
9.50395 0.900923 
9.50664 0.901694 
9.50933 0.901112 
9.51202 0.901212 
9.51472 0.900788 
9.51744 0.9003 
9.52015 0.898924 
9.52287 0.897094 
9.5256 0.895582 
9.52834 0.894765 
9.53109 0.893412 
9.53383 0.891582 
9.5366 0.890335 
9.53935 0.8899 
9.54212 0.889123 
9.54491 0.887535 
9.54769 0.887518 
9.55048 0.887329 
9.55328 0.886435 
9.55608 0.886353 
9.55889 0.884571 
9.56172 0.884912 
9.56453 0.883688 
9.56737 0.883765 
9.5702 0.883294 
9.57306 0.882306 
9.5759 0.881794 
9.57876 0.881129 
9.58163 0.879841 
9.58451 0.879941 
9.58739 0.878947 
9.59028 0.878088 
9.59317 0.877976 
9.59607 0.877741 
9.59898 0.876953 
9.60189 0.876982 
9.60481 0.876671 
9.60774 0.876806 
9.61067 0.8762 
9.61362 0.8756 
9.61657 0.876424 
9.61952 0.8753 
9.62248 0.875341 
9.62545 0.875088 
9.62843 0.875482 
9.63142 0.874929 
9.6344 0.874924 
9.63739 0.874335 
9.6404 0.873676 
9.64341 0.873576 
9.64642 0.8733 
9.64945 0.872329 
9.65249 0.871412 
9.65552 0.871329 
9.65857 0.870141 
9.66161 0.870224 
9.66467 0.869835 
9.66774 0.869153 
9.67082 0.868282 
9.67389 0.867759 
9.67698 0.867059 
9.68007 0.866741 
9.68317 0.866412 
9.68628 0.865418 
9.68939 0.864694 
9.69251 0.864223 
9.69563 0.863506 
9.69877 0.863494 
9.70191 0.862712 
9.70506 0.862365 
9.70821 0.861682 
9.71137 0.861206 
9.71454 0.860612 
9.71771 0.860494 
9.72089 0.859288 
9.72408 0.859076 
9.72727 0.859047 
9.73048 0.858259 
9.73368 0.857653 
9.7369 0.857718 
9.74012 0.857382 
9.74336 0.857076 
9.7466 0.856594 
9.74984 0.856723 
9.75309 0.855729 
9.75634 0.855624 
9.7596 0.855376 
9.76287 0.855271 
9.76615 0.854618 
9.76944 0.854823 
9.77273 0.8546 
9.77602 0.854094 
9.77933 0.853341 
9.78265 0.853171 
9.78596 0.8528 
9.78928 0.852529 
9.79262 0.852165 
9.79595 0.851712 
9.7993 0.851841 
9.80265 0.850971 
9.80601 0.8504 
9.80937 0.849988 
9.81275 0.849853 
9.81613 0.849871 
9.81952 0.8489 
9.82291 0.8478 
9.82631 0.847912 
9.82971 0.847765 
9.83313 0.8473 
9.83656 0.846882 
9.83998 0.846176 
9.84341 0.845765 
9.84686 0.8456 
9.85031 0.845188 
9.85376 0.844312 
9.85722 0.843735 
9.86069 0.843282 
9.86417 0.843165 
9.86765 0.842729 
9.87114 0.842553 
9.87464 0.8424 
9.87813 0.842012 
9.88164 0.841494 
9.88517 0.840888 
9.88869 0.840694 
9.89222 0.840447 
9.89575 0.839971 
9.8993 0.839994 
9.90285 0.839565 
9.90641 0.839429 
9.90997 0.839071 
9.91354 0.839147 
9.91713 0.838582 
9.92071 0.838318 
9.9243 0.837653 
9.9279 0.837194 
9.93151 0.837147 
9.93512 0.836665 
9.93874 0.8367 
9.94237 0.836223 
9.94599 0.835541 
9.94964 0.835929 
9.95328 0.835523 
9.95693 0.835147 
9.9606 0.834782 
9.96426 0.834435 
9.96793 0.834418 
9.97162 0.833653 
9.97531 0.833382 
9.979 0.833341 
9.9827 0.831859 
9.98641 0.831953 
9.99013 0.832394 
9.99385 0.831618 
9.99758 0.831035 
10.0013 0.830665 
10.0051 0.830765 
10.0088 0.830788 
10.0126 0.830112 
10.0163 0.830012 
10.0201 0.829782 
10.0239 0.829971 
10.0277 0.8292 
10.0315 0.828788 
10.0352 0.828388 
10.039 0.828935 
10.0429 0.827971 
10.0467 0.827841 
10.0505 0.827671 
10.0543 0.827459 
10.0582 0.827129 
10.062 0.827529 
10.0659 0.827141 
10.0697 0.826888 
10.0736 0.826335 
10.0775 0.825818 
10.0813 0.8256 
10.0852 0.825071 
10.0891 0.825335 
10.093 0.824823 
10.0969 0.824729 
10.1009 0.824759 
10.1048 0.824971 
10.1087 0.824606 
10.1126 0.823853 
10.1166 0.824376 
10.1205 0.824318 
10.1245 0.823918 
10.1284 0.823294 
10.1324 0.823282 
10.1364 0.823206 
10.1404 0.822641 
10.1443 0.822682 
10.1483 0.822394 
10.1523 0.822365 
10.1564 0.822412 
10.1604 0.821476 
10.1644 0.821988 
10.1684 0.821747 
10.1725 0.821629 
10.1765 0.821682 
10.1806 0.821441 
