:runabs2_sun  from pixel 0 to 1240 from stripe 3 to 14
:I0 number of accum:  10
:Sample number of accum: 10
:Sample position : cell
:I0 position  : i0
:Integration time sample (ms) : 150
:Integration time I0 (ms) : 2
:file_descriptor : CuS
:background substraction YES
:background acquisition YES
:N 
: Fri Apr 11 15:32:12 2003
0 -0.670146
1 -0.665195
2 -0.672912
3 -0.674269
4 -0.651913
5 -0.67055
6 -0.681001
7 -0.672159
8 -0.652681
9 -0.678629
10 -0.675303
11 -0.678212
12 -0.672237
13 -0.675568
14 -0.670713
15 -0.67347
16 -0.677957 
17 -0.680532
18 -0.682165
19 -0.669644
20 -0.660978
21 -0.678434
22 -0.675883
23 -0.674538
24 -0.679061
25 -0.67179
26 -0.677781
27 -0.684558
28 -0.674678
29 -0.678016
30 -0.676676
31 -0.674835
32 -0.672912 
33 -0.677466
34 -0.665915
35 -0.673473
36 -0.67702
37 -0.674769
38 -0.670114
39 -0.674072
40 -0.673535
41 -0.66861
42 -0.670601
43 -0.67072
44 -0.675743
45 -0.676292
46 -0.676674
47 -0.67025
48 -0.669231 
49 -0.665722
50 -0.660046
51 -0.667315
52 -0.66841
53 -0.664266
54 -0.666753
55 -0.671845
56 -0.670789
57 -0.666131
58 -0.666518
59 -0.649713
60 -0.656409
61 -0.661945
62 -0.665062
63 -0.65682
64 -0.655935 
65 -0.652194
66 -0.654893
67 -0.663981
68 -0.649698
69 -0.640178
70 -0.634383
71 -0.644478
72 -0.635497
73 -0.626236
74 -0.647483
75 -0.651306
76 -0.64596
77 -0.635629
78 -0.629885
79 -0.627004
80 -0.620941 
81 -0.618037
82 -0.619657
83 -0.611074
84 -0.606922
85 -0.597201
86 -0.586906
87 -0.585971
88 -0.578188
89 -0.565025
90 -0.55573
91 -0.540674
92 -0.52148
93 -0.49562
94 -0.470345
95 -0.441136
96 -0.41528 
97 -0.390792
98 -0.356008
99 -0.32235
100 -0.283453
101 -0.258761
102 -0.199221
103 -0.130091
104 -0.0593414
105 0.0191893
106 0.112387
107 0.198252
108 0.297192
109 0.402151
110 0.499395
111 0.597776 
112 0.687387
113 0.782374
114 0.867947
115 0.955259
116 1.03971
117 1.12357
118 1.20494
119 1.28482
120 1.36375
121 1.43489
122 1.4659
123 1.50114
124 1.54091
125 1.57141
126 1.57561
127 1.55887
128 1.5739 
129 1.5799
130 1.58345
131 1.59651
132 1.5976
133 1.61747
134 1.6302
135 1.65004
136 1.67807
137 1.70016
138 1.72122
139 1.74233
140 1.74962
141 1.76408
142 1.7871
143 1.80055
144 1.80781
145 1.82484 
146 1.81328
147 1.84717
148 1.85675
149 1.88371
150 1.89608
151 1.91616
152 1.93266
153 1.94877
154 1.96669
155 1.96712
156 1.96739
157 1.98882
158 2.0083
159 2.01898
160 1.98447
161 2.01693
162 2.03043 
163 2.0495
164 2.05843
165 2.06601
166 2.07103
167 2.07942
168 2.08539
169 2.09771
170 2.10151
171 2.11961
172 2.13348
173 2.13453
174 2.13745
175 2.14451
176 2.14858
177 2.14217
178 2.1457
179 2.15206 
180 2.1487
181 2.14957
182 2.16226
183 2.17005
184 2.17893
185 2.17988
186 2.17415
187 2.17359
188 2.18599
189 2.18947
190 2.18071
191 2.18977
192 2.19369
193 2.19572
194 2.2027
195 2.19291
196 2.19356 
197 2.1999
198 2.18381
199 2.19318
200 2.19893
201 2.20981
202 2.20073
203 2.19975
204 2.19878
205 2.20034
206 2.20621
207 2.1952
208 2.19696
209 2.19596
210 2.19709
211 2.19269
212 2.1907
213 2.19744 
214 2.19157
215 2.18085
216 2.16384
217 2.16023
218 2.14739
219 2.13378
220 2.13707
221 2.13706
222 2.12704
223 2.10631
224 2.10542
225 2.09744
226 2.08589
227 2.0715
228 2.0589
229 2.04665
230 2.03899 
231 2.03113
232 2.01138
233 2.02144
234 2.00378
235 1.99053
236 1.9932
237 1.99534
238 1.97858
239 1.97034
240 1.96839
241 1.96
242 1.95487
243 1.94644
244 1.94309
245 1.9405
246 1.92943
247 1.92849
248 1.92019
249 1.91791
250 1.91316
251 1.92331
252 1.91388
253 1.92518
254 1.91948
255 1.91899
256 1.92203
257 1.92872
258 1.9458
259 1.90248
260 1.93388
261 1.88411
262 1.89974
263 1.9396
264 1.94436
265 1.94081
266 1.93429
267 1.94627
268 1.95039
269 1.95871
270 1.96034
271 1.96882
272 1.96454
273 1.98337
274 1.98332
275 1.98255
276 1.98009
277 1.98336
278 1.99726
279 1.99672
280 1.99925
281 1.99975
282 2.00235
283 2.01157
284 2.00728
285 2.00711
286 2.0226
287 2.03984
288 2.02672
289 2.0253
290 2.01997
291 2.0221
292 2.03546
293 2.0265
294 2.01923
295 2.04441
296 2.03502
297 2.03697
298 2.0335
299 2.04243 
300 2.04827
301 2.03062
302 2.05835
303 2.05408
304 2.06195
305 2.04105
306 2.07754
307 2.07088
308 2.05537
309 2.05189
310 2.07447
311 2.08078
312 2.09466
313 2.09352
314 2.09055
315 2.09266
316 2.10212 
317 2.11196
318 2.1095
319 2.12751
320 2.12734
321 2.13402
322 2.13396
323 2.13921
324 2.14199
325 2.15345
326 2.15506
327 2.1579
328 2.16014
329 2.17541
330 2.17604
331 2.16532
332 2.18434
333 2.18305 
334 2.19765
335 2.20251
336 2.21136
337 2.20616
338 2.19018
339 2.21572
340 2.22825
341 2.22683
342 2.22928
343 2.22955
344 2.2449
345 2.24678
346 2.25012
347 2.22869
348 2.22965
349 2.25864
350 2.26642 
351 2.26996
352 2.25836
353 2.26898
354 2.27138
355 2.26273
356 2.27136
357 2.26867
358 2.26348
359 2.26848
360 2.26714
361 2.2693
362 2.27135
363 2.26547
364 2.27651
365 2.26763
366 2.26838
367 2.26613 
368 2.26165
369 2.26255
370 2.26441
371 2.26614
372 2.26154
373 2.25498
374 2.26151
375 2.25136
376 2.24594
377 2.24484
378 2.2531
379 2.25566
380 2.24959
381 2.23805
382 2.24385
383 2.23483
384 2.22714 
385 2.2361
386 2.23063
387 2.23823
388 2.23049
389 2.20749
390 2.20466
391 2.21251
392 2.21486
393 2.21648
394 2.20511
395 2.19613
396 2.19859
397 2.20761
398 2.18424
399 2.18175
400 2.18939
401 2.16794 
402 2.16711
403 2.15894
404 2.15217
405 2.1623
406 2.15139
407 2.13607
408 2.13343
409 2.13655
410 2.12625
411 2.12279
412 2.1135
413 2.13286
414 2.08155
415 2.10181
416 2.11271
417 2.10272
418 2.09749 
419 2.09925
420 2.09673
421 2.07559
422 2.07179
423 2.05295
424 2.05854
425 2.0733
426 2.0607
427 2.06185
428 2.05195
429 2.05347
430 2.05601
431 2.05042
432 2.04449
433 2.02236
434 2.02704
435 2.03639 
436 2.02288
437 2.03431
438 2.02512
439 2.03329
440 2.03052
441 2.0196
442 2.01765
443 2.01413
444 2.01338
445 2.00599
446 2.00407
447 2.01418
448 2.00582
449 1.99846
450 1.99448
451 1.99012
452 1.99033 
453 1.99148
454 1.97094
455 1.97626
456 1.9863
457 1.98708
458 1.992
459 1.99579
460 1.97631
461 1.95751
462 1.96612
463 1.9705
464 1.96592
465 1.96659
466 1.98729
467 1.94066
468 1.94867
469 1.96855 
470 1.96771
471 1.96997
472 1.9624
473 1.96252
474 1.95582
475 1.96086
476 1.96403
477 1.95915
478 1.96124
479 1.96932
480 1.96343
481 1.9814
482 1.95351
483 1.96431
484 1.96408
485 1.96596
486 1.97164 
487 1.96571
488 1.97166
489 1.97673
490 1.9698
491 1.97854
492 1.9778
493 1.97907
494 1.97743
495 1.99191
496 1.99281
497 1.98901
498 2.00513
499 1.99891
500 1.99999
501 2.00436
502 1.99938
503 1.99774 
504 1.98691
505 2.00784
506 1.99883
507 2.00734
508 2.00043
509 2.0106
510 2.01578
511 2.0155
512 2.00676
513 1.99658
514 2.00522
515 2.02479
516 2.00638
517 2.01203
518 2.02135
519 2.00876
520 2.0055 
521 2.0277
522 2.03862
523 2.02158
524 2.04847
525 2.01825
526 2.03678
527 2.04367
528 2.04965
529 2.04712
530 2.04089
531 2.04789
532 2.06386
533 2.05155
534 2.07616
535 2.03762
536 2.06762
537 2.05819 
538 2.03966
539 2.09009
540 2.08654
541 2.07594
542 2.05434
543 2.07908
544 2.08253
545 2.08761
546 2.07868
547 2.07576
548 2.07825
549 2.07551
550 2.06713
551 2.07893
552 2.07814
553 2.08133
554 2.08686 
555 2.0832
556 2.0969
557 2.07076
558 2.09495
559 2.06285
560 2.06972
561 2.09582
562 2.08992
563 2.10486
564 2.09593
565 2.08855
566 2.08811
567 2.09842
568 2.09364
569 2.09259
570 2.08538
571 2.09786 
572 2.0971
573 2.0928
574 2.09801
575 2.11116
576 2.10181
577 2.10629
578 2.10758
579 2.11039
580 2.10769
581 2.11152
582 2.07514
583 2.07847
584 2.0884
585 2.09369
586 2.08378
587 2.12292
588 2.1187 
589 2.11783
590 2.10995
591 2.11218
592 2.11863
593 2.10448
594 2.09956
595 2.10443
596 2.10933
597 2.11446
598 2.07911
599 2.10356
600 2.09809
601 2.10712
602 2.10339
603 2.10734
604 2.11511
605 2.10264 
606 2.09757
607 2.10008
608 2.1008
609 2.10363
610 2.10144
611 2.10529
612 2.10076
613 2.10575
614 2.11476
615 2.1057
616 2.11104
617 2.10289
618 2.10017
619 2.10178
620 2.0953
621 2.12188
622 2.09983 
623 2.11176
624 2.09179
625 2.11044
626 2.12757
627 2.10378
628 2.10824
629 2.08046
630 2.06606
631 2.10208
632 2.09919
633 2.10029
634 2.08944
635 2.09518
636 2.10487
637 2.10965
638 2.10022
639 2.10308 
640 2.09548
641 2.08771
642 2.09362
643 2.07686
644 2.09107
645 2.09537
646 2.09129
647 2.09305
648 2.08623
649 2.08234
650 2.08436
651 2.09051
652 2.07675
653 2.09065
654 2.0884
655 2.07986
656 2.0769 
657 2.07169
658 2.07627
659 2.07183
660 2.08045
661 2.08391
662 2.0681
663 2.08516
664 2.08235
665 2.09056
666 2.08485
667 2.08983
668 2.0835
669 2.04983
670 2.08953
671 2.06472
672 2.02892
673 2.0721 
674 2.06133
675 2.08512
676 2.06713
677 2.06779
678 2.07098
679 2.07145
680 2.07184
681 2.07179
682 2.06811
683 2.06751
684 2.0656
685 2.07384
686 2.06986
687 2.04932
688 2.0513
689 2.07307
690 2.05492 
691 2.06014
692 2.05564
693 2.05759
694 2.05598
695 2.05403
696 2.06346
697 2.06003
698 2.05729
699 2.05573
700 2.05216
701 2.05061
702 2.0571
703 2.05304
704 2.05714
705 2.06033
706 2.04384
707 2.04853 
708 2.04592
709 2.05921
710 2.05744
711 2.05179
712 2.04904
713 2.04252
714 2.04966
715 2.04686
716 2.053
717 2.04411
718 2.04286
719 2.04664
720 2.04143
721 2.03814
722 2.03544
723 2.03726
724 2.04051 
725 2.04817
726 2.04605
727 2.03646
728 2.03577
729 2.03357
730 2.04535
731 2.04163
732 2.0385
733 2.04108
734 2.04066
735 2.04309
736 2.04422
737 2.03074
738 2.04712
739 2.03446
740 2.0346
741 2.0352 
742 2.03555
743 2.02825
744 2.03622
745 2.03226
746 2.0431
747 2.0433
748 2.04408
749 2.05031
750 2.06008
751 2.03469
752 2.03698
753 2.02878
754 2.04188
755 2.0451
756 2.0383
757 2.01964
758 2.03624 
759 2.04555
760 2.04461
761 2.03439
762 2.03716
763 2.03919
764 2.04069
765 2.03938
766 2.04025
767 2.03413
768 2.03347
769 2.04486
770 2.04994
771 2.04302
772 2.04281
773 2.04007
774 2.03356
775 2.03235 
776 2.02998
777 2.04935
778 2.04958
779 2.02932
780 2.04261
781 2.00858
782 2.02956
783 2.01647
784 2.01835
785 2.01705
786 2.03759
787 2.03412
788 2.02377
789 1.97236
790 2.00825
791 2.05085
792 2.02069 
793 2.04574
794 2.04187
795 2.03179
796 2.03158
797 2.03724
798 2.0239
799 2.04921
800 2.00148
801 2.0275
802 2.05281
803 2.0382
804 2.03566
805 2.04326
806 2.03596
807 2.03965
808 2.0084
809 2.03202 
810 2.00317
811 2.04577
812 2.03575
813 2.00328
814 2.02454
815 1.9905
816 2.05116
817 2.04152
818 2.00928
819 2.0136
820 2.01614
821 2.02759
822 2.01567
823 2.02698
824 2.02906
825 2.03018
826 2.01623 
827 2.01502
828 2.01193
829 2.01914
830 1.98579
831 2.04882
832 2.03333
833 2.03792
834 2.0174
835 2.02341
836 2.02746
837 2.02939
838 2.02067
839 2.01465
840 2.01907
841 2.00837
842 2.02187
843 2.03267 
844 2.04699
845 1.99847
846 2.0363
847 2.04206
848 2.03188
849 2.02135
850 2.02188
851 2.0223
852 2.01879
853 2.02467
854 2.01345
855 2.02552
856 2.02279
857 2.02046
858 2.01662
859 2.01377
860 2.00361 
861 2.01386
862 2.01352
863 2.00847
864 2.02383
865 2.01636
866 2.01375
867 2.00962
868 2.00993
869 2.01858
870 2.00671
871 2.01076
872 2.01334
873 2.00529
874 2.01363
875 2.01021
876 2.01517
877 2.03791 
878 2.01774
879 2.01668
880 2.01627
881 2.01423
882 2.00996
883 1.9963
884 2.00653
885 1.97185
886 2.03197
887 2.01317
888 2.01402
889 2.01288
890 2.01715
891 2.00862
892 2.00036
893 2.0008
894 1.97761 
895 2.00794
896 2.00634
897 1.99955
898 1.99738
899 2.0003
900 2.00655
901 1.99519
902 1.98904
903 1.98984
904 1.98785
905 1.98364
906 2.00166
907 2.00082
908 1.98584
909 1.96898
910 1.97588
911 2.00055 
912 1.97094
913 1.98904
914 1.985
915 1.99452
916 1.98618
917 1.99335
918 1.9923
919 1.9707
920 1.986
921 1.96664
922 1.98215
923 1.97661
924 1.98496
925 1.98759
926 1.97986
927 1.97993
928 1.9743
929 1.98291
930 1.97736
931 1.96704
932 1.96361
933 1.98029
934 1.95802
935 1.97484
936 1.97245
937 1.96955
938 1.96117
939 1.95597
940 1.96055
941 1.96382
942 1.95808
943 1.96782
944 1.96385
945 1.96771
946 1.96632
947 1.95882
948 1.96063
949 1.95779
950 1.95347
951 1.95881
952 1.95922
953 1.94826
954 1.9564
955 1.94931
956 1.95668
957 1.9478
958 1.95191
959 1.95747
960 1.95696
961 1.94711
962 1.94482
963 1.94949
964 1.93834
965 1.94413
966 1.94608
967 1.9501
968 1.94503
969 1.94546
970 1.92892
971 1.92761
972 1.94243
973 1.92772
974 1.942
975 1.931
976 1.9517
977 1.93258
978 1.93016
979 1.93567
980 1.92926 
981 1.9398
982 1.92055
983 1.93501
984 1.93091
985 1.92769
986 1.92548
987 1.93052
988 1.92388
989 1.93791
990 1.92446
991 1.92746
992 1.9175
993 1.91013
994 1.92995
995 1.88963
996 1.92959
997 1.93452 
998 1.90309
999 1.86702
1000 1.92415
1001 1.93711
1002 1.93991
1003 1.91628
1004 1.92621
1005 1.91137
1006 1.91152
1007 1.91226
1008 1.9083
1009 1.9089
1010 1.91354
1011 1.91405
1012 1.91194
1013 1.89382 
1014 1.91004
1015 1.90181
1016 1.90318
1017 1.89964
1018 1.90836
1019 1.91992
1020 1.90175
1021 1.91884
1022 1.90487
1023 1.91739
1024 1.91166
1025 1.90168
1026 1.90559
1027 1.91074
1028 1.90918
1029 1.90619
1030 1.91094
1031 1.9171
1032 1.91273
1033 1.91117
1034 1.91236
1035 1.91661
1036 1.90842
1037 1.90135
1038 1.90604
1039 1.90114
1040 1.90368
1041 1.90664
1042 1.90141
1043 1.9022
1044 1.89924 
1045 1.89187
1046 1.90655
1047 1.90141
1048 1.8863
1049 1.8928
1050 1.90451
1051 1.89673
1052 1.8925
1053 1.88673
1054 1.89068
1055 1.8918
1056 1.88885
1057 1.88995
1058 1.89198
1059 1.88731
1060 1.89019 
1061 1.88635
1062 1.88704
1063 1.87649
1064 1.87457
1065 1.87822
1066 1.88035
1067 1.88421
1068 1.88392
1069 1.87603
1070 1.87403
1071 1.87582
1072 1.87362
1073 1.87875
1074 1.86826
1075 1.87541
1076 1.87807
1077 1.87662
1078 1.87161
1079 1.86599
1080 1.86139
1081 1.86618
1082 1.86936
1083 1.86965
1084 1.87147
1085 1.87309
1086 1.87138
1087 1.86393
1088 1.86538
1089 1.86509
1090 1.87113
1091 1.87144 
1092 1.87069
1093 1.87146
1094 1.87081
1095 1.86619
1096 1.86127
1097 1.85158
1098 1.87496
1099 1.87224
1100 1.86952
1101 1.86618
1102 1.85736
1103 1.85964
1104 1.8595
1105 1.85323
1106 1.85392
1107 1.85283 
1108 1.84682
1109 1.84541
1110 1.84026
1111 1.83922
1112 1.84532
1113 1.83396
1114 1.82518
1115 1.83783
1116 1.84214
1117 1.83801
1118 1.83963
1119 1.83323
1120 1.83165
1121 1.83926
1122 1.83235
1123 1.81641
1124 1.77787
1125 1.77578
1126 1.78867
1127 1.80733
1128 1.81407
1129 1.79267
1130 1.79678
1131 1.80714
1132 1.81366
1133 1.81489
1134 1.81158
1135 1.81179
1136 1.79858
1137 1.80295
1138 1.79504 
1139 1.78906
1140 1.79448
1141 1.78878
1142 1.79042
1143 1.78876
1144 1.78421
1145 1.78949
1146 1.78067
1147 1.7747
1148 1.7799
1149 1.77775
1150 1.77037
1151 1.74791
1152 1.75011
1153 1.74263
1154 1.74647 
1155 1.75887
1156 1.75436
1157 1.75478
1158 1.75689
1159 1.75016
1160 1.75405
1161 1.74007
1162 1.75724
1163 1.69249
1164 1.71058
1165 1.71516
1166 1.7237
1167 1.71377
1168 1.71667
1169 1.71638
1170 1.71797 
1171 1.7184
1172 1.72188
1173 1.72827
1174 1.72212
1175 1.69433
1176 1.69968
1177 1.7022
1178 1.65462
1179 1.67027
1180 1.68794
1181 1.67398
1182 1.67631
1183 1.68654
1184 1.67868
1185 1.67683
1186 1.66406 
1187 1.648
1188 1.64629
1189 1.65278
1190 1.64472
1191 1.6428
1192 1.64212
1193 1.6415
1194 1.63013
1195 1.62924
1196 1.62929
1197 1.62677
1198 1.62284
1199 1.616
1200 1.61078
1201 1.6067
1202 1.60765 
1203 1.60952
1204 1.60682
1205 1.59972
1206 1.58587
1207 1.58761
1208 1.59166
1209 1.5881
1210 1.58823
1211 1.58583
1212 1.58603
1213 1.58241
1214 1.57813
1215 1.57938
1216 1.57588
1217 1.57959
1218 1.57927 
1219 1.57734
1220 1.57454
1221 1.57385
1222 1.57184
1223 1.57289
1224 1.56802
1225 1.57203
1226 1.57084
1227 1.56693
1228 1.56477
1229 1.56587
1230 1.56408
1231 1.56326
1232 1.57161
1233 1.57452
1234 1.58292
1235 1.60459
1236 1.6161
1237 1.54897
1238 1.54438
1239 1.57737
1240 1.58278
