:runabs2_sun  from pixel 0 to 1240 from stripe 3 to 14
:I0 number of accum:  10
:Sample number of accum: 10
:Sample position : cell
:I0 position  : i0
:Integration time sample (ms) : 150
:Integration time I0 (ms) : 2
:file_descriptor : CuS
:background substraction YES
:background acquisition YES
:N 
: Fri Apr 11 14:25:12 2003
0 -0.837857
1 -0.839448
2 -0.843798
3 -0.844594
4 -0.838681
5 -0.84469
6 -0.848251
7 -0.847899
8 -0.838786
9 -0.843332
10 -0.836752
11 -0.845721
12 -0.850426
13 -0.849689
14 -0.842954
15 -0.843561
16 -0.848346 
17 -0.854146
18 -0.858696
19 -0.851232
20 -0.842463
21 -0.849535
22 -0.841569
23 -0.844662
24 -0.851707
25 -0.845229
26 -0.847912
27 -0.852396
28 -0.850042
29 -0.852145
30 -0.848629
31 -0.851657
32 -0.848861 
33 -0.847797
34 -0.838466
35 -0.847619
36 -0.851247
37 -0.850199
38 -0.848657
39 -0.856762
40 -0.848669
41 -0.84173
42 -0.842175
43 -0.839221
44 -0.840987
45 -0.844479
46 -0.848494
47 -0.844482
48 -0.845426 
49 -0.844608
50 -0.832099
51 -0.837197
52 -0.84222
53 -0.84206
54 -0.849989
55 -0.849941
56 -0.839377
57 -0.833742
58 -0.84017
59 -0.831489
60 -0.83526
61 -0.835634
62 -0.839102
63 -0.836878
64 -0.83855 
65 -0.836117
66 -0.830315
67 -0.836207
68 -0.827272
69 -0.823222
70 -0.819719
71 -0.825892
72 -0.820568
73 -0.811111
74 -0.82472
75 -0.821411
76 -0.825186
77 -0.821834
78 -0.813808
79 -0.810612
80 -0.806357 
81 -0.800014
82 -0.800329
83 -0.797437
84 -0.799554
85 -0.795025
86 -0.785423
87 -0.782481
88 -0.771729
89 -0.759449
90 -0.753367
91 -0.744583
92 -0.728845
93 -0.711451
94 -0.692259
95 -0.669189
96 -0.648538 
97 -0.630161
98 -0.604026
99 -0.577012
100 -0.538901
101 -0.519158
102 -0.474519
103 -0.431891
104 -0.384771
105 -0.331698
106 -0.268708
107 -0.21541
108 -0.149436
109 -0.0810087
110 -0.0208993
111 0.0458449 
112 0.107357
113 0.16834
114 0.228864
115 0.288286
116 0.340203
117 0.395253
118 0.446342
119 0.49492
120 0.538645
121 0.588627
122 0.613387
123 0.638259
124 0.667852
125 0.690423
126 0.703787
127 0.69328 
128 0.705395
129 0.702118
130 0.700913
131 0.70917
132 0.706456
133 0.720756
134 0.729498
135 0.741683
136 0.756114
137 0.763968
138 0.771807
139 0.787913
140 0.787946
141 0.787811
142 0.804962
143 0.810201 
144 0.821326
145 0.858553
146 0.849828
147 0.885464
148 0.88699
149 0.903639
150 0.90236
151 0.9118
152 0.924582
153 0.932111
154 0.938954
155 0.934496
156 0.926235
157 0.935237
158 0.963677
159 1.00428 
160 0.959476
161 0.985856
162 0.980772
163 0.981882
164 0.985029
165 0.983822
166 0.978925
167 0.979184
168 0.98243
169 0.987759
170 0.986074
171 0.999534
172 1.01172
173 1.01145
174 1.014
175 1.01995 
176 1.01952
177 1.01838
178 1.01661
179 1.01949
180 1.02086
181 1.02064
182 1.02952
183 1.03088
184 1.03457
185 1.03408
186 1.03183
187 1.02175
188 1.02969
189 1.02724
190 1.02175
191 1.03493
192 1.03981 
193 1.0421
194 1.0597
195 1.04495
196 1.04975
197 1.06604
198 1.05447
199 1.07611
200 1.07908
201 1.07738
202 1.07013
203 1.06357
204 1.05499
205 1.05687
206 1.05668
207 1.05398
208 1.05518
209 1.0633 
210 1.06248
211 1.06225
212 1.05289
213 1.05722
214 1.0592
215 1.0424
216 1.02997
217 1.02997
218 1.0126
219 0.996759
220 1.00022
221 1.0051
222 1.00155
223 0.973727
224 0.969011
225 0.968585
226 0.967548 
227 0.962259
228 0.948697
229 0.939185
230 0.938921
231 0.933006
232 0.915012
233 0.936993
234 0.931125
235 0.917232
236 0.921586
237 0.921281
238 0.912765
239 0.906545
240 0.90935
241 0.905391
242 0.903624 
243 0.898605
244 0.893504
245 0.884981
246 0.867942
247 0.876366
248 0.882699
249 0.884883
250 0.874052
251 0.878757
252 0.864501
253 0.878802
254 0.878779
255 0.874951
256 0.875501
257 0.86019
258 0.867525 
259 0.824659
260 0.863122
261 0.844857
262 0.876594
263 0.920447
264 0.929342
265 0.920486
266 0.89629
267 0.897754
268 0.89471
269 0.910754
270 0.907151
271 0.906358
272 0.889012
273 0.9002
274 0.900656 
275 0.90095
276 0.896642
277 0.895718
278 0.905694
279 0.916266
280 0.927679
281 0.922564
282 0.926787
283 0.935283
284 0.931016
285 0.92041
286 0.930015
287 0.958529
288 0.953057
289 0.942985
290 0.929061 
291 0.918943
292 0.938917
293 0.931518
294 0.90771
295 0.952501
296 0.948934
297 0.951577
298 0.933601
299 0.938812
300 0.947332
301 0.923456
302 0.953583
303 0.959339
304 0.975045
305 0.94132
306 0.963557 
307 0.96811
308 0.937345
309 0.93856
310 0.964096
311 0.972033
312 0.977843
313 0.988045
314 0.98485
315 0.991793
316 0.993833
317 0.992162
318 0.981886
319 0.999618
320 0.994234
321 0.994438
322 0.985256 
323 0.997844
324 1.00979
325 1.02333
326 1.02179
327 1.023
328 1.01362
329 1.02263
330 1.03227
331 1.01613
332 1.01921
333 1.01668
334 1.03051
335 1.0451
336 1.05878
337 1.05779
338 1.0371
339 1.0452 
340 1.06616
341 1.06813
342 1.06397
343 1.05395
344 1.06462
345 1.06417
346 1.07327
347 1.04301
348 1.0419
349 1.08311
350 1.08356
351 1.09835
352 1.0834
353 1.09672
354 1.09884
355 1.08622
356 1.10331 
357 1.1121
358 1.1019
359 1.10428
360 1.10031
361 1.09834
362 1.10046
363 1.0955
364 1.10469
365 1.10768
366 1.09305
367 1.08323
368 1.06525
369 1.07867
370 1.0776
371 1.07557
372 1.07471
373 1.06968 
374 1.07248
375 1.06153
376 1.04995
377 1.04964
378 1.05463
379 1.06713
380 1.05791
381 1.04409
382 1.04552
383 1.04748
384 1.04278
385 1.05336
386 1.02909
387 1.0259
388 1.04907
389 1.01618
390 1.00934 
391 1.00762
392 1.01312
393 1.02478
394 1.01559
395 1.00185
396 1.00805
397 1.02344
398 1.00658
399 0.988353
400 0.992208
401 0.979747
402 0.984412
403 0.974001
404 0.965398
405 0.974667
406 0.961582 
407 0.951246
408 0.940356
409 0.950291
410 0.947777
411 0.934412
412 0.917819
413 0.957927
414 0.948553
415 0.945593
416 0.934762
417 0.938435
418 0.931371
419 0.930346
420 0.934725
421 0.898413
422 0.899185 
423 0.895498
424 0.886268
425 0.904261
426 0.8924
427 0.893085
428 0.891753
429 0.885571
430 0.882927
431 0.867383
432 0.867476
433 0.862619
434 0.845382
435 0.839615
436 0.846421
437 0.872745
438 0.840615 
439 0.848421
440 0.847219
441 0.838273
442 0.836226
443 0.844038
444 0.857397
445 0.842299
446 0.843023
447 0.851234
448 0.849578
449 0.839181
450 0.834736
451 0.82369
452 0.81251
453 0.828487
454 0.821545 
455 0.833216
456 0.839254
457 0.82629
458 0.825447
459 0.82324
460 0.798357
461 0.802325
462 0.791805
463 0.803553
464 0.781629
465 0.781715
466 0.824344
467 0.78474
468 0.778976
469 0.795089
470 0.79128 
471 0.801443
472 0.796917
473 0.793887
474 0.788949
475 0.797364
476 0.801249
477 0.796235
478 0.806186
479 0.818969
480 0.786858
481 0.792991
482 0.774164
483 0.778175
484 0.77162
485 0.778577
486 0.774703 
487 0.771923
488 0.773586
489 0.783355
490 0.779085
491 0.786694
492 0.783634
493 0.781296
494 0.775683
495 0.781005
496 0.782213
497 0.786459
498 0.8001
499 0.799416
500 0.807803
501 0.815832
502 0.799087 
503 0.799127
504 0.775108
505 0.787592
506 0.781582
507 0.794895
508 0.782259
509 0.787611
510 0.799385
511 0.812081
512 0.811703
513 0.783736
514 0.784211
515 0.800044
516 0.786904
517 0.775928
518 0.779729 
519 0.777251
520 0.771333
521 0.785826
522 0.789239
523 0.768472
524 0.790728
525 0.75886
526 0.772499
527 0.776203
528 0.790378
529 0.784334
530 0.779931
531 0.767508
532 0.774387
533 0.763043
534 0.777372 
535 0.749262
536 0.747569
537 0.764107
538 0.726843
539 0.759638
540 0.768779
541 0.776181
542 0.744163
543 0.75132
544 0.756195
545 0.77062
546 0.766369
547 0.766648
548 0.76128
549 0.756408
550 0.747905 
551 0.760436
552 0.763117
553 0.761926
554 0.767628
555 0.757108
556 0.756225
557 0.723604
558 0.739285
559 0.754443
560 0.736316
561 0.744487
562 0.739529
563 0.760015
564 0.756672
565 0.755469
566 0.742604 
567 0.752691
568 0.757351
569 0.754474
570 0.739697
571 0.758007
572 0.766665
573 0.762822
574 0.760978
575 0.768498
576 0.768491
577 0.772254
578 0.765888
579 0.771658
580 0.747244
581 0.743095
582 0.712483 
583 0.702454
584 0.71184
585 0.706195
586 0.694875
587 0.742747
588 0.758158
589 0.759354
590 0.73981
591 0.724947
592 0.74247
593 0.728789
594 0.721337
595 0.724135
596 0.72885
597 0.736428
598 0.692226 
599 0.729901
600 0.69881
601 0.717639
602 0.718332
603 0.716834
604 0.728925
605 0.721608
606 0.713482
607 0.711614
608 0.69969
609 0.703428
610 0.695261
611 0.703337
612 0.7027
613 0.701164
614 0.713803 
615 0.705786
616 0.707089
617 0.693851
618 0.694954
619 0.696879
620 0.68015
621 0.707272
622 0.67907
623 0.698537
624 0.683805
625 0.683903
626 0.708156
627 0.689322
628 0.683362
629 0.682361
630 0.632152 
631 0.650635
632 0.647587
633 0.646569
634 0.656543
635 0.651646
636 0.658167
637 0.666794
638 0.664265
639 0.664729
640 0.657741
641 0.650617
642 0.657656
643 0.643404
644 0.651301
645 0.655281
646 0.65716 
647 0.660154
648 0.658424
649 0.659031
650 0.649704
651 0.656988
652 0.655151
653 0.674323
654 0.678617
655 0.662288
656 0.65656
657 0.662185
658 0.662542
659 0.642174
660 0.645888
661 0.646377
662 0.639149 
663 0.659668
664 0.666736
665 0.673969
666 0.683334
667 0.696678
668 0.685407
669 0.637336
670 0.627826
671 0.679706
672 0.553267
673 0.578797
674 0.572971
675 0.619639
676 0.616734
677 0.616135
678 0.625089 
679 0.619288
680 0.612829
681 0.612901
682 0.614242
683 0.613544
684 0.617338
685 0.620381
686 0.612553
687 0.591234
688 0.587304
689 0.603203
690 0.5867
691 0.58181
692 0.584987
693 0.576793
694 0.574767 
695 0.573171
696 0.580879
697 0.586279
698 0.578391
699 0.573221
700 0.572349
701 0.567903
702 0.572227
703 0.567036
704 0.574845
705 0.579361
706 0.561425
707 0.55375
708 0.550452
709 0.559473
710 0.568443 
711 0.572624
712 0.56922
713 0.563318
714 0.573456
715 0.568721
716 0.566476
717 0.569002
718 0.571457
719 0.579616
720 0.573986
721 0.576788
722 0.571492
723 0.575223
724 0.575155
725 0.576722
726 0.571372 
727 0.560246
728 0.558356
729 0.567421
730 0.579547
731 0.568793
732 0.561924
733 0.555646
734 0.555669
735 0.555574
736 0.560422
737 0.537254
738 0.551497
739 0.545089
740 0.532687
741 0.525832
742 0.527164 
743 0.521154
744 0.527119
745 0.518996
746 0.517583
747 0.515544
748 0.512997
749 0.518592
750 0.54355
751 0.52301
752 0.522747
753 0.532081
754 0.524979
755 0.515222
756 0.52033
757 0.508618
758 0.506043 
759 0.517231
760 0.528067
761 0.524612
762 0.526151
763 0.513781
764 0.521609
765 0.531055
766 0.525263
767 0.524059
768 0.527643
769 0.521241
770 0.534722
771 0.537185
772 0.530739
773 0.529326
774 0.523638 
775 0.516596
776 0.512453
777 0.519268
778 0.520562
779 0.512294
780 0.541323
781 0.5147
782 0.526596
783 0.517218
784 0.515827
785 0.490939
786 0.510193
787 0.529365
788 0.532784
789 0.479969
790 0.448971 
791 0.480705
792 0.447616
793 0.459218
794 0.488201
795 0.493524
796 0.500706
797 0.503503
798 0.49324
799 0.499159
800 0.495316
801 0.438358
802 0.443444
803 0.46344
804 0.468843
805 0.48224
806 0.4884 
807 0.492259
808 0.460572
809 0.491881
810 0.465084
811 0.481068
812 0.499307
813 0.463774
814 0.443834
815 0.446878
816 0.429179
817 0.423949
818 0.417388
819 0.423938
820 0.434587
821 0.444987
822 0.430027 
823 0.434528
824 0.443428
825 0.445186
826 0.440469
827 0.44563
828 0.430885
829 0.424855
830 0.37853
831 0.392373
832 0.398486
833 0.41261
834 0.407272
835 0.410148
836 0.403337
837 0.417101
838 0.411435 
839 0.421811
840 0.399
841 0.41378
842 0.386585
843 0.372006
844 0.432575
845 0.392854
846 0.350002
847 0.357054
848 0.369199
849 0.396243
850 0.378614
851 0.389202
852 0.375634
853 0.377343
854 0.370853 
855 0.375814
856 0.368585
857 0.365413
858 0.362026
859 0.372876
860 0.373041
861 0.363625
862 0.371253
863 0.338545
864 0.345432
865 0.34704
866 0.343433
867 0.333086
868 0.32925
869 0.347448
870 0.333324 
871 0.327556
872 0.342339
873 0.319688
874 0.306093
875 0.304988
876 0.30122
877 0.321606
878 0.30636
879 0.303679
880 0.306639
881 0.307633
882 0.312174
883 0.312922
884 0.31156
885 0.289934
886 0.29573 
887 0.273443
888 0.27795
889 0.273322
890 0.284735
891 0.287641
892 0.28547
893 0.270529
894 0.26403
895 0.255648
896 0.254999
897 0.24611
898 0.245407
899 0.236999
900 0.243637
901 0.246827
902 0.23556 
903 0.22575
904 0.22196
905 0.215453
906 0.225465
907 0.236492
908 0.234223
909 0.200841
910 0.174524
911 0.209623
912 0.18256
913 0.193736
914 0.172773
915 0.18511
916 0.18809
917 0.189563
918 0.192656 
919 0.173939
920 0.182203
921 0.160001
922 0.155203
923 0.155632
924 0.168075
925 0.150644
926 0.142903
927 0.145808
928 0.139021
929 0.165108
930 0.178565
931 0.168874
932 0.15988
933 0.176748
934 0.150478 
935 0.135199
936 0.13499
937 0.127602
938 0.13568
939 0.141312
940 0.142848
941 0.123741
942 0.119973
943 0.123596
944 0.105584
945 0.111319
946 0.113696
947 0.112187
948 0.109112
949 0.111414
950 0.10693 
951 0.0994566
952 0.109341
953 0.106495
954 0.113693
955 0.108039
956 0.117665
957 0.109354
958 0.119757
959 0.114039
960 0.106184
961 0.0964145
962 0.0860285
963 0.0985515
964 0.0946461
965 0.0974115 
966 0.0983446
967 0.0988971
968 0.0890125
969 0.0965758
970 0.0943591
971 0.0803024
972 0.0866354
973 0.0848486
974 0.0962261
975 0.0797162
976 0.101167
977 0.100797
978 0.0943763
979 0.0824786
980 0.075231 
981 0.0998804
982 0.0903726
983 0.080398
984 0.0778516
985 0.0859925
986 0.0858825
987 0.0859256
988 0.0762143
989 0.0852105
990 0.0865626
991 0.0882244
992 0.0868722
993 0.0794213
994 0.0955758
995 0.0884118 
996 0.106163
997 0.113842
998 0.1175
999 0.0848853
1000 0.123708
1001 0.133689
1002 0.149113
1003 0.127443
1004 0.131669
1005 0.126492
1006 0.114005
1007 0.116045
1008 0.116016
1009 0.114735
1010 0.116068 
1011 0.12092
1012 0.128819
1013 0.130678
1014 0.144976
1015 0.150482
1016 0.1515
1017 0.150388
1018 0.150967
1019 0.166022
1020 0.15567
1021 0.177019
1022 0.173929
1023 0.186124
1024 0.193365
1025 0.192679 
1026 0.200114
1027 0.216125
1028 0.214478
1029 0.204627
1030 0.206111
1031 0.215247
1032 0.219216
1033 0.222725
1034 0.227329
1035 0.235423
1036 0.239801
1037 0.233898
1038 0.23643
1039 0.234038
1040 0.230695
1041 0.238494
1042 0.236218
1043 0.241413
1044 0.244429
1045 0.240994
1046 0.247238
1047 0.255452
1048 0.267388
1049 0.261941
1050 0.285859
1051 0.290974
1052 0.279477
1053 0.274039
1054 0.283546 
1055 0.292021
1056 0.288608
1057 0.292281
1058 0.293839
1059 0.296141
1060 0.299416
1061 0.297007
1062 0.307183
1063 0.308802
1064 0.313113
1065 0.312077
1066 0.319562
1067 0.325883
1068 0.3372
1069 0.344201 
1070 0.348147
1071 0.360696
1072 0.368186
1073 0.379825
1074 0.374617
1075 0.384865
1076 0.397996
1077 0.404904
1078 0.408401
1079 0.423437
1080 0.431725
1081 0.450991
1082 0.469831
1083 0.482192
1084 0.48938
1085 0.50036
1086 0.51707
1087 0.530707
1088 0.544499
1089 0.576307
1090 0.619343
1091 0.657893
1092 0.703394
1093 0.767405
1094 0.839411
1095 0.924134
1096 1.01856
1097 1.08946
1098 1.15154
1099 1.16257
1100 1.15473
1101 1.13236
1102 1.10126
1103 1.07042
1104 1.04738
1105 1.01733
1106 0.982211
1107 0.944291
1108 0.886225
1109 0.84237
1110 0.802274
1111 0.763169
1112 0.748746
1113 0.735203
1114 0.730714
1115 0.721732
1116 0.726977
1117 0.733219
1118 0.734519
1119 0.730584
1120 0.727654
1121 0.712229
1122 0.690684
1123 0.696752
1124 0.697086
1125 0.711969
1126 0.733169
1127 0.789679
1128 0.842567 
1129 0.84836
1130 0.887708
1131 0.928471
1132 0.98223
1133 1.05485
1134 1.13418
1135 1.23658
1136 1.31458
1137 1.38582
1138 1.41334
1139 1.41956
1140 1.39073
1141 1.34247
1142 1.29783
1143 1.24849
1144 1.19176
1145 1.13424
1146 1.07117
1147 1.00364
1148 0.969865
1149 0.92773
1150 0.898449
1151 0.869865
1152 0.862868
1153 0.85551
1154 0.84849
1155 0.859596
1156 0.86745
1157 0.858449
1158 0.840704
1159 0.835583
1160 0.828681
1161 0.812435
1162 0.817175
1163 0.783957
1164 0.779311
1165 0.766874
1166 0.784291
1167 0.785577
1168 0.786579
1169 0.781234
1170 0.784458
1171 0.782261
1172 0.777845
1173 0.782227 
1174 0.783921
1175 0.759011
1176 0.736013
1177 0.742266
1178 0.686242
1179 0.68257
1180 0.69757
1181 0.700116
1182 0.708254
1183 0.71702
1184 0.701107
1185 0.696341
1186 0.688423
1187 0.670365
1188 0.662616 
1189 0.67017
1190 0.661505
1191 0.65348
1192 0.64463
1193 0.63721
1194 0.623758
1195 0.620233
1196 0.615611
1197 0.613945
1198 0.611555
1199 0.60669
1200 0.596421
1201 0.585675
1202 0.572304
1203 0.565308 
1204 0.556835
1205 0.549366
1206 0.535759
1207 0.537689
1208 0.533294
1209 0.52722
1210 0.519461
1211 0.511912
1212 0.507186
1213 0.498487
1214 0.489208
1215 0.482233
1216 0.475339
1217 0.472925
1218 0.466157
1219 0.459537
1220 0.452554
1221 0.447851
1222 0.443898
1223 0.440591
1224 0.43464
1225 0.426636
1226 0.420694
1227 0.409499
1228 0.39926
1229 0.393718
1230 0.393509
1231 0.389237
1232 0.389485 
1233 0.3891
1234 0.387333
1235 0.390338
1236 0.395998
1237 0.330966
1238 0.314041
1239 0.333148
1240 0.332177
