:runabs2_sun  from pixel 0 to 1240 from stripe 3 to 14
:I0 number of accum:  10
:Sample number of accum: 10
:Sample position : cell
:I0 position  : i0
:Integration time sample (ms) : 150
:Integration time I0 (ms) : 2
:file_descriptor : CuS
:background substraction YES
:background acquisition YES
:N 
: Fri Apr 11 15:18:33 2003
0 -0.642244
1 -0.643482
2 -0.64361
3 -0.639584
4 -0.632885
5 -0.649701
6 -0.649779
7 -0.640321
8 -0.625965
9 -0.649099
10 -0.648688
11 -0.642612
12 -0.636606
13 -0.640327
14 -0.64068
15 -0.642332
16 -0.645712 
17 -0.646474
18 -0.645433
19 -0.634696
20 -0.633031
21 -0.647796
22 -0.644797
23 -0.641569
24 -0.647233
25 -0.638431
26 -0.641351
27 -0.642967
28 -0.637124
29 -0.640891
30 -0.64079
31 -0.640701
32 -0.63857 
33 -0.642659
34 -0.635018
35 -0.64031
36 -0.638199
37 -0.634483
38 -0.633864
39 -0.643409
40 -0.639342
41 -0.635123
42 -0.638011
43 -0.639906
44 -0.641874
45 -0.63662
46 -0.63649
47 -0.633232
48 -0.632668 
49 -0.635033
50 -0.626306
51 -0.631941
52 -0.63579
53 -0.629613
54 -0.642218
55 -0.649701
56 -0.641193
57 -0.633083
58 -0.635602
59 -0.622219
60 -0.627803
61 -0.631669
62 -0.631862
63 -0.625842
64 -0.630756 
65 -0.632014
66 -0.6231
67 -0.628943
68 -0.616129
69 -0.606093
70 -0.606984
71 -0.619445
72 -0.617502
73 -0.608605
74 -0.628369
75 -0.621492
76 -0.611905
77 -0.604544
78 -0.594889
79 -0.596834
80 -0.596441 
81 -0.592107
82 -0.587557
83 -0.581756
84 -0.579945
85 -0.569921
86 -0.562602
87 -0.565546
88 -0.555446
89 -0.544338
90 -0.534536
91 -0.521014
92 -0.501772
93 -0.480313
94 -0.453873
95 -0.426751
96 -0.403764 
97 -0.379975
98 -0.346622
99 -0.313069
100 -0.269002
101 -0.247382
102 -0.190455
103 -0.125252
104 -0.0576083
105 0.0159537
106 0.102725
107 0.183925
108 0.279255
109 0.374122
110 0.46537
111 0.559166 
112 0.650361
113 0.742574
114 0.829805
115 0.915062
116 0.995045
117 1.0796
118 1.15936
119 1.2351
120 1.30797
121 1.38917
122 1.42189
123 1.44373
124 1.49294
125 1.52234
126 1.54554
127 1.5182
128 1.5356 
129 1.54158
130 1.55166
131 1.56601
132 1.56469
133 1.57175
134 1.59033
135 1.6194
136 1.64235
137 1.66032
138 1.67257
139 1.69643
140 1.70333
141 1.71429
142 1.73941
143 1.74712
144 1.74669
145 1.7748 
146 1.76982
147 1.812
148 1.81559
149 1.845
150 1.85435
151 1.87321
152 1.88916
153 1.89756
154 1.90961
155 1.9132
156 1.91726
157 1.92922
158 1.96258
159 1.99387
160 1.93885
161 1.96984
162 1.98358
163 1.99372
164 2.00806
165 2.01194
166 2.01875
167 2.02627
168 2.03531
169 2.04297
170 2.04525
171 2.06164
172 2.07657
173 2.08039
174 2.07976
175 2.0903
176 2.09052
177 2.08697
178 2.08768
179 2.10088
180 2.09913
181 2.10154
182 2.10768
183 2.11258
184 2.1273
185 2.13186
186 2.13059
187 2.12688
188 2.142
189 2.14335
190 2.13721
191 2.14901
192 2.14506
193 2.1435
194 2.16365
195 2.14973
196 2.14252
197 2.16404 
198 2.14349
199 2.15118
200 2.15388
201 2.1628
202 2.16159
203 2.15988
204 2.15846
205 2.16442
206 2.1672
207 2.15944
208 2.1534
209 2.15282
210 2.14394
211 2.14398
212 2.13863
213 2.14856
214 2.15015 
215 2.13707
216 2.12736
217 2.12285
218 2.10783
219 2.08768
220 2.09037
221 2.08676
222 2.08505
223 2.05577
224 2.05837
225 2.05564
226 2.04637
227 2.03708
228 2.02063
229 2.00785
230 2.00287
231 1.98982 
232 1.96461
233 1.98433
234 1.97137
235 1.95496
236 1.95491
237 1.95691
238 1.94264
239 1.93201
240 1.93735
241 1.92646
242 1.92392
243 1.91701
244 1.91468
245 1.90779
246 1.89551
247 1.90371
248 1.89143 
249 1.89046
250 1.88437
251 1.8895
252 1.87832
253 1.89664
254 1.9025
255 1.89895
256 1.91124
257 1.91075
258 1.93558
259 1.88377
260 1.91276
261 1.88065
262 1.89307
263 1.93371
264 1.93354
265 1.93527 
266 1.92207
267 1.92756
268 1.92838
269 1.94801
270 1.94645
271 1.95407
272 1.95078
273 1.9666
274 1.96378
275 1.96931
276 1.96752
277 1.97903
278 1.98815
279 1.9867
280 1.98391
281 1.97562
282 1.97794 
283 1.97883
284 1.97028
285 1.96929
286 1.99314
287 2.02039
288 2.00487
289 2.00546
290 2.00214
291 2.00013
292 2.00639
293 1.99719
294 1.98413
295 2.02044
296 2.01398
297 2.02253
298 2.01515
299 2.01232 
300 2.02119
301 2.00022
302 2.03434
303 2.03895
304 2.0484
305 2.02534
306 2.06665
307 2.05157
308 2.02789
309 2.02722
310 2.04739
311 2.06232
312 2.07849
313 2.07617
314 2.08212
315 2.08607
316 2.09466 
317 2.09966
318 2.09276
319 2.11469
320 2.11094
321 2.11157
322 2.09736
323 2.11449
324 2.12854
325 2.1369
326 2.13592
327 2.14247
328 2.13817
329 2.1526
330 2.16949
331 2.15197
332 2.15938
333 2.16131 
334 2.17152
335 2.18278
336 2.19089
337 2.18462
338 2.17403
339 2.185
340 2.20577
341 2.20392
342 2.2125
343 2.21387
344 2.23536
345 2.23266
346 2.23597
347 2.20798
348 2.20197
349 2.22935
350 2.23178 
351 2.24254
352 2.22778
353 2.24358
354 2.24106
355 2.23055
356 2.248
357 2.24658
358 2.2347
359 2.23847
360 2.24181
361 2.23856
362 2.2444
363 2.242
364 2.25378
365 2.24077
366 2.23538
367 2.23493
368 2.22733
369 2.23612
370 2.23772
371 2.23911
372 2.23871
373 2.23095
374 2.23956
375 2.22327
376 2.21806
377 2.21949
378 2.22605
379 2.23615
380 2.22424
381 2.21407
382 2.21764
383 2.21015
384 2.20779
385 2.22113
386 2.20667
387 2.21363
388 2.2087
389 2.17655
390 2.17572
391 2.17658
392 2.18104
393 2.18298
394 2.1714
395 2.15805
396 2.16442
397 2.17454
398 2.149
399 2.14204
400 2.15585
401 2.13688
402 2.13239 
403 2.12599
404 2.11717
405 2.13341
406 2.11727
407 2.10837
408 2.10433
409 2.11014
410 2.10653
411 2.10034
412 2.08627
413 2.10458
414 2.06556
415 2.07671
416 2.08086
417 2.07519
418 2.07568
419 2.07554 
420 2.07366
421 2.05287
422 2.05439
423 2.03951
424 2.0349
425 2.05612
426 2.04329
427 2.049
428 2.04238
429 2.04504
430 2.04639
431 2.04059
432 2.03868
433 2.01845
434 2.00903
435 2.00625
436 1.99756 
437 2.02275
438 1.99916
439 2.00527
440 1.99887
441 1.98686
442 1.99078
443 1.99554
444 1.99579
445 1.9928
446 1.9892
447 1.99685
448 1.98975
449 1.99126
450 1.98855
451 1.98386
452 1.98029
453 1.97969 
454 1.96388
455 1.95766
456 1.97257
457 1.96145
458 1.97539
459 1.98178
460 1.96496
461 1.95921
462 1.95794
463 1.97137
464 1.94815
465 1.95468
466 1.98218
467 1.92818
468 1.93797
469 1.95506
470 1.95571 
471 1.96536
472 1.95719
473 1.95563
474 1.94975
475 1.95982
476 1.95999
477 1.95292
478 1.96057
479 1.96338
480 1.94898
481 1.96079
482 1.9549
483 1.96167
484 1.9643
485 1.96235
486 1.97017
487 1.96287 
488 1.96999
489 1.9778
490 1.96568
491 1.97618
492 1.96981
493 1.97249
494 1.96872
495 1.97932
496 1.98144
497 1.98129
498 1.99355
499 1.98437
500 1.98901
501 1.99454
502 1.98699
503 1.99036
504 1.97909 
505 2.00538
506 2.00023
507 2.00677
508 1.99354
509 2.00157
510 2.01279
511 2.01439
512 2.01015
513 2.00358
514 2.00836
515 2.02824
516 2.01057
517 2.01649
518 2.02958
519 2.02471
520 2.00628
521 2.03102 
522 2.03976
523 2.02115
524 2.06029
525 2.01761
526 2.0419
527 2.04914
528 2.05522
529 2.05431
530 2.05457
531 2.06057
532 2.07687
533 2.06126
534 2.08864
535 2.03704
536 2.0627
537 2.05731
538 2.02302 
539 2.0741
540 2.0695
541 2.06846
542 2.0498
543 2.06827
544 2.07185
545 2.082
546 2.07166
547 2.07997
548 2.08066
549 2.07947
550 2.07382
551 2.08533
552 2.08608
553 2.08971
554 2.09075
555 2.0878
556 2.10234
557 2.06999
558 2.09698
559 2.06581
560 2.05984
561 2.08074
562 2.07275
563 2.09448
564 2.08888
565 2.08648
566 2.07852
567 2.09241
568 2.09783
569 2.09563
570 2.08245
571 2.10667
572 2.10107
573 2.10023
574 2.11064
575 2.12486
576 2.12294
577 2.12626
578 2.13168
579 2.1344
580 2.12676
581 2.12387
582 2.09546
583 2.0971
584 2.1094
585 2.10212
586 2.08527
587 2.12394
588 2.11547
589 2.11882
590 2.10767
591 2.11438
592 2.12515
593 2.12005
594 2.11106
595 2.11
596 2.11794
597 2.11323
598 2.08519
599 2.11371
600 2.11106
601 2.11873
602 2.11419
603 2.11365
604 2.12257
605 2.11207
606 2.1148
607 2.11252 
608 2.10841
609 2.11131
610 2.10934
611 2.11393
612 2.11072
613 2.11626
614 2.12198
615 2.115
616 2.11533
617 2.11299
618 2.11253
619 2.11217
620 2.10986
621 2.12819
622 2.11075
623 2.13167
624 2.11257 
625 2.12761
626 2.13972
627 2.10494
628 2.1313
629 2.09059
630 2.07738
631 2.11879
632 2.10156
633 2.11192
634 2.0967
635 2.10189
636 2.11877
637 2.12316
638 2.12092
639 2.1223
640 2.11798
641 2.10917 
642 2.11352
643 2.09582
644 2.11616
645 2.12076
646 2.12022
647 2.11895
648 2.11614
649 2.11474
650 2.11396
651 2.11976
652 2.10659
653 2.12582
654 2.12174
655 2.11012
656 2.10938
657 2.10274
658 2.11472 
659 2.10519
660 2.11663
661 2.11441
662 2.10225
663 2.11893
664 2.12237
665 2.13563
666 2.13108
667 2.14783
668 2.14
669 2.10563
670 2.12513
671 2.11252
672 2.02938
673 2.06896
674 2.07458
675 2.09563 
676 2.08597
677 2.10236
678 2.11397
679 2.10996
680 2.10761
681 2.10721
682 2.10804
683 2.10929
684 2.10877
685 2.11333
686 2.1107
687 2.08689
688 2.08236
689 2.10633
690 2.08311
691 2.09356
692 2.08372 
693 2.09485
694 2.08721
695 2.08824
696 2.0959
697 2.09147
698 2.08866
699 2.09015
700 2.0878
701 2.0909
702 2.08988
703 2.08557
704 2.09692
705 2.10028
706 2.08422
707 2.09287
708 2.08553
709 2.09735 
710 2.10115
711 2.10475
712 2.1054
713 2.10247
714 2.11707
715 2.11212
716 2.11317
717 2.11108
718 2.10975
719 2.1134
720 2.10476
721 2.09765
722 2.10198
723 2.10114
724 2.1074
725 2.11451
726 2.10644 
727 2.10032
728 2.09274
729 2.09667
730 2.10929
731 2.10497
732 2.10034
733 2.09908
734 2.08598
735 2.09113
736 2.0882
737 2.09099
738 2.09727
739 2.08663
740 2.08585
741 2.08575
742 2.08261
743 2.07648 
744 2.08119
745 2.07779
746 2.08978
747 2.09108
748 2.08788
749 2.10689
750 2.11056
751 2.08859
752 2.09262
753 2.08974
754 2.10262
755 2.09897
756 2.10346
757 2.08252
758 2.09332
759 2.10338
760 2.10507 
761 2.09729
762 2.10446
763 2.10338
764 2.10734
765 2.10797
766 2.10364
767 2.09566
768 2.09449
769 2.10261
770 2.11404
771 2.11045
772 2.1106
773 2.10769
774 2.10558
775 2.10034
776 2.08963
777 2.11301 
778 2.11769
779 2.10201
780 2.10809
781 2.06159
782 2.08587
783 2.07845
784 2.07207
785 2.07569
786 2.11233
787 2.10961
788 2.10795
789 2.05261
790 2.07976
791 2.10765
792 2.07991
793 2.0905
794 2.1041 
795 2.09887
796 2.10524
797 2.1084
798 2.09591
799 2.10153
800 2.07027
801 2.09982
802 2.10435
803 2.10236
804 2.10967
805 2.10967
806 2.10757
807 2.10876
808 2.08317
809 2.08663
810 2.07685
811 2.10737 
812 2.09843
813 2.081
814 2.06569
815 2.05479
816 2.11914
817 2.09243
818 2.07918
819 2.0832
820 2.08829
821 2.10204
822 2.08521
823 2.08689
824 2.0976
825 2.1061
826 2.09908
827 2.09451
828 2.0807
829 2.07585
830 2.03167
831 2.10253
832 2.10095
833 2.11388
834 2.09099
835 2.09433
836 2.09923
837 2.10322
838 2.10071
839 2.09546
840 2.08637
841 2.0781
842 2.09842
843 2.08731
844 2.10479
845 2.09509
846 2.12458
847 2.11067
848 2.09963
849 2.08633
850 2.08749
851 2.09252
852 2.09897
853 2.10256
854 2.09255
855 2.10375
856 2.09501
857 2.09587
858 2.09149
859 2.08454
860 2.0733
861 2.07366
862 2.07781
863 2.08388
864 2.08982
865 2.09143
866 2.08779
867 2.0802
868 2.07483
869 2.08155
870 2.07204
871 2.07345
872 2.0854
873 2.08821
874 2.09251
875 2.08169
876 2.0992
877 2.11035
878 2.09596
879 2.09584
880 2.09229
881 2.09124
882 2.08375
883 2.07492
884 2.06394
885 2.05451
886 2.08912
887 2.07172
888 2.09172
889 2.08461
890 2.08636
891 2.07951
892 2.07526
893 2.06243
894 2.05152
895 2.08148
896 2.0887
897 2.08406
898 2.08159
899 2.07899
900 2.07267
901 2.07109
902 2.06711
903 2.06499
904 2.05804
905 2.05812
906 2.05607
907 2.06659
908 2.05768
909 2.04436
910 2.05124
911 2.06447
912 2.06872
913 2.06995
914 2.05608
915 2.06187
916 2.05794
917 2.05836
918 2.0554
919 2.0404
920 2.0563
921 2.04373
922 2.04538
923 2.03943
924 2.05506
925 2.05134
926 2.0418
927 2.04268
928 2.03377
929 2.03934
930 2.03237
931 2.02526 
932 2.02621
933 2.05639
934 2.0292
935 2.05068
936 2.04415
937 2.03735
938 2.02989
939 2.02049
940 2.02029
941 2.02169
942 2.02196
943 2.03925
944 2.03175
945 2.03339
946 2.03166
947 2.02262
948 2.02784 
949 2.02373
950 2.02781
951 2.03064
952 2.02728
953 2.01651
954 2.02315
955 2.02073
956 2.01504
957 2.00615
958 2.00651
959 2.01375
960 2.01741
961 2.01301
962 2.0081
963 2.00513
964 1.9996
965 2.0058 
966 2.00352
967 2.00638
968 2.00559
969 2.00437
970 2.00028
971 1.99526
972 1.99367
973 1.98243
974 1.99627
975 1.98457
976 1.99944
977 1.98514
978 1.99052
979 1.99317
980 1.98432
981 1.98938
982 1.97777 
983 1.98933
984 1.98216
985 1.9857
986 1.98638
987 1.98801
988 1.97777
989 1.98234
990 1.97883
991 1.98363
992 1.97898
993 1.97147
994 1.97133
995 1.95791
996 1.98071
997 1.96767
998 1.94591
999 1.92513 
1000 1.96018
1001 1.9635
1002 1.96419
1003 1.95084
1004 1.95723
1005 1.95353
1006 1.95163
1007 1.94897
1008 1.95126
1009 1.94756
1010 1.94774
1011 1.94799
1012 1.93385
1013 1.91087
1014 1.93805
1015 1.9204 
1016 1.9195
1017 1.91732
1018 1.93069
1019 1.9346
1020 1.92644
1021 1.92978
1022 1.91661
1023 1.9223
1024 1.91646
1025 1.91012
1026 1.92172
1027 1.92341
1028 1.92246
1029 1.92121
1030 1.92331
1031 1.92154 
1032 1.91057
1033 1.91025
1034 1.91272
1035 1.91543
1036 1.9065
1037 1.90867
1038 1.90523
1039 1.90376
1040 1.91073
1041 1.90979
1042 1.91279
1043 1.91118
1044 1.90604
1045 1.89385
1046 1.89332
1047 1.89355 
1048 1.87414
1049 1.89296
1050 1.89108
1051 1.89238
1052 1.88619
1053 1.87821
1054 1.8847
1055 1.88229
1056 1.88016
1057 1.88125
1058 1.88071
1059 1.87865
1060 1.88018
1061 1.87155
1062 1.86923
1063 1.8702 
1064 1.87093
1065 1.8719
1066 1.86672
1067 1.8624
1068 1.86009
1069 1.85913
1070 1.85732
1071 1.85925
1072 1.86031
1073 1.86263
1074 1.84985
1075 1.85891
1076 1.85071
1077 1.84247
1078 1.83307
1079 1.82908 
1080 1.82897
1081 1.83404
1082 1.83377
1083 1.82909
1084 1.82469
1085 1.82542
1086 1.82233
1087 1.81404
1088 1.81426
1089 1.8075
1090 1.81939
1091 1.81607
1092 1.81505
1093 1.82124
1094 1.82143
1095 1.81366 
1096 1.8045
1097 1.78799
1098 1.80173
1099 1.80582
1100 1.80586
1101 1.8051
1102 1.79048
1103 1.79521
1104 1.80059
1105 1.79959
1106 1.79802
1107 1.79404
1108 1.78908
1109 1.78877
1110 1.78825
1111 1.77996 
1112 1.77574
1113 1.7667
1114 1.76249
1115 1.7631
1116 1.76788
1117 1.75945
1118 1.76527
1119 1.76738
1120 1.78005
1121 1.77075
1122 1.75335
1123 1.74402
1124 1.71008
1125 1.71609
1126 1.7244
1127 1.73342 
1128 1.72022
1129 1.70846
1130 1.72131
1131 1.72306
1132 1.72457
1133 1.71372
1134 1.70911
1135 1.71701
1136 1.71115
1137 1.70824
1138 1.70855
1139 1.71199
1140 1.71618
1141 1.70622
1142 1.70573
1143 1.70558
1144 1.70433
1145 1.70677
1146 1.69834
1147 1.68777
1148 1.68886
1149 1.68633
1150 1.67914
1151 1.65852
1152 1.66791
1153 1.67081
1154 1.66435
1155 1.67384
1156 1.67426
1157 1.66873
1158 1.67521 
1159 1.6603
1160 1.6741
1161 1.63212
1162 1.68645
1163 1.63407
1164 1.63866
1165 1.64566
1166 1.65303
1167 1.63728
1168 1.64274
1169 1.64346
1170 1.64453
1171 1.64556
1172 1.64387
1173 1.65057
1174 1.63932 
1175 1.62024
1176 1.64609
1177 1.64649
1178 1.59603
1179 1.61574
1180 1.63117
1181 1.61247
1182 1.61346
1183 1.61783
1184 1.6087
1185 1.6189
1186 1.60734
1187 1.59911
1188 1.60369
1189 1.6174
1190 1.61356 
1191 1.61038
1192 1.60685
1193 1.60685
1194 1.59733
1195 1.60241
1196 1.60244
1197 1.60491
1198 1.60655
1199 1.59733
1200 1.59105
1201 1.59066
1202 1.59675
1203 1.59526
1204 1.59375
1205 1.59008
1206 1.58347
1207 1.59315
1208 1.5938
1209 1.59205
1210 1.58946
1211 1.58709
1212 1.58978
1213 1.59199
1214 1.58573
1215 1.5888
1216 1.59234
1217 1.59847
1218 1.59314
1219 1.59935
1220 1.59936
1221 1.60229 
1222 1.60337
1223 1.60435
1224 1.6026
1225 1.6024
1226 1.60298
1227 1.60035
1228 1.60659
1229 1.61483
1230 1.62433
1231 1.63489
1232 1.65218
1233 1.67255
1234 1.70421
1235 1.7399
1236 1.76129
1237 1.76515 
1238 1.84678
1239 1.9188
1240 1.9511
