:runabs2_sun  from pixel 0 to 1240 from stripe 3 to 14
:I0 number of accum:  10
:Sample number of accum: 10
:Sample position : cell
:I0 position  : i0
:Integration time sample (ms) : 150
:Integration time I0 (ms) : 2
:file_descriptor : CuS
:background substraction YES
:background acquisition YES
:N 
: Fri Apr 11 15:24:35 2003
0 -0.634783
1 -0.631789
2 -0.639557
3 -0.644551
4 -0.64031
5 -0.632821
6 -0.638533
7 -0.651058
8 -0.642318
9 -0.646084
10 -0.634299
11 -0.640611
12 -0.642697
13 -0.649897
14 -0.643333
15 -0.639392
16 -0.639134 
17 -0.643382
18 -0.648904
19 -0.647881
20 -0.640952
21 -0.645279
22 -0.635619
23 -0.635449
24 -0.645058
25 -0.636647
26 -0.638429
27 -0.643402
28 -0.638177
29 -0.637129
30 -0.638232
31 -0.64012
32 -0.635382 
33 -0.639007
34 -0.631728
35 -0.63935
36 -0.635187
37 -0.634259
38 -0.634631
39 -0.642667
40 -0.635716
41 -0.63132
42 -0.636332
43 -0.634382
44 -0.636526
45 -0.635888
46 -0.637868
47 -0.638643
48 -0.637643 
49 -0.638497
50 -0.628492
51 -0.633581
52 -0.635907
53 -0.634838
54 -0.635138
55 -0.634711
56 -0.624903
57 -0.625008
58 -0.631224
59 -0.618259
60 -0.623594
61 -0.621174
62 -0.621974
63 -0.619445
64 -0.622757 
65 -0.62481
66 -0.612744
67 -0.621781
68 -0.611584
69 -0.609373
70 -0.603717
71 -0.610839
72 -0.60603
73 -0.600344
74 -0.612608
75 -0.597672
76 -0.600479
77 -0.597843
78 -0.592271
79 -0.590458
80 -0.584571 
81 -0.58102
82 -0.577949
83 -0.570102
84 -0.576332
85 -0.563191
86 -0.552506
87 -0.554057
88 -0.541696
89 -0.530566
90 -0.523041
91 -0.502583
92 -0.483571
93 -0.462685
94 -0.44094
95 -0.408829
96 -0.378413 
97 -0.353803
98 -0.321723
99 -0.29063
100 -0.24726
101 -0.218774
102 -0.157741
103 -0.0955017
104 -0.0201882
105 0.0632572
106 0.16038
107 0.250365
108 0.356242
109 0.463053
110 0.564544
111 0.666544 
112 0.764457
113 0.864573
114 0.952725
115 1.04266
116 1.12931
117 1.21643
118 1.29469
119 1.37419
120 1.44407
121 1.52242
122 1.56794
123 1.61134
124 1.64994
125 1.67031
126 1.67697
127 1.66363
128 1.67823 
129 1.67488
130 1.67874
131 1.68729
132 1.69941
133 1.72501
134 1.73701
135 1.76817
136 1.78582
137 1.80313
138 1.82584
139 1.85374
140 1.85282
141 1.87038
142 1.8939
143 1.89547
144 1.90038
145 1.92232 
146 1.92932
147 1.96622
148 1.95882
149 1.9873
150 2.00413
151 2.02831
152 2.04261
153 2.05495
154 2.07367
155 2.07336
156 2.07983
157 2.09426
158 2.11186
159 2.11931
160 2.10308
161 2.14901
162 2.14701 
163 2.15978
164 2.16625
165 2.17943
166 2.18219
167 2.1947
168 2.20516
169 2.21354
170 2.22416
171 2.24261
172 2.24515
173 2.24446
174 2.25039
175 2.2613
176 2.25645
177 2.25682
178 2.25625
179 2.2642 
180 2.26065
181 2.26721
182 2.27032
183 2.27727
184 2.28455
185 2.28345
186 2.28269
187 2.28648
188 2.29881
189 2.29584
190 2.28877
191 2.29302
192 2.29972
193 2.29272
194 2.30127
195 2.29527
196 2.2916 
197 2.29709
198 2.2912
199 2.32165
200 2.32032
201 2.31558
202 2.31104
203 2.31203
204 2.30879
205 2.31098
206 2.31221
207 2.30489
208 2.31019
209 2.30556
210 2.30809
211 2.30064
212 2.28991
213 2.29614 
214 2.28747
215 2.27727
216 2.26984
217 2.27084
218 2.24935
219 2.23251
220 2.23355
221 2.22563
222 2.22848
223 2.20266
224 2.20328
225 2.19103
226 2.1787
227 2.16903
228 2.15255
229 2.14338
230 2.13809 
231 2.12796
232 2.10533
233 2.11749
234 2.09793
235 2.09108
236 2.09352
237 2.08602
238 2.06884
239 2.06482
240 2.0643
241 2.04997
242 2.04847
243 2.04075
244 2.03874
245 2.03032
246 2.01329
247 2.01861 
248 2.01198
249 2.01503
250 2.01197
251 2.01422
252 2.00268
253 2.01207
254 2.00645
255 2.00478
256 2.00846
257 2.0058
258 2.0146
259 1.96804
260 1.99836
261 1.98759
262 2.03252
263 2.03508
264 2.02324 
265 2.02362
266 2.02228
267 2.03303
268 2.0385
269 2.04049
270 2.04133
271 2.04903
272 2.05035
273 2.06432
274 2.05346
275 2.06697
276 2.06791
277 2.07622
278 2.08437
279 2.07608
280 2.09034
281 2.09305 
282 2.10017
283 2.10202
284 2.09111
285 2.09029
286 2.10501
287 2.10963
288 2.10921
289 2.11773
290 2.11583
291 2.12198
292 2.13071
293 2.11217
294 2.11575
295 2.14412
296 2.14213
297 2.13397
298 2.12448 
299 2.13114
300 2.14283
301 2.12847
302 2.16092
303 2.15189
304 2.1604
305 2.13911
306 2.1781
307 2.15243
308 2.14239
309 2.15442
310 2.19027
311 2.17731
312 2.18742
313 2.18729
314 2.1889
315 2.20215 
316 2.21034
317 2.2127
318 2.21219
319 2.22742
320 2.22452
321 2.23166
322 2.21981
323 2.23773
324 2.24857
325 2.2549
326 2.25542
327 2.25475
328 2.2569
329 2.27559
330 2.27476
331 2.26943
332 2.29722 
333 2.27851
334 2.29228
335 2.30735
336 2.32393
337 2.3199
338 2.30928
339 2.32474
340 2.33358
341 2.33324
342 2.34473
343 2.34066
344 2.36537
345 2.35258
346 2.3552
347 2.33459
348 2.33912
349 2.38585 
350 2.3848
351 2.37238
352 2.36944
353 2.38798
354 2.38383
355 2.38455
356 2.39525
357 2.39264
358 2.39683
359 2.40594
360 2.39814
361 2.3969
362 2.39556
363 2.38735
364 2.40043
365 2.39299
366 2.39731 
367 2.3801
368 2.37508
369 2.38274
370 2.3848
371 2.39025
372 2.38835
373 2.37479
374 2.38745
375 2.37159
376 2.36138
377 2.36732
378 2.37572
379 2.37577
380 2.36265
381 2.35881
382 2.3574
383 2.34615 
384 2.35191
385 2.35312
386 2.32004
387 2.3457
388 2.31852
389 2.32863
390 2.33177
391 2.32973
392 2.32271
393 2.32403
394 2.30838
395 2.30122
396 2.30916
397 2.31478
398 2.29508
399 2.29527
400 2.29799 
401 2.27514
402 2.28172
403 2.27673
404 2.27539
405 2.27652
406 2.25961
407 2.25913
408 2.24873
409 2.25981
410 2.24772
411 2.24541
412 2.2258
413 2.24691
414 2.20396
415 2.235
416 2.22625
417 2.21686 
418 2.21207
419 2.2119
420 2.20548
421 2.18957
422 2.19131
423 2.17947
424 2.18793
425 2.20329
426 2.18852
427 2.19635
428 2.18455
429 2.1849
430 2.17948
431 2.16102
432 2.15968
433 2.15039
434 2.15935 
435 2.14331
436 2.127
437 2.15621
438 2.1331
439 2.13869
440 2.12523
441 2.12133
442 2.1275
443 2.12965
444 2.1346
445 2.12828
446 2.12217
447 2.12618
448 2.11213
449 2.11855
450 2.10871
451 2.10524
452 2.09891
453 2.08569
454 2.09295
455 2.10015
456 2.11851
457 2.08955
458 2.09436
459 2.08705
460 2.07772
461 2.08466
462 2.10019
463 2.09005
464 2.07493
465 2.07801
466 2.09511
467 2.0704
468 2.0973
469 2.10303
470 2.10012
471 2.09743
472 2.08872
473 2.09037
474 2.08557
475 2.10039
476 2.09039
477 2.08651
478 2.08702
479 2.08742
480 2.07829
481 2.0871
482 2.07872
483 2.0886
484 2.08435
485 2.08365
486 2.10064
487 2.08228
488 2.093
489 2.09308
490 2.0851
491 2.09447
492 2.08714
493 2.09176
494 2.0947
495 2.09791
496 2.09901
497 2.09466
498 2.10675
499 2.08884
500 2.10691
501 2.10883
502 2.10357
503 2.10217 
504 2.09104
505 2.11569
506 2.09796
507 2.11785
508 2.11118
509 2.11026
510 2.11128
511 2.11553
512 2.1116
513 2.11647
514 2.11767
515 2.1328
516 2.11552
517 2.12715
518 2.13371
519 2.12467
520 2.12433 
521 2.139
522 2.13484
523 2.12346
524 2.15542
525 2.12526
526 2.16115
527 2.15293
528 2.15266
529 2.15687
530 2.14617
531 2.15708
532 2.16066
533 2.12991
534 2.15902
535 2.10631
536 2.16356
537 2.14024 
538 2.14031
539 2.1937
540 2.15827
541 2.17455
542 2.15484
543 2.17652
544 2.16789
545 2.17217
546 2.16739
547 2.17297
548 2.17001
549 2.16188
550 2.16478
551 2.17553
552 2.17461
553 2.17172
554 2.16965 
555 2.16039
556 2.16096
557 2.13727
558 2.18105
559 2.1659
560 2.18922
561 2.18236
562 2.16888
563 2.18331
564 2.18107
565 2.17522
566 2.17347
567 2.18437
568 2.18476
569 2.1796
570 2.17659
571 2.19283 
572 2.18512
573 2.18474
574 2.18472
575 2.18323
576 2.17317
577 2.17972
578 2.17425
579 2.18073
580 2.16361
581 2.1549
582 2.1404
583 2.17073
584 2.18472
585 2.18626
586 2.17604
587 2.20619
588 2.19075 
589 2.18702
590 2.17091
591 2.16853
592 2.17392
593 2.17084
594 2.17294
595 2.16967
596 2.1736
597 2.17197
598 2.1427
599 2.18147
600 2.18474
601 2.16738
602 2.168
603 2.17117
604 2.16515
605 2.1595
606 2.15376
607 2.15777
608 2.15114
609 2.15488
610 2.1513
611 2.15277
612 2.15098
613 2.15358
614 2.1496
615 2.14338
616 2.1441
617 2.13866
618 2.13971
619 2.1421
620 2.14111
621 2.14686
622 2.12458
623 2.14741 
624 2.13816
625 2.1415
626 2.14153
627 2.11452
628 2.12359
629 2.11437
630 2.13623
631 2.12932
632 2.12165
633 2.14717
634 2.13323
635 2.12822
636 2.12896
637 2.12744
638 2.11837
639 2.11058
640 2.10646 
641 2.10299
642 2.11499
643 2.10283
644 2.12408
645 2.11796
646 2.10542
647 2.10377
648 2.09336
649 2.092
650 2.0923
651 2.09231
652 2.0832
653 2.09622
654 2.08267
655 2.06813
656 2.06968
657 2.07628 
658 2.08327
659 2.06753
660 2.0679
661 2.05915
662 2.04917
663 2.06777
664 2.05458
665 2.05832
666 2.04651
667 2.04193
668 2.01789
669 1.95651
670 2.05322
671 2.08262
672 2.04615
673 2.05974
674 2.03806 
675 2.06579
676 2.04637
677 2.03519
678 2.03776
679 2.02616
680 2.01857
681 2.0203
682 2.01837
683 2.01031
684 2.01503
685 2.01789
686 2.00383
687 1.98941
688 2.00401
689 2.02962
690 2.00055
691 2.0085 
692 1.99985
693 2.00611
694 1.99409
695 2.00018
696 2.00123
697 1.99516
698 1.98669
699 1.98282
700 1.98408
701 1.9822
702 1.98388
703 1.98116
704 1.98235
705 1.98646
706 1.96865
707 1.97332
708 1.97331 
709 1.97727
710 1.97063
711 1.96743
712 1.96638
713 1.95623
714 1.96349
715 1.94995
716 1.94796
717 1.93944
718 1.94627
719 1.94706
720 1.93599
721 1.9405
722 1.93287
723 1.93184
724 1.93265
725 1.9253 
726 1.91231
727 1.89655
728 1.91544
729 1.91927
730 1.91668
731 1.90927
732 1.90517
733 1.89702
734 1.9046
735 1.92063
736 1.9209
737 1.89753
738 1.91201
739 1.90071
740 1.89461
741 1.89395
742 1.89911 
743 1.89713
744 1.90097
745 1.89913
746 1.90302
747 1.90005
748 1.88689
749 1.88967
750 1.90212
751 1.87556
752 1.90097
753 1.91065
754 1.89803
755 1.87596
756 1.89598
757 1.87773
758 1.8871
759 1.8914 
760 1.88772
761 1.88397
762 1.88378
763 1.86556
764 1.87366
765 1.87615
766 1.87135
767 1.87401
768 1.87881
769 1.86951
770 1.87448
771 1.87294
772 1.86198
773 1.86041
774 1.85353
775 1.86126
776 1.85774 
777 1.86027
778 1.8433
779 1.83185
780 1.88162
781 1.87749
782 1.93895
783 1.90368
784 1.89105
785 1.87527
786 1.8673
787 1.85828
788 1.88591
789 1.87222
790 1.88095
791 1.87033
792 1.847
793 1.87563 
794 1.8676
795 1.87365
796 1.86879
797 1.85953
798 1.83969
799 1.889
800 1.88061
801 1.84787
802 1.84195
803 1.85919
804 1.85095
805 1.85712
806 1.86006
807 1.85266
808 1.81823
809 1.89784
810 1.84221 
811 1.85316
812 1.86707
813 1.82111
814 1.90746
815 1.87566
816 1.85084
817 1.84372
818 1.83914
819 1.83718
820 1.85326
821 1.86662
822 1.84375
823 1.87872
824 1.86604
825 1.85155
826 1.84354
827 1.86965 
828 1.86911
829 1.89627
830 1.83472
831 1.8775
832 1.84964
833 1.87124
834 1.85309
835 1.86563
836 1.85871
837 1.85826
838 1.86024
839 1.85207
840 1.86866
841 1.87076
842 1.82379
843 1.82791
844 1.90202 
845 1.85326
846 1.83171
847 1.81945
848 1.84283
849 1.85405
850 1.8461
851 1.85767
852 1.83024
853 1.83567
854 1.83097
855 1.83387
856 1.83147
857 1.82658
858 1.82543
859 1.86086
860 1.85299
861 1.85305 
862 1.8535
863 1.82911
864 1.83965
865 1.84616
866 1.83804
867 1.82859
868 1.84037
869 1.85198
870 1.83261
871 1.8472
872 1.87129
873 1.83759
874 1.83801
875 1.85645
876 1.83601
877 1.84371
878 1.83281 
879 1.84263
880 1.83588
881 1.8394
882 1.84026
883 1.82275
884 1.88927
885 1.83386
886 1.84457
887 1.82719
888 1.83196
889 1.82853
890 1.84573
891 1.83587
892 1.82326
893 1.84491
894 1.8249
895 1.82951 
896 1.82614
897 1.82371
898 1.82028
899 1.81601
900 1.82806
901 1.83037
902 1.81778
903 1.81508
904 1.82512
905 1.80665
906 1.82852
907 1.84043
908 1.83366
909 1.80149
910 1.77803
911 1.84387
912 1.80293 
913 1.80534
914 1.79558
915 1.8177
916 1.80479
917 1.80774
918 1.81494
919 1.79629
920 1.82445
921 1.78394
922 1.79856
923 1.81409
924 1.80074
925 1.79491
926 1.79603
927 1.779
928 1.78747
929 1.8181 
930 1.8133
931 1.79921
932 1.79277
933 1.81809
934 1.767
935 1.78324
936 1.7734
937 1.77466
938 1.78135
939 1.78738
940 1.78798
941 1.78542
942 1.77732
943 1.7823
944 1.76272
945 1.76574
946 1.7805
947 1.76734
948 1.77326
949 1.78041
950 1.75817
951 1.7529
952 1.77213
953 1.76384
954 1.77633
955 1.75986
956 1.76677
957 1.76653
958 1.77061
959 1.75645
960 1.75936
961 1.75638
962 1.75746
963 1.76735
964 1.74871
965 1.75613
966 1.75734
967 1.75096
968 1.74582
969 1.76836
970 1.75344
971 1.73044
972 1.7539
973 1.74202
974 1.74427
975 1.72471
976 1.75717
977 1.75812
978 1.73712
979 1.71759
980 1.7209
981 1.76303
982 1.72658
983 1.72411
984 1.7348
985 1.74156
986 1.71952
987 1.72371
988 1.72055
989 1.7343
990 1.72918
991 1.73428
992 1.72947
993 1.71024
994 1.7634
995 1.74056
996 1.71424
997 1.72526
998 1.75215
999 1.74585
1000 1.73515
1001 1.70532
1002 1.72109
1003 1.71138
1004 1.7278
1005 1.71789
1006 1.71636
1007 1.72554
1008 1.72651
1009 1.71373
1010 1.72125
1011 1.71294
1012 1.71947
1013 1.70918 
1014 1.71798
1015 1.70861
1016 1.72095
1017 1.70817
1018 1.70515
1019 1.71422
1020 1.69463
1021 1.7167
1022 1.7055
1023 1.70587
1024 1.70518
1025 1.7243
1026 1.7137
1027 1.71381
1028 1.71584
1029 1.71758 
1030 1.71513
1031 1.71722
1032 1.71113
1033 1.72273
1034 1.71217
1035 1.70931
1036 1.7108
1037 1.70483
1038 1.70332
1039 1.69708
1040 1.69055
1041 1.698
1042 1.69187
1043 1.68964
1044 1.69939
1045 1.69393 
1046 1.6895
1047 1.70024
1048 1.70616
1049 1.69243
1050 1.68179
1051 1.68637
1052 1.68478
1053 1.67851
1054 1.6852
1055 1.68727
1056 1.68439
1057 1.67668
1058 1.6776
1059 1.67581
1060 1.67298
1061 1.66668 
1062 1.67194
1063 1.67905
1064 1.68135
1065 1.67102
1066 1.66314
1067 1.66115
1068 1.67193
1069 1.67485
1070 1.66978
1071 1.66849
1072 1.67204
1073 1.67584
1074 1.65826
1075 1.66227
1076 1.66549
1077 1.6652
1078 1.66923
1079 1.68763
1080 1.6914
1081 1.68799
1082 1.68387
1083 1.68439
1084 1.68317
1085 1.67901
1086 1.6777
1087 1.67634
1088 1.68065
1089 1.6824
1090 1.69201
1091 1.68539
1092 1.68515
1093 1.6873
1094 1.68155
1095 1.66948
1096 1.68631
1097 1.68661
1098 1.69732
1099 1.69325
1100 1.69699
1101 1.68796
1102 1.68383
1103 1.69365
1104 1.69464
1105 1.68787
1106 1.69204
1107 1.69339
1108 1.68582 
1109 1.69049
1110 1.68921
1111 1.68789
1112 1.69396
1113 1.68611
1114 1.69494
1115 1.7001
1116 1.69779
1117 1.69407
1118 1.69762
1119 1.69099
1120 1.69528
1121 1.68626
1122 1.66507
1123 1.69051
1124 1.69505 
1125 1.72377
1126 1.72386
1127 1.73114
1128 1.71885
1129 1.70898
1130 1.72589
1131 1.72143
1132 1.71744
1133 1.71187
1134 1.70591
1135 1.71513
1136 1.71108
1137 1.71085
1138 1.71474
1139 1.7132
1140 1.71894 
1141 1.7113
1142 1.71769
1143 1.71856
1144 1.72015
1145 1.7243
1146 1.71108
1147 1.70171
1148 1.72455
1149 1.7229
1150 1.71862
1151 1.72434
1152 1.7355
1153 1.74184
1154 1.74148
1155 1.75261
1156 1.74572 
1157 1.73797
1158 1.7346
1159 1.72828
1160 1.7381
1161 1.70594
1162 1.76167
1163 1.70271
1164 1.74296
1165 1.74301
1166 1.74566
1167 1.73544
1168 1.74049
1169 1.74312
1170 1.74161
1171 1.7407
1172 1.73897 
1173 1.73959
1174 1.72258
1175 1.7043
1176 1.73135
1177 1.74523
1178 1.71335
1179 1.75079
1180 1.74837
1181 1.74281
1182 1.75245
1183 1.74924
1184 1.73933
1185 1.74992
1186 1.74214
1187 1.74503
1188 1.75659 
1189 1.75895
1190 1.74949
1191 1.75341
1192 1.75327
1193 1.74994
1194 1.75293
1195 1.76078
1196 1.75692
1197 1.75596
1198 1.75552
1199 1.75739
1200 1.75626
1201 1.75363
1202 1.76138
1203 1.75318
1204 1.75251
1205 1.76153
1206 1.7635
1207 1.76351
1208 1.76486
1209 1.76443
1210 1.76387
1211 1.76624
1212 1.76782
1213 1.76604
1214 1.76408
1215 1.76672
1216 1.76604
1217 1.77564
1218 1.76916
1219 1.76994 
1220 1.76952
1221 1.77242
1222 1.77263
1223 1.77534
1224 1.77566
1225 1.77687
1226 1.78067
1227 1.78563
1228 1.78987
1229 1.80116
1230 1.80708
1231 1.81193
1232 1.82771
1233 1.84234
1234 1.85422
1235 1.89053
1236 1.92924
1237 1.94423
1238 2.04355
1239 2.1027
1240 2.13357
