:runabs2_sun  from pixel 0 to 1240 from stripe 3 to 14
:I0 number of accum:  10
:Sample number of accum: 10
:Sample position : cell
:I0 position  : i0
:Integration time sample (ms) : 150
:Integration time I0 (ms) : 3
:file_descriptor : CuS
:background substraction YES
:background acquisition YES
:N 
: Fri Apr 11 18:22:57 2003
0 -0.242141
1 -0.239696
2 -0.239233
3 -0.234424
4 -0.237958
5 -0.239087
6 -0.241871
7 -0.230218
8 -0.24727
9 -0.233568
10 -0.237535
11 -0.24413
12 -0.237611
13 -0.240201
14 -0.234918
15 -0.239335
16 -0.241818 
17 -0.238922
18 -0.234882
19 -0.228791
20 -0.253396
21 -0.2374
22 -0.237297
23 -0.244195
24 -0.239623
25 -0.23549
26 -0.240055
27 -0.239753
28 -0.236177
29 -0.238343
30 -0.241579
31 -0.235722
32 -0.244532 
33 -0.233851
34 -0.237134
35 -0.238911
36 -0.231522
37 -0.232341
38 -0.22992
39 -0.233401
40 -0.226846
41 -0.231707
42 -0.232155
43 -0.231058
44 -0.229913
45 -0.231718
46 -0.234338
47 -0.227039
48 -0.230881 
49 -0.223737
50 -0.227394
51 -0.234424
52 -0.230544
53 -0.232503
54 -0.22705
55 -0.235617
56 -0.221963
57 -0.230337
58 -0.215352
59 -0.212723
60 -0.223631
61 -0.218535
62 -0.217608
63 -0.216726
64 -0.21421 
65 -0.213448
66 -0.208011
67 -0.213996
68 -0.2029
69 -0.210045
70 -0.208956
71 -0.207106
72 -0.20385
73 -0.209658
74 -0.199299
75 -0.200011
76 -0.196189
77 -0.187539
78 -0.190891
79 -0.185296
80 -0.180522 
81 -0.182521
82 -0.174224
83 -0.16942
84 -0.171407
85 -0.157609
86 -0.157408
87 -0.15695
88 -0.13623
89 -0.132766
90 -0.128516
91 -0.104683
92 -0.0945833
93 -0.0712928
94 -0.050871
95 -0.0170497
96 0.0152923 
97 0.0489428
98 0.0929481
99 0.135268
100 0.165458
101 0.214803
102 0.274585
103 0.349508
104 0.436638
105 0.549349
106 0.665681
107 0.784345
108 0.922265
109 1.04299
110 1.17591
111 1.3046
112 1.41876 
113 1.54643
114 1.63963
115 1.73874
116 1.82918
117 1.9252
118 2.01466
119 2.11563
120 2.20183
121 2.29687
122 2.35391
123 2.42241
124 2.47262
125 2.51041
126 2.50919
127 2.52508
128 2.5153
129 2.52033 
130 2.52123
131 2.52508
132 2.5313
133 2.5703
134 2.56652
135 2.61822
136 2.63006
137 2.65602
138 2.68348
139 2.70271
140 2.70546
141 2.74445
142 2.7505
143 2.75888
144 2.78825
145 2.76881
146 2.81428 
147 2.81447
148 2.84017
149 2.84598
150 2.87552
151 2.89318
152 2.91481
153 2.92245
154 2.94363
155 2.95651
156 2.98702
157 2.99249
158 3.05422
159 3.02414
160 3.05796
161 3.08418
162 3.08203
163 3.10611 
164 3.11486
165 3.12176
166 3.13999
167 3.15603
168 3.17838
169 3.18901
170 3.20968
171 3.21962
172 3.23023
173 3.23753
174 3.25255
175 3.26121
176 3.26884
177 3.2674
178 3.26913
179 3.28682
180 3.2745 
181 3.27058
182 3.2691
183 3.28397
184 3.27835
185 3.27869
186 3.2676
187 3.28221
188 3.29019
189 3.26841
190 3.28448
191 3.27211
192 3.27607
193 3.27751
194 3.27815
195 3.27481
196 3.27587
197 3.28548 
198 3.28121
199 3.28321
200 3.27833
201 3.28422
202 3.28701
203 3.2801
204 3.28224
205 3.28906
206 3.28829
207 3.27332
208 3.28832
209 3.28444
210 3.2844
211 3.27488
212 3.28093
213 3.28283
214 3.27606 
215 3.27399
216 3.27476
217 3.27795
218 3.26801
219 3.26541
220 3.26625
221 3.25659
222 3.24483
223 3.24055
224 3.2415
225 3.23267
226 3.22214
227 3.20514
228 3.20236
229 3.18872
230 3.18023
231 3.15747 
232 3.15684
233 3.15345
234 3.1277
235 3.12383
236 3.12089
237 3.10502
238 3.07804
239 3.08277
240 3.07384
241 3.0607
242 3.04839
243 3.04016
244 3.02919
245 3.01738
246 3.01244
247 3.0125
248 2.99423 
249 2.98146
250 2.97966
251 2.96402
252 2.96323
253 2.96536
254 2.95033
255 2.95212
256 2.94278
257 2.94654
258 2.93588
259 2.92764
260 2.9409
261 2.91807
262 2.94898
263 2.92794
264 2.93069
265 2.9296 
266 2.93959
267 2.93501
268 2.94711
269 2.92958
270 2.95304
271 2.93354
272 2.95464
273 2.95498
274 2.94299
275 2.95685
276 2.97039
277 2.96984
278 2.98997
279 2.98331
280 2.99011
281 2.99096
282 2.99522 
283 2.99843
284 2.99894
285 3.01176
286 3.03168
287 3.02712
288 3.02307
289 3.03837
290 3.03311
291 3.05701
292 3.06875
293 3.02781
294 3.08797
295 3.0684
296 3.07849
297 3.05913
298 3.0897
299 3.07979 
300 3.08605
301 3.10148
302 3.1021
303 3.11136
304 3.09017
305 3.10688
306 3.12874
307 3.08659
308 3.11195
309 3.12774
310 3.13268
311 3.13514
312 3.15241
313 3.1368
314 3.15632
315 3.1673
316 3.16117 
317 3.16043
318 3.18157
319 3.18268
320 3.18352
321 3.1844
322 3.19184
323 3.20589
324 3.21451
325 3.21493
326 3.21804
327 3.22946
328 3.23416
329 3.23566
330 3.24956
331 3.2548
332 3.26373
333 3.27089 
334 3.28257
335 3.28542
336 3.29223
337 3.28048
338 3.31105
339 3.31735
340 3.3206
341 3.30874
342 3.31249
343 3.31976
344 3.34381
345 3.33348
346 3.33668
347 3.33611
348 3.38006
349 3.35059
350 3.36905 
351 3.37431
352 3.38534
353 3.37877
354 3.37811
355 3.39311
356 3.39509
357 3.38858
358 3.40162
359 3.39811
360 3.39767
361 3.39618
362 3.40253
363 3.40902
364 3.40877
365 3.40144
366 3.40538
367 3.3942 
368 3.42243
369 3.40756
370 3.41851
371 3.41251
372 3.41609
373 3.40638
374 3.41514
375 3.40216
376 3.40778
377 3.40363
378 3.42795
379 3.40131
380 3.39156
381 3.40268
382 3.39871
383 3.3869
384 3.40065 
385 3.39304
386 3.35942
387 3.42709
388 3.36692
389 3.37544
390 3.38008
391 3.37092
392 3.37776
393 3.36486
394 3.3565
395 3.35717
396 3.35272
397 3.3521
398 3.32622
399 3.33987
400 3.33263
401 3.33176 
402 3.31347
403 3.325
404 3.31288
405 3.32471
406 3.30036
407 3.30437
408 3.29943
409 3.30018
410 3.27843
411 3.28495
412 3.28714
413 3.28961
414 3.25774
415 3.26641
416 3.2478
417 3.23952
418 3.24503 
419 3.24458
420 3.21165
421 3.22018
422 3.21645
423 3.20153
424 3.21413
425 3.2094
426 3.19593
427 3.20498
428 3.18851
429 3.18478
430 3.1775
431 3.17092
432 3.18389
433 3.13943
434 3.15747
435 3.15405 
436 3.15058
437 3.12687
438 3.13312
439 3.14111
440 3.12445
441 3.12343
442 3.12357
443 3.12477
444 3.10499
445 3.12411
446 3.09734
447 3.11528
448 3.08325
449 3.09101
450 3.08688
451 3.06914
452 3.09776 
453 3.07635
454 3.07188
455 3.08069
456 3.06449
457 3.06672
458 3.07281
459 3.06084
460 3.05416
461 3.04843
462 3.05784
463 3.043
464 3.04771
465 3.07362
466 3.03405
467 3.03879
468 3.06223
469 3.04472 
470 3.04776
471 3.04394
472 3.03449
473 3.03338
474 3.03297
475 3.04245
476 3.02576
477 3.04198
478 3.04109
479 3.03876
480 3.03137
481 3.02909
482 3.03645
483 3.0251
484 3.0341
485 3.01847
486 3.03349 
487 3.02402
488 3.03941
489 3.03459
490 3.02989
491 3.02347
492 3.02554
493 3.03242
494 3.03967
495 3.03198
496 3.03999
497 3.04136
498 3.0455
499 3.03713
500 3.04558
501 3.01967
502 3.06097
503 3.02319 
504 3.04947
505 3.04773
506 3.05253
507 3.04218
508 3.06
509 3.05473
510 3.06054
511 3.06202
512 3.03976
513 3.06468
514 3.067
515 3.0677
516 3.05712
517 3.07628
518 3.0689
519 3.05881
520 3.08075
521 3.07841
522 3.07641
523 3.08927
524 3.07792
525 3.0889
526 3.08946
527 3.10339
528 3.09615
529 3.10519
530 3.0802
531 3.10758
532 3.10846
533 3.10686
534 3.11212
535 3.09851
536 3.13618
537 3.09062
538 3.1235
539 3.13481
540 3.12529
541 3.11219
542 3.12119
543 3.1377
544 3.13088
545 3.12942
546 3.13477
547 3.13217
548 3.14374
549 3.13089
550 3.1378
551 3.13908
552 3.14674
553 3.14996
554 3.14298
555 3.15141
556 3.14411
557 3.15367
558 3.17859
559 3.12751
560 3.16021
561 3.14706
562 3.17231
563 3.1528
564 3.16521
565 3.15365
566 3.1713
567 3.17701
568 3.17511
569 3.16281
570 3.17451
571 3.17474
572 3.15752
573 3.17277
574 3.17142
575 3.18441
576 3.16676
577 3.16977
578 3.17786
579 3.16218
580 3.1803
581 3.15098
582 3.16221
583 3.18387
584 3.16614
585 3.17089
586 3.18954
587 3.18396
588 3.18029
589 3.18178
590 3.17214
591 3.20206
592 3.17762
593 3.17604
594 3.17617
595 3.17408
596 3.19086
597 3.17656
598 3.19009
599 3.18492
600 3.19261
601 3.19081
602 3.17815
603 3.19591
604 3.18379
605 3.1837
606 3.18406
607 3.17594
608 3.19013
609 3.17831
610 3.18737
611 3.17777
612 3.1718
613 3.18415
614 3.16988
615 3.1783
616 3.16946
617 3.18465
618 3.16736
619 3.16618
620 3.19822
621 3.1568
622 3.19114
623 3.17597
624 3.17435
625 3.1867
626 3.16856
627 3.16035
628 3.19256
629 3.12132
630 3.19009
631 3.16574
632 3.15474
633 3.17558
634 3.15381
635 3.17183
636 3.16958
637 3.16014
638 3.15726
639 3.1534
640 3.15316
641 3.16321
642 3.14448
643 3.1591
644 3.15981
645 3.15337
646 3.14891
647 3.14681
648 3.14232
649 3.1301
650 3.15023
651 3.13042
652 3.13732
653 3.13506
654 3.12072
655 3.11999
656 3.13337
657 3.12673
658 3.12032
659 3.12394
660 3.11255
661 3.11038
662 3.11517
663 3.11958
664 3.1176
665 3.10903
666 3.10377
667 3.10414
668 3.09146
669 3.08856
670 3.1718
671 3.00301
672 3.10554
673 3.09887
674 3.1121
675 3.08775
676 3.08758
677 3.08672
678 3.08669
679 3.08523
680 3.08475
681 3.08134
682 3.08441
683 3.08582
684 3.08006
685 3.07368
686 3.05993
687 3.06648
688 3.07767
689 3.06235
690 3.05883
691 3.07295
692 3.05542
693 3.07173
694 3.0454
695 3.06746
696 3.05739
697 3.04343
698 3.0504
699 3.05321
700 3.05075
701 3.05375
702 3.04845
703 3.04887
704 3.05059
705 3.04225
706 3.04237
707 3.04226
708 3.05051
709 3.0406
710 3.03878
711 3.03452
712 3.02569
713 3.03908
714 3.0244
715 3.02797
716 3.02729
717 3.02151
718 3.01837
719 3.0211
720 3.01651
721 3.01327
722 3.01795
723 3.00654
724 3.01835
725 3.00937
726 3.00407
727 2.99826
728 3.00679
729 3.02398
730 2.9981
731 2.99743
732 2.99997
733 3.0062
734 2.98981
735 3.00751
736 2.9813
737 2.99749
738 2.98863
739 2.98688
740 2.98645
741 2.98856
742 2.98695
743 2.99424
744 2.98662
745 2.99182
746 2.98232
747 2.98279
748 2.98123
749 2.99441
750 2.97262
751 2.97903
752 2.98227
753 2.97062
754 2.96898
755 2.97639
756 2.97711
757 2.96693
758 2.98374
759 2.97891
760 2.97089
761 2.97095
762 2.97083
763 2.97137
764 2.98195
765 2.96512
766 2.97081
767 2.97852
768 2.9618
769 2.98378
770 2.97082
771 2.96249
772 2.96935
773 2.96529
774 2.95921
775 2.96196
776 2.96719
777 2.96954
778 2.95507
779 2.97854
780 2.95273
781 2.96312
782 2.95218
783 2.95508
784 2.94026
785 2.96446
786 2.95905
787 2.96442
788 2.92192
789 2.91052
790 2.99287
791 2.94904
792 2.94891
793 2.96845
794 2.95737
795 2.94703
796 2.95605
797 2.95563
798 2.94356
799 2.97505
800 2.90269
801 2.96286
802 2.97383
803 2.952
804 2.95674
805 2.95325
806 2.95206
807 2.93874
808 2.95479
809 2.93478
810 2.95658
811 2.95864
812 2.93486
813 2.9347
814 2.97321
815 2.94465
816 2.95645
817 2.95095
818 2.94567
819 2.93897
820 2.95227
821 2.94284
822 2.95235
823 2.95718
824 2.94787
825 2.93929
826 2.94045
827 2.93692
828 2.94911
829 2.93808
830 2.95598
831 2.96316
832 2.95813
833 2.9504
834 2.9583
835 2.94408
836 2.96153
837 2.94422
838 2.96643
839 2.92868
840 2.97727
841 2.93019
842 2.94334
843 2.99868
844 2.93434
845 2.92456
846 2.9727
847 2.94658
848 2.97538
849 2.93232
850 2.95606
851 2.95158
852 2.9627
853 2.94966
854 2.95975
855 2.94852
856 2.95657
857 2.95413
858 2.95792
859 2.95835
860 2.95002
861 2.97092
862 2.93438
863 2.97082
864 2.95533
865 2.95624
866 2.94768
867 2.94866
868 2.95895
869 2.94852
870 2.94504
871 2.96613
872 2.93917
873 2.9603
874 2.96392
875 2.95114
876 2.97871
877 2.95046
878 2.95537
879 2.95874
880 2.95331
881 2.95669
882 2.95212
883 2.95335
884 2.9411
885 2.96042
886 2.95449
887 2.95261
888 2.95753
889 2.9547
890 2.95425
891 2.94942
892 2.9402
893 2.9556
894 2.94222
895 2.95352 
896 2.94688
897 2.95562
898 2.94708
899 2.96001
900 2.94852
901 2.94671
902 2.94309
903 2.95339
904 2.94044
905 2.95366
906 2.95977
907 2.95252
908 2.91903
909 2.92132
910 2.9838
911 2.92621
912 2.95883 
913 2.93071
914 2.94431
915 2.94409
916 2.93614
917 2.94547
918 2.9272
919 2.94773
920 2.93299
921 2.93371
922 2.94201
923 2.9409
924 2.93311
925 2.93272
926 2.94089
927 2.91931
928 2.94996
929 2.93445 
930 2.92642
931 2.92262
932 2.93413
933 2.92198
934 2.92419
935 2.93445
936 2.92691
937 2.92689
938 2.91791
939 2.91613
940 2.91476
941 2.92561
942 2.9208
943 2.90992
944 2.9239
945 2.922
946 2.92129 
947 2.91065
948 2.92075
949 2.9083
950 2.90774
951 2.91362
952 2.90434
953 2.90345
954 2.89803
955 2.91132
956 2.89648
957 2.90667
958 2.90489
959 2.90355
960 2.90427
961 2.88722
962 2.90755
963 2.89117 
964 2.89554
965 2.89042
966 2.89542
967 2.88771
968 2.89358
969 2.89074
970 2.88225
971 2.89068
972 2.88163
973 2.89138
974 2.86979
975 2.89884
976 2.88453
977 2.87874
978 2.88041
979 2.87631
980 2.89146 
981 2.86928
982 2.87384
983 2.87716
984 2.8821
985 2.87456
986 2.87001
987 2.87536
988 2.87506
989 2.88073
990 2.87215
991 2.87103
992 2.8638
993 2.87022
994 2.85799
995 2.86649
996 2.87347
997 2.87178 
998 2.82437
999 2.87631
1000 2.85727
1001 2.8683
1002 2.85403
1003 2.86039
1004 2.8543
1005 2.84888
1006 2.85491
1007 2.85303
1008 2.84752
1009 2.85026
1010 2.84904
1011 2.84297
1012 2.84669
1013 2.84543 
1014 2.84189
1015 2.84212
1016 2.84003
1017 2.83514
1018 2.84621
1019 2.83057
1020 2.8465
1021 2.82823
1022 2.8321
1023 2.82949
1024 2.82494
1025 2.82579
1026 2.82931
1027 2.83025
1028 2.82384
1029 2.82921 
1030 2.83397
1031 2.82901
1032 2.82623
1033 2.83073
1034 2.82507
1035 2.83103
1036 2.81869
1037 2.82138
1038 2.81755
1039 2.818
1040 2.82418
1041 2.8185
1042 2.81761
1043 2.81592
1044 2.81046
1045 2.81167 
1046 2.80289
1047 2.82329
1048 2.7961
1049 2.80946
1050 2.80866
1051 2.80597
1052 2.80177
1053 2.80436
1054 2.80628
1055 2.79772
1056 2.80247
1057 2.80079
1058 2.79656
1059 2.79755
1060 2.79012
1061 2.7962 
1062 2.7934
1063 2.79072
1064 2.78476
1065 2.79193
1066 2.79052
1067 2.79213
1068 2.79031
1069 2.78382
1070 2.78734
1071 2.77993
1072 2.78564
1073 2.77197
1074 2.77765
1075 2.78167
1076 2.77701
1077 2.78014 
1078 2.78348
1079 2.77363
1080 2.78196
1081 2.77472
1082 2.77371
1083 2.77278
1084 2.77498
1085 2.77485
1086 2.77704
1087 2.76078
1088 2.7792
1089 2.77251
1090 2.77357
1091 2.76714
1092 2.77499
1093 2.76859 
1094 2.77018
1095 2.77147
1096 2.75302
1097 2.78282
1098 2.76452
1099 2.77204
1100 2.76351
1101 2.77252
1102 2.76882
1103 2.7692
1104 2.75695
1105 2.76426
1106 2.76778
1107 2.7612
1108 2.76186
1109 2.76008 
1110 2.74153
1111 2.75929
1112 2.75204
1113 2.75833
1114 2.75058
1115 2.76064
1116 2.75386
1117 2.75642
1118 2.75395
1119 2.75065
1120 2.74637
1121 2.75096
1122 2.74105
1123 2.7422
1124 2.73598
1125 2.74367 
1126 2.74306
1127 2.74869
1128 2.74161
1129 2.74222
1130 2.75374
1131 2.74598
1132 2.74017
1133 2.73959
1134 2.74758
1135 2.74346
1136 2.73558
1137 2.73762
1138 2.73895
1139 2.7341
1140 2.73438
1141 2.73853 
1142 2.73382
1143 2.72868
1144 2.73766
1145 2.72783
1146 2.72183
1147 2.73195
1148 2.72302
1149 2.72472
1150 2.71456
1151 2.72723
1152 2.71788
1153 2.72806
1154 2.72982
1155 2.73528
1156 2.72308
1157 2.72391
1158 2.72886
1159 2.72654
1160 2.71985
1161 2.73103
1162 2.70763
1163 2.72509
1164 2.72117
1165 2.72493
1166 2.70918
1167 2.71708
1168 2.70679
1169 2.72218
1170 2.71099
1171 2.71614
1172 2.70999 
1173 2.70697
1174 2.69304
1175 2.71669
1176 2.73675
1177 2.67209
1178 2.7081
1179 2.71117
1180 2.69934
1181 2.70667
1182 2.71039
1183 2.69981
1184 2.70372
1185 2.70048
1186 2.69548
1187 2.69334
1188 2.70662 
1189 2.69777
1190 2.6939
1191 2.70103
1192 2.69839
1193 2.68954
1194 2.69219
1195 2.69549
1196 2.70161
1197 2.69452
1198 2.69413
1199 2.69169
1200 2.69577
1201 2.69427
1202 2.70047
1203 2.69101
1204 2.70182 
1205 2.70245
1206 2.71398
1207 2.72237
1208 2.75196
1209 2.79514
1210 2.86165
1211 2.95656
1212 3.02944
1213 3.07207
1214 3.08182
1215 3.05212
1216 3.02649
1217 2.99936
1218 2.98475
1219 2.96869
1220 2.9475
1221 2.93977
1222 2.93265
1223 2.91754
1224 2.90225
1225 2.89405
1226 2.89259
1227 2.87275
1228 2.85984
1229 2.85325
1230 2.83261
1231 2.82558
1232 2.81818
1233 2.80966
1234 2.8094
1235 2.81357 
1236 2.76981
1237 2.76308
1238 2.77667
1239 2.74909
1240 2.73239
