:runabs2_sun  from pixel 0 to 1240 from stripe 3 to 14
:I0 number of accum:  10
:Sample number of accum: 10
:Sample position : cell
:I0 position  : i0
:Integration time sample (ms) : 150
:Integration time I0 (ms) : 2
:file_descriptor : CuS
:background substraction YES
:background acquisition YES
:N 
: Fri Apr 11 16:57:50 2003
0 -0.519393
1 -0.514818
2 -0.515595
3 -0.51163
4 -0.512422
5 -0.51656
6 -0.514008
7 -0.507589
8 -0.517181
9 -0.513737
10 -0.514104
11 -0.520148
12 -0.513774
13 -0.519035
14 -0.511063
15 -0.519197
16 -0.516503 
17 -0.518884
18 -0.516884
19 -0.503536
20 -0.520842
21 -0.518289
22 -0.514466
23 -0.520018
24 -0.519632
25 -0.512696
26 -0.518462
27 -0.520016
28 -0.510791
29 -0.517637
30 -0.517494
31 -0.513621
32 -0.51856 
33 -0.510696
34 -0.508289
35 -0.513561
36 -0.508224
37 -0.507441
38 -0.503547
39 -0.512032
40 -0.504242
41 -0.507301
42 -0.508691
43 -0.507032
44 -0.508028
45 -0.50883
46 -0.509174
47 -0.502775
48 -0.506098 
49 -0.498329
50 -0.497011
51 -0.509376
52 -0.506086
53 -0.507151
54 -0.504203
55 -0.509369
56 -0.498888
57 -0.506247
58 -0.497674
59 -0.488209
60 -0.500596
61 -0.492505
62 -0.492617
63 -0.491158
64 -0.491456 
65 -0.4918
66 -0.483685
67 -0.491218
68 -0.480301
69 -0.48561
70 -0.482164
71 -0.485282
72 -0.477134
73 -0.481914
74 -0.477469
75 -0.470701
76 -0.469534
77 -0.461207
78 -0.463537
79 -0.45852
80 -0.452346 
81 -0.453643
82 -0.447563
83 -0.439888
84 -0.443305
85 -0.428761
86 -0.427477
87 -0.424969
88 -0.408075
89 -0.401151
90 -0.397575
91 -0.374092
92 -0.361893
93 -0.336833
94 -0.314275
95 -0.278732
96 -0.244898 
97 -0.211615
98 -0.16905
99 -0.135317
100 -0.0994384
101 -0.065164
102 -0.00209637
103 0.0660251
104 0.15229
105 0.255501
106 0.370418
107 0.480525
108 0.613339
109 0.738794
110 0.865751
111 0.997044 
112 1.10721
113 1.23281
114 1.32872
115 1.43078
116 1.52691
117 1.62843
118 1.7203
119 1.82506
120 1.90873
121 2.00716
122 2.06305
123 2.12299
124 2.17057
125 2.19205
126 2.18304
127 2.18864
128 2.17844 
129 2.16982
130 2.17162
131 2.1729
132 2.17821
133 2.21215
134 2.20596
135 2.25737
136 2.272
137 2.29335
138 2.31708
139 2.34932
140 2.35035
141 2.37696
142 2.3929
143 2.39934
144 2.41694
145 2.42677 
146 2.44864
147 2.46663
148 2.48272
149 2.50141
150 2.52335
151 2.54277
152 2.55952
153 2.57189
154 2.59511
155 2.60515
156 2.63275
157 2.64401
158 2.67411
159 2.6751
160 2.6763
161 2.71903
162 2.71212 
163 2.72775
164 2.73463
165 2.74514
166 2.7603
167 2.76937
168 2.7898
169 2.80486
170 2.80898
171 2.83167
172 2.8386
173 2.84944
174 2.8519
175 2.86962
176 2.8638
177 2.86751
178 2.8773
179 2.8714
180 2.86977
181 2.87886
182 2.88002
183 2.87111
184 2.88453
185 2.87864
186 2.87754
187 2.89143
188 2.90065
189 2.89634
190 2.89341
191 2.89634
192 2.90301
193 2.8899
194 2.90718
195 2.89706
196 2.89685
197 2.9021
198 2.89728
199 2.91419
200 2.91002
201 2.90985
202 2.91508
203 2.91203
204 2.90683
205 2.90718
206 2.91518
207 2.90981
208 2.91577
209 2.91204
210 2.9056
211 2.90753
212 2.89783
213 2.90617
214 2.90416
215 2.89082
216 2.88608
217 2.89362
218 2.87838
219 2.87338
220 2.8796
221 2.86482
222 2.85135
223 2.84005
224 2.8338
225 2.82063
226 2.81104
227 2.79314
228 2.78077
229 2.77963
230 2.77564
231 2.76049
232 2.74927
233 2.74128
234 2.71566
235 2.71293
236 2.70692
237 2.69451
238 2.67229
239 2.66815
240 2.65698
241 2.65114
242 2.64367
243 2.63155
244 2.62344
245 2.61455
246 2.60549
247 2.6069
248 2.59133
249 2.57951
250 2.57885
251 2.5731
252 2.5654
253 2.57505
254 2.56296
255 2.55739
256 2.55749
257 2.55
258 2.56111
259 2.52461
260 2.57796
261 2.53603
262 2.57042
263 2.55858
264 2.5599
265 2.56087 
266 2.56302
267 2.57174
268 2.57868
269 2.58089
270 2.58721
271 2.57699
272 2.58665
273 2.60797
274 2.59419
275 2.61378
276 2.61629
277 2.61709
278 2.63365
279 2.62196
280 2.6331
281 2.63276
282 2.63375 
283 2.6467
284 2.64892
285 2.65821
286 2.66856
287 2.67112
288 2.66835
289 2.67207
290 2.6728
291 2.68813
292 2.69459
293 2.66838
294 2.6963
295 2.71106
296 2.70074
297 2.69684
298 2.70491
299 2.70461 
300 2.72202
301 2.71165
302 2.74012
303 2.72908
304 2.72984
305 2.71614
306 2.75213
307 2.71668
308 2.73564
309 2.75077
310 2.76386
311 2.75592
312 2.77399
313 2.75816
314 2.78006
315 2.78298
316 2.78045 
317 2.78387
318 2.79382
319 2.80399
320 2.79903
321 2.8105
322 2.80251
323 2.82668
324 2.82729
325 2.83393
326 2.83488
327 2.84173
328 2.84163
329 2.85477
330 2.8593
331 2.85453
332 2.88704
333 2.86665 
334 2.89767
335 2.88875
336 2.89991
337 2.89774
338 2.89893
339 2.91768
340 2.91861
341 2.91392
342 2.92869
343 2.92738
344 2.94792
345 2.9364
346 2.94477
347 2.92998
348 2.97163
349 2.97116
350 2.9666 
351 2.97269
352 2.96353
353 2.97865
354 2.97518
355 2.98515
356 2.99772
357 2.9931
358 2.99213
359 2.99074
360 2.99958
361 2.99537
362 2.99783
363 2.9991
364 3.01385
365 3.00251
366 3.00685
367 3.00551 
368 3.00209
369 3.01246
370 3.01518
371 3.00021
372 3.01169
373 2.99936
374 3.01801
375 2.99858
376 2.9952
377 2.99531
378 3.00834
379 3.00243
380 2.99267
381 2.98848
382 2.9842
383 2.98343
384 2.9791 
385 2.98517
386 2.96149
387 2.99419
388 2.97185
389 2.96733
390 2.97143
391 2.96364
392 2.96291
393 2.95709
394 2.94936
395 2.94489
396 2.94291
397 2.94449
398 2.92292
399 2.92532
400 2.91859
401 2.93069 
402 2.90468
403 2.90848
404 2.90037
405 2.91168
406 2.88301
407 2.88841
408 2.87733
409 2.88716
410 2.87005
411 2.85936
412 2.85057
413 2.88388
414 2.81792
415 2.85415
416 2.83658
417 2.83151
418 2.82787 
419 2.82795
420 2.81416
421 2.80884
422 2.81297
423 2.79644
424 2.79479
425 2.80957
426 2.77372
427 2.80017
428 2.7744
429 2.77811
430 2.76763
431 2.75854
432 2.76216
433 2.74135
434 2.7471
435 2.7385 
436 2.73846
437 2.7398
438 2.71583
439 2.72888
440 2.7172
441 2.71591
442 2.71971
443 2.71226
444 2.71147
445 2.70442
446 2.69652
447 2.70926
448 2.67973
449 2.69474
450 2.67743
451 2.67938
452 2.68798 
453 2.67395
454 2.67923
455 2.67478
456 2.6712
457 2.662
458 2.66972
459 2.65675
460 2.65497
461 2.65458
462 2.66035
463 2.65151
464 2.64128
465 2.66153
466 2.6579
467 2.62708
468 2.66015
469 2.64828 
470 2.64193
471 2.6513
472 2.6356
473 2.64369
474 2.6358
475 2.64431
476 2.6384
477 2.63585
478 2.64289
479 2.6423
480 2.62809
481 2.65764
482 2.63333
483 2.642
484 2.64409
485 2.64036
486 2.64422
487 2.63923
488 2.64338
489 2.6425
490 2.64392
491 2.64266
492 2.64136
493 2.65023
494 2.64739
495 2.64893
496 2.65321
497 2.64446
498 2.65816
499 2.64318
500 2.65931
501 2.64328
502 2.6736
503 2.65561
504 2.6561
505 2.67029
506 2.66461
507 2.6662
508 2.65722
509 2.67434
510 2.67299
511 2.67739
512 2.66777
513 2.67694
514 2.67786
515 2.69594
516 2.67256
517 2.6808
518 2.68933
519 2.68008
520 2.68368
521 2.70188
522 2.69436
523 2.69017
524 2.71447
525 2.68547
526 2.71356
527 2.70588
528 2.7147
529 2.70616
530 2.71229
531 2.71587
532 2.72829
533 2.70751
534 2.74017
535 2.69549
536 2.73951
537 2.7124
538 2.7123
539 2.75388
540 2.71482
541 2.74953
542 2.70482
543 2.73992
544 2.73298
545 2.74454
546 2.73284
547 2.74093
548 2.74268
549 2.73975
550 2.74072
551 2.74654
552 2.73703
553 2.74581
554 2.73853
555 2.74055
556 2.75101
557 2.73238
558 2.77385
559 2.73263
560 2.75047
561 2.75033
562 2.74933
563 2.7498
564 2.74994
565 2.75298
566 2.74821
567 2.75509
568 2.75979
569 2.75345
570 2.74618
571 2.76917
572 2.75191
573 2.75593
574 2.7585
575 2.76491
576 2.75969
577 2.76056
578 2.76563
579 2.75499
580 2.76333
581 2.76755
582 2.74648
583 2.76803
584 2.76165
585 2.77283
586 2.763
587 2.78269
588 2.77281
589 2.76556
590 2.76373
591 2.78039
592 2.77292
593 2.76124
594 2.76632
595 2.7685
596 2.77327
597 2.76982
598 2.75981
599 2.76803
600 2.77977
601 2.76711
602 2.75506
603 2.76587
604 2.77289
605 2.76008
606 2.76626
607 2.76
608 2.75504
609 2.76406
610 2.75566
611 2.7639
612 2.75726
613 2.75689
614 2.75684
615 2.7523
616 2.75428
617 2.751
618 2.75453
619 2.75476
620 2.76062
621 2.76016
622 2.74201
623 2.77769 
624 2.74304
625 2.75813
626 2.75964
627 2.74352
628 2.75947
629 2.717
630 2.75064
631 2.75113
632 2.73105
633 2.76096
634 2.73934
635 2.74855
636 2.74264
637 2.73746
638 2.73339
639 2.7312
640 2.72927 
641 2.72903
642 2.73537
643 2.72652
644 2.73338
645 2.7302
646 2.72468
647 2.71884
648 2.71913
649 2.71352
650 2.72085
651 2.71948
652 2.71203
653 2.7237
654 2.7014
655 2.70209
656 2.7092
657 2.70747 
658 2.70052
659 2.69721
660 2.70305
661 2.69227
662 2.68695
663 2.6998
664 2.69032
665 2.69189
666 2.68405
667 2.68486
668 2.67575
669 2.65306
670 2.70764
671 2.67497
672 2.65898
673 2.68743
674 2.67791 
675 2.68491
676 2.66389
677 2.6674
678 2.67007
679 2.65971
680 2.65834
681 2.66672
682 2.66161
683 2.65289
684 2.65333
685 2.65934
686 2.64792
687 2.64518
688 2.64518
689 2.66004
690 2.6369
691 2.65939 
692 2.63228
693 2.65229
694 2.62897
695 2.64325
696 2.64502
697 2.62866
698 2.634
699 2.62598
700 2.62888
701 2.62244
702 2.62754
703 2.61848
704 2.62094
705 2.62425
706 2.6131
707 2.61754
708 2.61645 
709 2.62119
710 2.61763
711 2.61168
712 2.60535
713 2.61335
714 2.60776
715 2.60258
716 2.60612
717 2.60106
718 2.59679
719 2.60335
720 2.59385
721 2.58887
722 2.59642
723 2.58511
724 2.58803
725 2.58788 
726 2.58284
727 2.57217
728 2.58709
729 2.58199
730 2.58446
731 2.57463
732 2.57527
733 2.5747
734 2.57611
735 2.57064
736 2.57589
737 2.56237
738 2.57373
739 2.57263
740 2.56054
741 2.56571
742 2.56748 
743 2.5695
744 2.57548
745 2.56021
746 2.56808
747 2.56174
748 2.56695
749 2.563
750 2.57011
751 2.55257
752 2.56034
753 2.56003
754 2.55692
755 2.55264
756 2.56538
757 2.54257
758 2.55351
759 2.56066 
760 2.55442
761 2.55174
762 2.54928
763 2.54528
764 2.54868
765 2.55141
766 2.53813
767 2.54282
768 2.54749
769 2.54616
770 2.55056
771 2.53513
772 2.53863
773 2.53803
774 2.53831
775 2.54535
776 2.53785 
777 2.53969
778 2.53558
779 2.53845
780 2.55512
781 2.52724
782 2.56545
783 2.53512
784 2.54033
785 2.53869
786 2.54269
787 2.5387
788 2.53662
789 2.51177
790 2.55457
791 2.54942
792 2.52902
793 2.55326 
794 2.53698
795 2.53975
796 2.53339
797 2.53823
798 2.51476
799 2.57812
800 2.51294
801 2.52753
802 2.54118
803 2.53619
804 2.53851
805 2.53622
806 2.52581
807 2.53847
808 2.50646
809 2.56096
810 2.51058 
811 2.53848
812 2.54415
813 2.50949
814 2.55723
815 2.53637
816 2.53903
817 2.53468
818 2.54105
819 2.52761
820 2.52327
821 2.55406
822 2.52889
823 2.53804
824 2.54088
825 2.53008
826 2.52953
827 2.53748 
828 2.5306
829 2.54334
830 2.52658
831 2.55816
832 2.53212
833 2.54955
834 2.53005
835 2.53919
836 2.53554
837 2.53537
838 2.53133
839 2.54089
840 2.53567
841 2.53441
842 2.52289
843 2.53344
844 2.58701 
845 2.48683
846 2.5287
847 2.5325
848 2.53901
849 2.53867
850 2.5282
851 2.54527
852 2.5212
853 2.53972
854 2.53241
855 2.53306
856 2.53559
857 2.53424
858 2.53597
859 2.54632
860 2.53438
861 2.54508 
862 2.54529
863 2.52642
864 2.54405
865 2.54009
866 2.52732
867 2.5268
868 2.53352
869 2.54323
870 2.52804
871 2.5317
872 2.55133
873 2.537
874 2.53376
875 2.54688
876 2.53786
877 2.54199
878 2.53625 
879 2.53833
880 2.53702
881 2.53335
882 2.53249
883 2.52488
884 2.55596
885 2.50909
886 2.55131
887 2.52998
888 2.52817
889 2.5308
890 2.54637
891 2.53109
892 2.5276
893 2.52973
894 2.52592
895 2.53411 
896 2.52524
897 2.52926
898 2.52596
899 2.5294
900 2.54203
901 2.53013
902 2.52112
903 2.52781
904 2.53587
905 2.52085
906 2.54609
907 2.53348
908 2.52696
909 2.50958
910 2.50968
911 2.55633
912 2.50646 
913 2.52484
914 2.51424
915 2.5294
916 2.51742
917 2.52041
918 2.52746
919 2.50483
920 2.53289
921 2.4996
922 2.52627
923 2.51767
924 2.52061
925 2.51783
926 2.51297
927 2.51012
928 2.51223
929 2.52493 
930 2.51696
931 2.50022
932 2.5094
933 2.52375
934 2.49014
935 2.51394
936 2.50067
937 2.49973
938 2.5059
939 2.49889
940 2.49916
941 2.50347
942 2.49382
943 2.50577
944 2.48544
945 2.50173
946 2.49685 
947 2.49432
948 2.49144
949 2.50142
950 2.48804
951 2.48839
952 2.49668
953 2.48031
954 2.49432
955 2.47494
956 2.49721
957 2.4763
958 2.48869
959 2.48171
960 2.48232
961 2.4796
962 2.47406
963 2.48977 
964 2.47467
965 2.47754
966 2.47293
967 2.47749
968 2.46755
969 2.47976
970 2.4649
971 2.46712
972 2.47603
973 2.46308
974 2.47843
975 2.45423
976 2.48978
977 2.46096
978 2.45847
979 2.46088
980 2.46238 
981 2.47248
982 2.44537
983 2.45703
984 2.46048
985 2.45715
986 2.44589
987 2.45007
988 2.44843
989 2.45236
990 2.45365
991 2.45211
992 2.44855
993 2.43656
994 2.47966
995 2.40846
996 2.4519
997 2.45324 
998 2.44836
999 2.41802
1000 2.45227
1001 2.43092
1002 2.44289
1003 2.42752
1004 2.44363
1005 2.42835
1006 2.42542
1007 2.43159
1008 2.43139
1009 2.42515
1010 2.43089
1011 2.42886
1012 2.43178
1013 2.42012 
1014 2.43701
1015 2.42194
1016 2.4269
1017 2.41554
1018 2.41553
1019 2.42681
1020 2.40392
1021 2.43442
1022 2.4114
1023 2.41482
1024 2.41236
1025 2.41222
1026 2.40954
1027 2.40849
1028 2.40678
1029 2.40825 
1030 2.41494
1031 2.41383
1032 2.40653
1033 2.4093
1034 2.40925
1035 2.40766
1036 2.40052
1037 2.40103
1038 2.3979
1039 2.39602
1040 2.39899
1041 2.39599
1042 2.3953
1043 2.3948
1044 2.39937
1045 2.39036 
1046 2.3974
1047 2.39332
1048 2.39373
1049 2.39485
1050 2.39328
1051 2.39006
1052 2.38475
1053 2.38063
1054 2.38687
1055 2.3842
1056 2.37531
1057 2.3793
1058 2.3805
1059 2.37224
1060 2.38186
1061 2.36878 
1062 2.38298
1063 2.38175
1064 2.37364
1065 2.36584
1066 2.37497
1067 2.37427
1068 2.37945
1069 2.37326
1070 2.36657
1071 2.37406
1072 2.36393
1073 2.37458
1074 2.35992
1075 2.36865
1076 2.36925
1077 2.36602
1078 2.36629
1079 2.37371
1080 2.3669
1081 2.36726
1082 2.3612
1083 2.36608
1084 2.36653
1085 2.36353
1086 2.3661
1087 2.3601
1088 2.35979
1089 2.3632
1090 2.36987
1091 2.35977
1092 2.36257
1093 2.36192
1094 2.3585
1095 2.35359
1096 2.36544
1097 2.35413
1098 2.36708
1099 2.36273
1100 2.36085
1101 2.35664
1102 2.35464
1103 2.35827
1104 2.35461
1105 2.34768
1106 2.35054
1107 2.34964
1108 2.34236 
1109 2.34793
1110 2.34707
1111 2.34066
1112 2.35244
1113 2.35351
1114 2.34244
1115 2.35262
1116 2.34859
1117 2.34185
1118 2.34787
1119 2.33858
1120 2.34599
1121 2.33778
1122 2.34219
1123 2.35318
1124 2.35141
1125 2.33516
1126 2.33463
1127 2.33259
1128 2.32701
1129 2.3412
1130 2.34368
1131 2.34621
1132 2.33751
1133 2.33181
1134 2.33118
1135 2.33895
1136 2.32825
1137 2.33037
1138 2.33336
1139 2.3293 
1140 2.33491
1141 2.32604
1142 2.33072
1143 2.32954
1144 2.32756
1145 2.33259
1146 2.32088
1147 2.32272
1148 2.33278
1149 2.32159
1150 2.33344
1151 2.32272
1152 2.33589
1153 2.32874
1154 2.33034
1155 2.33356
1156 2.32676
1157 2.31903
1158 2.32497
1159 2.31801
1160 2.33193
1161 2.30998
1162 2.35263
1163 2.29601
1164 2.33673
1165 2.31941
1166 2.32823
1167 2.30949
1168 2.31761
1169 2.31987
1170 2.32
1171 2.31819
1172 2.3132
1173 2.31773
1174 2.31033
1175 2.30131
1176 2.32925
1177 2.32527
1178 2.2902
1179 2.32433
1180 2.31781
1181 2.30883
1182 2.31445
1183 2.31605
1184 2.30707
1185 2.31668
1186 2.30974 
1187 2.31308
1188 2.3122
1189 2.31641
1190 2.30342
1191 2.31003
1192 2.3083
1193 2.30532
1194 2.30911
1195 2.30713
1196 2.30825
1197 2.30715
1198 2.30578
1199 2.29899
1200 2.30343
1201 2.29732
1202 2.3009 
1203 2.30073
1204 2.29784
1205 2.30079
1206 2.29671
1207 2.29722
1208 2.29911
1209 2.29805
1210 2.30011
1211 2.30072
1212 2.2947
1213 2.29378
1214 2.2929
1215 2.29691
1216 2.29563
1217 2.2936
1218 2.2892 
1219 2.29005
1220 2.29152
1221 2.29798
1222 2.29294
1223 2.29231
1224 2.28864
1225 2.29268
1226 2.29155
1227 2.29562
1228 2.2948
1229 2.29525
1230 2.29538
1231 2.29307
1232 2.30053
1233 2.29781
1234 2.29667 
1235 2.30857
1236 2.30836
1237 2.2721
1238 2.30168
1239 2.31024
1240 2.304
