:runabs2_sun  from pixel 0 to 1240 from stripe 3 to 14
:I0 number of accum:  10
:Sample number of accum: 10
:Sample position : cell
:I0 position  : i0
:Integration time sample (ms) : 150
:Integration time I0 (ms) : 2
:file_descriptor : CuS
:background substraction YES
:background acquisition YES
:N 
: Fri Apr 11 16:25:08 2003
0 -0.525292
1 -0.520854
2 -0.52338
3 -0.517839
4 -0.520278
5 -0.525313
6 -0.5218
7 -0.515683
8 -0.522504
9 -0.521839
10 -0.519564
11 -0.527015
12 -0.521674
13 -0.526097
14 -0.516952
15 -0.52494
16 -0.523488 
17 -0.526476
18 -0.524006
19 -0.514152
20 -0.527993
21 -0.529369
22 -0.520353
23 -0.525684
24 -0.528084
25 -0.520451
26 -0.524723
27 -0.527771
28 -0.519023
29 -0.524532
30 -0.52418
31 -0.520739
32 -0.525726 
33 -0.519617
34 -0.516951
35 -0.524001
36 -0.516495
37 -0.517918
38 -0.512138
39 -0.520096
40 -0.511363
41 -0.514049
42 -0.516007
43 -0.51493
44 -0.515733
45 -0.515663
46 -0.515042
47 -0.509571
48 -0.511986 
49 -0.505481
50 -0.502949
51 -0.515292
52 -0.511925
53 -0.513061
54 -0.511279
55 -0.517643
56 -0.507628
57 -0.512594
58 -0.505272
59 -0.496199
60 -0.505915
61 -0.500656
62 -0.501121
63 -0.496626
64 -0.497677 
65 -0.497646
66 -0.490016
67 -0.497545
68 -0.487488
69 -0.491529
70 -0.489213
71 -0.492795
72 -0.484451
73 -0.489615
74 -0.488947
75 -0.478948
76 -0.479316
77 -0.471609
78 -0.473126
79 -0.469696
80 -0.464555 
81 -0.463681
82 -0.459107
83 -0.44967
84 -0.453616
85 -0.437732
86 -0.436831
87 -0.434084
88 -0.418867
89 -0.411978
90 -0.405677
91 -0.383728
92 -0.371065
93 -0.343931
94 -0.321052
95 -0.285455
96 -0.251884 
97 -0.218551
98 -0.178718
99 -0.147103
100 -0.109571
101 -0.0773197
102 -0.0089242
103 0.0598085
104 0.148492
105 0.251692
106 0.366769
107 0.47662
108 0.607777
109 0.73347
110 0.857517
111 0.989873
112 1.10038
113 1.21855
114 1.3161
115 1.4204
116 1.51838
117 1.6214
118 1.71564
119 1.81838
120 1.90424
121 1.99895
122 2.04932
123 2.1116
124 2.15786
125 2.1727
126 2.16511
127 2.15835
128 2.15304
129 2.1461 
130 2.14518
131 2.15179
132 2.15652
133 2.18974
134 2.19505
135 2.23836
136 2.25471
137 2.28016
138 2.30454
139 2.33765
140 2.3403
141 2.35881
142 2.37554
143 2.3859
144 2.40218
145 2.41114
146 2.41774 
147 2.44986
148 2.45836
149 2.48182
150 2.49752
151 2.53049
152 2.54228
153 2.55792
154 2.58006
155 2.58081
156 2.6075
157 2.61789
158 2.64109
159 2.64492
160 2.63944
161 2.6897
162 2.67234
163 2.69586 
164 2.70335
165 2.71148
166 2.72721
167 2.7397
168 2.74997
169 2.76556
170 2.77612
171 2.79925
172 2.80993
173 2.80658
174 2.81814
175 2.82392
176 2.82689
177 2.8244
178 2.83299
179 2.83553
180 2.8344 
181 2.83847
182 2.83923
183 2.84619
184 2.84843
185 2.84403
186 2.84004
187 2.85248
188 2.86099
189 2.85713
190 2.85282
191 2.85991
192 2.86533
193 2.85715
194 2.87591
195 2.86274
196 2.87454
197 2.8694 
198 2.86921
199 2.88094
200 2.8771
201 2.87353
202 2.86776
203 2.87399
204 2.87685
205 2.87569
206 2.88222
207 2.87632
208 2.87753
209 2.87684
210 2.87584
211 2.86797
212 2.86556
213 2.8764
214 2.86144 
215 2.85682
216 2.85184
217 2.85314
218 2.8478
219 2.82668
220 2.82942
221 2.82239
222 2.80582
223 2.79077
224 2.79335
225 2.78051
226 2.7607
227 2.75159
228 2.73613
229 2.72914
230 2.72057
231 2.70378 
232 2.69019
233 2.68854
234 2.66823
235 2.66335
236 2.65481
237 2.64926
238 2.6256
239 2.62825
240 2.61991
241 2.6067
242 2.59823
243 2.59221
244 2.58085
245 2.57159
246 2.56091
247 2.56772
248 2.55238 
249 2.54691
250 2.54036
251 2.53865
252 2.52951
253 2.54157
254 2.53177
255 2.52352
256 2.52264
257 2.5187
258 2.52943
259 2.49584
260 2.54662
261 2.50464
262 2.54743
263 2.53571
264 2.53406
265 2.54058 
266 2.53919
267 2.54996
268 2.55046
269 2.55931
270 2.5567
271 2.56219
272 2.56071
273 2.58077
274 2.57742
275 2.59042
276 2.58707
277 2.59705
278 2.60731
279 2.60038
280 2.6149
281 2.61056
282 2.6193 
283 2.62352
284 2.62247
285 2.63491
286 2.64442
287 2.64953
288 2.64051
289 2.65225
290 2.64527
291 2.65188
292 2.66821
293 2.65273
294 2.66627
295 2.69147
296 2.67227
297 2.67304
298 2.67533
299 2.68371 
300 2.69733
301 2.68202
302 2.7074
303 2.69544
304 2.70362
305 2.68653
306 2.7271
307 2.70027
308 2.69725
309 2.71808
310 2.74003
311 2.72214
312 2.74525
313 2.73645
314 2.74838
315 2.75344
316 2.75733 
317 2.75739
318 2.76031
319 2.77272
320 2.76465
321 2.78116
322 2.77409
323 2.80536
324 2.80311
325 2.80581
326 2.81141
327 2.81632
328 2.82251
329 2.83235
330 2.83666
331 2.82536
332 2.8572
333 2.84058 
334 2.87227
335 2.87855
336 2.88042
337 2.87496
338 2.87364
339 2.88982
340 2.89431
341 2.88764
342 2.89902
343 2.90127
344 2.92084
345 2.91066
346 2.91774
347 2.90104
348 2.94183
349 2.94498
350 2.93522 
351 2.94826
352 2.92864
353 2.94839
354 2.94525
355 2.95812
356 2.96252
357 2.95348
358 2.95991
359 2.96277
360 2.96452
361 2.96247
362 2.97461
363 2.9669
364 2.977
365 2.95846
366 2.96638
367 2.97197 
368 2.96052
369 2.97546
370 2.97385
371 2.9571
372 2.97065
373 2.96615
374 2.97798
375 2.9598
376 2.95857
377 2.95802
378 2.95905
379 2.9636
380 2.95245
381 2.95035
382 2.94477
383 2.94742
384 2.93935 
385 2.94378
386 2.9218
387 2.93786
388 2.93991
389 2.91964
390 2.92546
391 2.92582
392 2.91603
393 2.91577
394 2.90394
395 2.89966
396 2.89728
397 2.89714
398 2.87594
399 2.87825
400 2.87273
401 2.87544 
402 2.86796
403 2.86125
404 2.85429
405 2.85587
406 2.83371
407 2.83839
408 2.82865
409 2.83499
410 2.82635
411 2.80899
412 2.80822
413 2.8293
414 2.78236
415 2.80438
416 2.78085
417 2.78125
418 2.77466 
419 2.77651
420 2.76648
421 2.7593
422 2.76591
423 2.74701
424 2.74894
425 2.75931
426 2.7262
427 2.74729
428 2.73081
429 2.72798
430 2.72421
431 2.70882
432 2.71489
433 2.70484
434 2.7005
435 2.69362 
436 2.69449
437 2.70281
438 2.66943
439 2.68915
440 2.67817
441 2.669
442 2.67358
443 2.66953
444 2.66604
445 2.66372
446 2.65298
447 2.66157
448 2.64353
449 2.65191
450 2.63187
451 2.63455
452 2.63667 
453 2.63586
454 2.63577
455 2.63674
456 2.62775
457 2.6155
458 2.62678
459 2.62126
460 2.6186
461 2.61508
462 2.6219
463 2.61058
464 2.60433
465 2.61908
466 2.62637
467 2.59106
468 2.61368
469 2.60776 
470 2.60648
471 2.61284
472 2.59875
473 2.61041
474 2.60193
475 2.6079
476 2.60424
477 2.5989
478 2.6051
479 2.60832
480 2.59677
481 2.61557
482 2.59217
483 2.60865
484 2.60472
485 2.60409
486 2.60413 
487 2.60353
488 2.60587
489 2.60664
490 2.60524
491 2.60854
492 2.60872
493 2.61212
494 2.60725
495 2.61572
496 2.6192
497 2.61593
498 2.62617
499 2.61588
500 2.62429
501 2.61638
502 2.63014
503 2.6253 
504 2.61731
505 2.63699
506 2.63307
507 2.63502
508 2.6255
509 2.64041
510 2.6346
511 2.64436
512 2.63288
513 2.63882
514 2.64178
515 2.66451
516 2.64804
517 2.64887
518 2.65434
519 2.66045
520 2.65056 
521 2.66967
522 2.66337
523 2.65885
524 2.68324
525 2.64631
526 2.68392
527 2.67253
528 2.68257
529 2.67063
530 2.67815
531 2.67187
532 2.69036
533 2.67676
534 2.70074
535 2.65892
536 2.69702
537 2.68564 
538 2.68079
539 2.72058
540 2.68027
541 2.71604
542 2.67762
543 2.70131
544 2.69846
545 2.7009
546 2.6967
547 2.70252
548 2.70152
549 2.7046
550 2.69996
551 2.70794
552 2.69888
553 2.70141
554 2.7006 
555 2.70428
556 2.71692
557 2.69921
558 2.73512
559 2.7079
560 2.70682
561 2.71671
562 2.70322
563 2.71941
564 2.70955
565 2.72421
566 2.7156
567 2.72173
568 2.72152
569 2.71857
570 2.71037
571 2.73367 
572 2.71846
573 2.71979
574 2.72195
575 2.72791
576 2.72262
577 2.72442
578 2.72305
579 2.72698
580 2.72075
581 2.73403
582 2.71468
583 2.73436
584 2.73032
585 2.73552
586 2.72585
587 2.7406
588 2.73507 
589 2.72268
590 2.72128
591 2.73773
592 2.73766
593 2.72644
594 2.729
595 2.72823
596 2.73127
597 2.72987
598 2.71967
599 2.72973
600 2.73736
601 2.72707
602 2.72057
603 2.71676
604 2.72656
605 2.71411 
606 2.72024
607 2.72417
608 2.71342
609 2.72874
610 2.71518
611 2.72219
612 2.71698
613 2.71904
614 2.71545
615 2.71098
616 2.71889
617 2.70549
618 2.71386
619 2.71567
620 2.705
621 2.72313
622 2.69737 
623 2.74211
624 2.69589
625 2.71516
626 2.72086
627 2.70179
628 2.71906
629 2.68904
630 2.70312
631 2.71179
632 2.69439
633 2.71539
634 2.7024
635 2.70102
636 2.69471
637 2.69421
638 2.69027
639 2.69345 
640 2.68896
641 2.68665
642 2.69568
643 2.68439
644 2.69741
645 2.68846
646 2.68746
647 2.67654
648 2.68653
649 2.67701
650 2.67511
651 2.67798
652 2.66985
653 2.67921
654 2.66545
655 2.66257
656 2.66807 
657 2.66973
658 2.66115
659 2.65226
660 2.66205
661 2.65021
662 2.64872
663 2.65966
664 2.6531
665 2.6469
666 2.64384
667 2.64382
668 2.63873
669 2.61527
670 2.66554
671 2.65454
672 2.60706
673 2.65422 
674 2.6367
675 2.65008
676 2.6247
677 2.62939
678 2.63206
679 2.61734
680 2.61639
681 2.62707
682 2.61818
683 2.62132
684 2.62102
685 2.62747
686 2.61453
687 2.60832
688 2.61126
689 2.62206
690 2.59828 
691 2.61468
692 2.60897
693 2.60775
694 2.60282
695 2.60107
696 2.61179
697 2.59084
698 2.59434
699 2.59126
700 2.60093
701 2.59216
702 2.60032
703 2.58323
704 2.59179
705 2.59166
706 2.58146
707 2.58953 
708 2.57868
709 2.58824
710 2.57963
711 2.57573
712 2.57296
713 2.57539
714 2.57669
715 2.57085
716 2.56793
717 2.56743
718 2.56107
719 2.56457
720 2.55649
721 2.54877
722 2.55651
723 2.55442
724 2.55176 
725 2.55814
726 2.54911
727 2.54314
728 2.54854
729 2.54485
730 2.5583
731 2.54112
732 2.54224
733 2.54228
734 2.54441
735 2.53758
736 2.54669
737 2.53397
738 2.54224
739 2.53455
740 2.52729
741 2.53664 
742 2.53556
743 2.53011
744 2.53365
745 2.52975
746 2.53745
747 2.53374
748 2.53536
749 2.53527
750 2.54175
751 2.5184
752 2.52967
753 2.531
754 2.5216
755 2.52136
756 2.52647
757 2.5172
758 2.52135
759 2.52633
760 2.52225
761 2.51295
762 2.50888
763 2.51585
764 2.51029
765 2.51774
766 2.50832
767 2.50892
768 2.51803
769 2.51056
770 2.52134
771 2.5061
772 2.50014
773 2.50398
774 2.50628
775 2.5062
776 2.50236
777 2.50988
778 2.50371
779 2.49961
780 2.51954
781 2.49367
782 2.5268
783 2.4992
784 2.50668
785 2.49234
786 2.51081
787 2.5003
788 2.50095
789 2.46987
790 2.50942
791 2.53056
792 2.49899
793 2.51751
794 2.50674
795 2.50638
796 2.49796
797 2.50112
798 2.48552
799 2.52255
800 2.49248
801 2.4909
802 2.50865
803 2.50626
804 2.49567
805 2.49857
806 2.48719
807 2.50034
808 2.47068
809 2.52531
810 2.47327
811 2.50714
812 2.50676
813 2.47203
814 2.50682
815 2.49851
816 2.50166
817 2.49607
818 2.49974
819 2.49367
820 2.48733
821 2.51044
822 2.48589
823 2.50171
824 2.50245
825 2.49386
826 2.49422
827 2.49728
828 2.48744
829 2.50007
830 2.48488
831 2.5108
832 2.50191
833 2.50563
834 2.49088
835 2.49996
836 2.49473
837 2.49441
838 2.48906
839 2.49681
840 2.48131
841 2.50191
842 2.48012
843 2.48211
844 2.5509
845 2.46454
846 2.48141
847 2.4987
848 2.48778
849 2.4963
850 2.47271
851 2.50178
852 2.486
853 2.49093
854 2.4844
855 2.49289
856 2.48553
857 2.49068
858 2.48249
859 2.4964
860 2.48503
861 2.49189 
862 2.50752
863 2.47549
864 2.49911
865 2.49125
866 2.48631
867 2.48199
868 2.48819
869 2.49646
870 2.48133
871 2.48538
872 2.50357
873 2.4852
874 2.49365
875 2.50327
876 2.49148
877 2.50157
878 2.48316 
879 2.48495
880 2.49216
881 2.48776
882 2.48122
883 2.48476
884 2.50133
885 2.47018
886 2.50426
887 2.48561
888 2.47819
889 2.48871
890 2.48689
891 2.47766
892 2.47697
893 2.47361
894 2.47906
895 2.48259 
896 2.48067
897 2.47637
898 2.47462
899 2.47121
900 2.48722
901 2.48208
902 2.4657
903 2.47103
904 2.48319
905 2.47405
906 2.4831
907 2.48393
908 2.48065
909 2.46169
910 2.45917
911 2.50918
912 2.46034 
913 2.47681
914 2.46353
915 2.47756
916 2.47063
917 2.46802
918 2.48027
919 2.45459
920 2.48027
921 2.45609
922 2.46636
923 2.46527
924 2.46225
925 2.46527
926 2.45843
927 2.45523
928 2.45072
929 2.47316 
930 2.4668
931 2.44764
932 2.45458
933 2.46873
934 2.44475
935 2.45515
936 2.44978
937 2.44702
938 2.44823
939 2.44446
940 2.44681
941 2.44436
942 2.44126
943 2.44599
944 2.43263
945 2.44345
946 2.44111 
947 2.44019
948 2.43562
949 2.44255
950 2.43327
951 2.43385
952 2.44037
953 2.42859
954 2.43967
955 2.42512
956 2.44356
957 2.43101
958 2.43198
959 2.43037
960 2.42368
961 2.42738
962 2.41637
963 2.43159 
964 2.42142
965 2.41655
966 2.42045
967 2.41955
968 2.41358
969 2.42464
970 2.41581
971 2.40512
972 2.4182
973 2.40766
974 2.42098
975 2.39794
976 2.42686
977 2.41348
978 2.40438
979 2.40484
980 2.40345 
981 2.41916
982 2.39093
983 2.39723
984 2.40555
985 2.40543
986 2.3988
987 2.39568
988 2.39079
989 2.39716
990 2.39929
991 2.39895
992 2.39613
993 2.38965
994 2.41263
995 2.37601
996 2.39636
997 2.39777 
998 2.39887
999 2.36524
1000 2.40823
1001 2.38742
1002 2.39796
1003 2.37484
1004 2.39438
1005 2.38073
1006 2.37665
1007 2.38251
1008 2.38452
1009 2.37223
1010 2.3788
1011 2.37853
1012 2.37453
1013 2.37128 
1014 2.38192
1015 2.37265
1016 2.38141
1017 2.37454
1018 2.36783
1019 2.38342
1020 2.36285
1021 2.38641
1022 2.3653
1023 2.36984
1024 2.36745
1025 2.36812
1026 2.36665
1027 2.36371
1028 2.36283
1029 2.36316 
1030 2.37188
1031 2.36858
1032 2.36537
1033 2.36641
1034 2.36369
1035 2.36172
1036 2.35982
1037 2.35645
1038 2.35461
1039 2.35524
1040 2.34943
1041 2.35468
1042 2.35267
1043 2.35222
1044 2.35072
1045 2.35143
1046 2.35146
1047 2.34414
1048 2.34976
1049 2.34076
1050 2.35222
1051 2.34529
1052 2.34129
1053 2.33941
1054 2.33959
1055 2.33931
1056 2.32798
1057 2.33751
1058 2.33262
1059 2.32712
1060 2.33332 
1061 2.32615
1062 2.3306
1063 2.3311
1064 2.33206
1065 2.32384
1066 2.32571
1067 2.32576
1068 2.32867
1069 2.32614
1070 2.32208
1071 2.32848
1072 2.32071
1073 2.328
1074 2.31734
1075 2.32461
1076 2.32772 
1077 2.3224
1078 2.31788
1079 2.32921
1080 2.32457
1081 2.32295
1082 2.32454
1083 2.32436
1084 2.32381
1085 2.31773
1086 2.32011
1087 2.32002
1088 2.31547
1089 2.32411
1090 2.32691
1091 2.31989
1092 2.32149 
1093 2.31669
1094 2.31428
1095 2.31269
1096 2.32054
1097 2.30911
1098 2.32639
1099 2.31736
1100 2.32338
1101 2.31396
1102 2.31752
1103 2.31728
1104 2.3175
1105 2.30879
1106 2.3102
1107 2.31178
1108 2.30163 
1109 2.30941
1110 2.3074
1111 2.2999
1112 2.30717
1113 2.30552
1114 2.30568
1115 2.30472
1116 2.30769
1117 2.30235
1118 2.30438
1119 2.30238
1120 2.30509
1121 2.29858
1122 2.30417
1123 2.30406
1124 2.30673 
1125 2.29238
1126 2.30169
1127 2.30054
1128 2.29155
1129 2.29968
1130 2.29845
1131 2.30651
1132 2.29768
1133 2.29201
1134 2.29341
1135 2.30166
1136 2.29451
1137 2.29125
1138 2.29492
1139 2.29018
1140 2.29003
1141 2.28828
1142 2.29305
1143 2.28636
1144 2.284
1145 2.29306
1146 2.28303
1147 2.27957
1148 2.29284
1149 2.28344
1150 2.28587
1151 2.28155
1152 2.29721
1153 2.28476
1154 2.28938
1155 2.29502 
1156 2.28898
1157 2.28345
1158 2.28434
1159 2.28181
1160 2.2878
1161 2.27267
1162 2.2991
1163 2.25619
1164 2.28984
1165 2.28291
1166 2.28917
1167 2.27254
1168 2.27936
1169 2.27393
1170 2.27854
1171 2.27348 
1172 2.27306
1173 2.27524
1174 2.27209
1175 2.26202
1176 2.28336
1177 2.28658
1178 2.24247
1179 2.27193
1180 2.27438
1181 2.267
1182 2.26872
1183 2.2712
1184 2.26297
1185 2.26901
1186 2.26315
1187 2.26554 
1188 2.26423
1189 2.27252
1190 2.26138
1191 2.26253
1192 2.26565
1193 2.26617
1194 2.26003
1195 2.26549
1196 2.26196
1197 2.25835
1198 2.26006
1199 2.25979
1200 2.2542
1201 2.2562
1202 2.25786
1203 2.25516 
1204 2.24475
1205 2.25361
1206 2.24851
1207 2.24936
1208 2.24756
1209 2.24929
1210 2.25304
1211 2.25088
1212 2.25039
1213 2.24775
1214 2.2423
1215 2.25185
1216 2.2482
1217 2.2473
1218 2.25103
1219 2.24617 
1220 2.24429
1221 2.24577
1222 2.23769
1223 2.24295
1224 2.23932
1225 2.24054
1226 2.24171
1227 2.24035
1228 2.24227
1229 2.24812
1230 2.24189
1231 2.2362
1232 2.24491
1233 2.24313
1234 2.2454
1235 2.24496 
1236 2.26697
1237 2.22971
1238 2.24111
1239 2.24796
1240 2.25089
