:runabs2_sun  from pixel 0 to 1240 from stripe 3 to 14
:I0 number of accum:  10
:Sample number of accum: 10
:Sample position : cell
:I0 position  : i0
:Integration time sample (ms) : 150
:Integration time I0 (ms) : 2
:file_descriptor : CuS
:background substraction YES
:background acquisition YES
:N 
: Fri Apr 11 15:02:27 2003
0 -0.557495
1 -0.55921
2 -0.559141
3 -0.551927
4 -0.559196
5 -0.566097
6 -0.563509
7 -0.557207
8 -0.56272
9 -0.568289
10 -0.55775
11 -0.560131
12 -0.562427
13 -0.565224
14 -0.560434
15 -0.561101
16 -0.560159 
17 -0.562287
18 -0.56293
19 -0.555349
20 -0.555198
21 -0.568787
22 -0.558493
23 -0.560261
24 -0.562522
25 -0.552257
26 -0.555699
27 -0.559863
28 -0.556824
29 -0.559759
30 -0.55884
31 -0.556243
32 -0.561034 
33 -0.5573
34 -0.548606
35 -0.555571
36 -0.552627
37 -0.551649
38 -0.54944
39 -0.556525
40 -0.549523
41 -0.547761
42 -0.550698
43 -0.54777
44 -0.54537
45 -0.546476
46 -0.551465
47 -0.549316
48 -0.550185 
49 -0.546313
50 -0.536398
51 -0.544312
52 -0.541671
53 -0.541094
54 -0.546225
55 -0.550622
56 -0.537948
57 -0.537776
58 -0.536259
59 -0.529435
60 -0.537468
61 -0.535974
62 -0.534804
63 -0.536165
64 -0.536138 
65 -0.538871
66 -0.534235
67 -0.543032
68 -0.529237
69 -0.528949
70 -0.526351
71 -0.537064
72 -0.528561
73 -0.52355
74 -0.531249
75 -0.515097
76 -0.514664
77 -0.505603
78 -0.503709
79 -0.50263
80 -0.495959 
81 -0.493493
82 -0.492123
83 -0.479949
84 -0.478308
85 -0.469394
86 -0.465172
87 -0.467307
88 -0.454512
89 -0.440701
90 -0.433021
91 -0.415896
92 -0.396149
93 -0.373308
94 -0.352821
95 -0.324948
96 -0.296394 
97 -0.268794
98 -0.237049
99 -0.205496
100 -0.166368
101 -0.133215
102 -0.0713294
103 -0.00787133
104 0.0661074
105 0.148316
106 0.244773
107 0.337067
108 0.441245
109 0.547258
110 0.648476
111 0.754654 
112 0.852287
113 0.9508
114 1.04291
115 1.13821
116 1.22535
117 1.31796
118 1.40292
119 1.48925
120 1.56394
121 1.6401
122 1.68409
123 1.74099
124 1.78152
125 1.80349
126 1.81367
127 1.81005
128 1.82239 
129 1.81999
130 1.82312
131 1.83046
132 1.83821
133 1.86714
134 1.88926
135 1.9108
136 1.93399
137 1.95233
138 1.97507
139 2.00115
140 2.01022
141 2.0224
142 2.04544
143 2.04885
144 2.06
145 2.09036
146 2.0918
147 2.11354
148 2.12638
149 2.15136
150 2.16201
151 2.18195
152 2.19342
153 2.20872
154 2.22541
155 2.22604
156 2.23027
157 2.24505
158 2.26361
159 2.29442
160 2.27565
161 2.30241
162 2.30976
163 2.32947
164 2.33044
165 2.34595
166 2.35078
167 2.35771
168 2.36733
169 2.38817
170 2.39322
171 2.40827
172 2.41703
173 2.41892
174 2.42157
175 2.42632
176 2.42539
177 2.42723
178 2.42859
179 2.43105
180 2.42821
181 2.43434
182 2.43673
183 2.44231
184 2.44728
185 2.45419
186 2.44725
187 2.44803
188 2.45985
189 2.45738
190 2.45392
191 2.46187
192 2.46455
193 2.45054
194 2.47026
195 2.45329
196 2.45149
197 2.46107
198 2.4614
199 2.4807
200 2.4784
201 2.47639
202 2.48214
203 2.4763
204 2.47395
205 2.48191
206 2.47989
207 2.47122
208 2.47132
209 2.47143
210 2.47514
211 2.46713
212 2.46227
213 2.46787
214 2.45616 
215 2.44571
216 2.4366
217 2.43305
218 2.41595
219 2.40186
220 2.39944
221 2.40281
222 2.39677
223 2.36956
224 2.36468
225 2.3563
226 2.34598
227 2.33205
228 2.32037
229 2.30812
230 2.30007
231 2.29164 
232 2.26694
233 2.27971
234 2.2671
235 2.25143
236 2.25025
237 2.24944
238 2.23854
239 2.22486
240 2.22457
241 2.2141
242 2.20936
243 2.20052
244 2.1968
245 2.19192
246 2.17678
247 2.17831
248 2.17294 
249 2.16911
250 2.16199
251 2.16842
252 2.15954
253 2.16764
254 2.16906
255 2.16536
256 2.16689
257 2.1585
258 2.16448
259 2.12486
260 2.16237
261 2.15266
262 2.18232
263 2.18691
264 2.18614
265 2.19325 
266 2.1889
267 2.19722
268 2.19236
269 2.2104
270 2.21189
271 2.20804
272 2.19823
273 2.21859
274 2.21317
275 2.22789
276 2.22836
277 2.23588
278 2.24478
279 2.23884
280 2.24456
281 2.2481
282 2.24909 
283 2.26102
284 2.2524
285 2.2568
286 2.26937
287 2.28887
288 2.28187
289 2.27571
290 2.26448
291 2.26496
292 2.28352
293 2.28447
294 2.27392
295 2.30305
296 2.29765
297 2.28787
298 2.27793
299 2.28234 
300 2.29806
301 2.28892
302 2.30656
303 2.30594
304 2.31673
305 2.28806
306 2.31961
307 2.30527
308 2.2951
309 2.31602
310 2.3297
311 2.33339
312 2.3439
313 2.34562
314 2.3447
315 2.35401
316 2.3604
317 2.36531
318 2.36034
319 2.37911
320 2.3766
321 2.37818
322 2.37472
323 2.39212
324 2.40151
325 2.40414
326 2.40574
327 2.40948
328 2.40509
329 2.41895
330 2.42169
331 2.41976
332 2.43769
333 2.43545
334 2.44765
335 2.45286
336 2.47138
337 2.46686
338 2.45677
339 2.4688
340 2.4813
341 2.48432
342 2.48492
343 2.47974
344 2.49988
345 2.4993
346 2.50201
347 2.47226
348 2.49066
349 2.51938
350 2.52151
351 2.52816
352 2.5194
353 2.53256
354 2.53254
355 2.52432
356 2.53325
357 2.53079
358 2.53045
359 2.53198
360 2.53795
361 2.53009
362 2.53266
363 2.52384
364 2.53631
365 2.53287
366 2.52714
367 2.52435
368 2.51775
369 2.5229
370 2.52844
371 2.51892
372 2.52115
373 2.51413
374 2.52281
375 2.50574
376 2.50005
377 2.50351
378 2.50966
379 2.51421
380 2.50507
381 2.49617
382 2.49588
383 2.4886
384 2.48679
385 2.49163
386 2.47071
387 2.46995
388 2.47487
389 2.46875
390 2.46277
391 2.46631
392 2.4687
393 2.47009
394 2.46123
395 2.45102
396 2.45535
397 2.45958
398 2.43845
399 2.42613
400 2.43121
401 2.42064
402 2.41721
403 2.41133
404 2.40921
405 2.4136
406 2.39729
407 2.39894
408 2.38858
409 2.39267
410 2.39105
411 2.38266
412 2.35163
413 2.38211
414 2.34509
415 2.36773
416 2.36469
417 2.36275
418 2.34933
419 2.34389
420 2.33895
421 2.32102
422 2.3225
423 2.31268
424 2.31082
425 2.32708
426 2.31958
427 2.32272
428 2.31239
429 2.31111
430 2.30786
431 2.2945
432 2.29376
433 2.27704
434 2.26999
435 2.25645
436 2.26082
437 2.28247
438 2.25052
439 2.26503
440 2.26243
441 2.25178
442 2.25898
443 2.2672
444 2.26396
445 2.25401
446 2.25047
447 2.25376
448 2.24384
449 2.24083
450 2.23695
451 2.22799
452 2.22191
453 2.22435
454 2.2095
455 2.224
456 2.22707
457 2.21253
458 2.21812
459 2.21957
460 2.19933
461 2.20634
462 2.20988
463 2.21019
464 2.19353
465 2.19742
466 2.2297
467 2.18971
468 2.20364
469 2.21737
470 2.21451 
471 2.2154
472 2.21475
473 2.21442
474 2.20611
475 2.20985
476 2.20986
477 2.19722
478 2.20251
479 2.20552
480 2.19282
481 2.21919
482 2.20789
483 2.20619
484 2.2015
485 2.20988
486 2.21085
487 2.21244 
488 2.21267
489 2.21385
490 2.20685
491 2.21517
492 2.21233
493 2.21627
494 2.2152
495 2.22402
496 2.22607
497 2.21827
498 2.23217
499 2.22045
500 2.22243
501 2.22469
502 2.22863
503 2.23369
504 2.21902 
505 2.23603
506 2.23052
507 2.24364
508 2.2276
509 2.23322
510 2.23839
511 2.24174
512 2.24728
513 2.23471
514 2.23534
515 2.2595
516 2.24127
517 2.24734
518 2.25018
519 2.24875
520 2.233
521 2.25482 
522 2.26833
523 2.2516
524 2.28086
525 2.24991
526 2.26957
527 2.26941
528 2.2744
529 2.27319
530 2.28058
531 2.27337
532 2.27867
533 2.26093
534 2.29346
535 2.24648
536 2.26924
537 2.26808
538 2.25336 
539 2.29238
540 2.29373
541 2.30197
542 2.2773
543 2.29585
544 2.2955
545 2.30551
546 2.29499
547 2.29777
548 2.29889
549 2.2928
550 2.29182
551 2.30098
552 2.29867
553 2.30076
554 2.302
555 2.29304
556 2.29491
557 2.27161
558 2.30156
559 2.28489
560 2.28271
561 2.2987
562 2.29835
563 2.31743
564 2.30813
565 2.30943
566 2.30298
567 2.31605
568 2.32087
569 2.31269
570 2.29586
571 2.32019
572 2.31561
573 2.30952
574 2.31364
575 2.32053
576 2.31552
577 2.31848
578 2.30574
579 2.3059
580 2.28599
581 2.29317
582 2.26522
583 2.27844
584 2.29217
585 2.29449
586 2.2737
587 2.3154
588 2.31197
589 2.3182
590 2.29899 
591 2.30665
592 2.32009
593 2.3054
594 2.29726
595 2.30125
596 2.3067
597 2.30784
598 2.28014
599 2.31195
600 2.29976
601 2.31207
602 2.30676
603 2.30703
604 2.31344
605 2.29787
606 2.29708
607 2.30443 
608 2.29532
609 2.2972
610 2.29482
611 2.2957
612 2.28849
613 2.29448
614 2.29474
615 2.28942
616 2.29069
617 2.28704
618 2.28894
619 2.28421
620 2.27126
621 2.29597
622 2.27219
623 2.30519
624 2.2798 
625 2.28131
626 2.28854
627 2.26789
628 2.29981
629 2.27001
630 2.23971
631 2.27877
632 2.26752
633 2.28069
634 2.27009
635 2.27133
636 2.28101
637 2.28867
638 2.2813
639 2.27397
640 2.26764
641 2.26251 
642 2.26985
643 2.24814
644 2.2687
645 2.26603
646 2.26611
647 2.26262
648 2.25964
649 2.25532
650 2.24677
651 2.25782
652 2.24413
653 2.25931
654 2.25013
655 2.23385
656 2.2374
657 2.23879
658 2.24363 
659 2.22547
660 2.22999
661 2.2259
662 2.21881
663 2.23593
664 2.23562
665 2.23888
666 2.23172
667 2.21578
668 2.20611
669 2.15324
670 2.21106
671 2.20969
672 2.13932
673 2.18171
674 2.1973
675 2.23258 
676 2.212
677 2.20781
678 2.21275
679 2.19702
680 2.19481
681 2.19433
682 2.18678
683 2.18878
684 2.18975
685 2.1889
686 2.17751
687 2.16046
688 2.1556
689 2.19151
690 2.1666
691 2.17585
692 2.16243
693 2.1671
694 2.1686
695 2.1699
696 2.17765
697 2.17435
698 2.1643
699 2.15975
700 2.15745
701 2.161
702 2.16492
703 2.16177
704 2.16484
705 2.1585
706 2.1455
707 2.15864
708 2.15226
709 2.15745
710 2.15715 
711 2.15599
712 2.15404
713 2.14761
714 2.1533
715 2.14477
716 2.14733
717 2.14461
718 2.14004
719 2.14347
720 2.13122
721 2.12642
722 2.12907
723 2.12806
724 2.12587
725 2.12904
726 2.12707
727 2.11258 
728 2.11933
729 2.105
730 2.12408
731 2.1095
732 2.10779
733 2.10589
734 2.11374
735 2.11189
736 2.10505
737 2.09248
738 2.1145
739 2.10218
740 2.09948
741 2.09615
742 2.09461
743 2.08917
744 2.09641 
745 2.09138
746 2.09796
747 2.09717
748 2.08748
749 2.09483
750 2.10894
751 2.08878
752 2.09545
753 2.08794
754 2.08792
755 2.09198
756 2.10026
757 2.07229
758 2.08095
759 2.09444
760 2.10055
761 2.09347 
762 2.0883
763 2.08044
764 2.0903
765 2.09076
766 2.08634
767 2.08449
768 2.08131
769 2.08267
770 2.10067
771 2.09723
772 2.0872
773 2.08636
774 2.08449
775 2.08086
776 2.07185
777 2.08581
778 2.0877 
779 2.07892
780 2.10347
781 2.06632
782 2.0927
783 2.07223
784 2.08468
785 2.06943
786 2.10069
787 2.10065
788 2.10525
789 2.04638
790 2.0657
791 2.09023
792 2.06376
793 2.08913
794 2.0998
795 2.09397 
796 2.09085
797 2.08834
798 2.06727
799 2.10581
800 2.07306
801 2.06
802 2.08683
803 2.09123
804 2.083
805 2.09324
806 2.08734
807 2.09016
808 2.05835
809 2.1007
810 2.04942
811 2.09166
812 2.09754
813 2.06351
814 2.08134
815 2.04572
816 2.08295
817 2.09336
818 2.07094
819 2.07211
820 2.08205
821 2.09999
822 2.08062
823 2.09184
824 2.08592
825 2.09421
826 2.07331
827 2.0744
828 2.05445
829 2.06966
830 2.02801
831 2.09582
832 2.09631
833 2.10951
834 2.08586
835 2.08382
836 2.08141
837 2.09035
838 2.08085
839 2.07609
840 2.0771
841 2.07781
842 2.05216
843 2.06602
844 2.11543
845 2.05986
846 2.077
847 2.07884
848 2.08135
849 2.07245
850 2.06732
851 2.08301
852 2.07034
853 2.07951
854 2.06567
855 2.07837
856 2.07057
857 2.06285
858 2.05718
859 2.0664
860 2.06371
861 2.06876
862 2.08093
863 2.06592
864 2.08248
865 2.07302
866 2.06812
867 2.06014
868 2.06401
869 2.07035
870 2.05499
871 2.05418
872 2.0728
873 2.04744
874 2.06296
875 2.06495
876 2.05745
877 2.08857
878 2.07016
879 2.06853
880 2.0706
881 2.06761
882 2.06283
883 2.04862
884 2.07496
885 2.03065
886 2.07613
887 2.05689
888 2.06671
889 2.06412
890 2.06819
891 2.06089
892 2.05217
893 2.05319
894 2.03544
895 2.05182
896 2.06101
897 2.05217
898 2.04589
899 2.04292
900 2.0514
901 2.05153
902 2.0449
903 2.04053
904 2.04845
905 2.03394
906 2.0514
907 2.04896
908 2.04143
909 2.0141
910 2.01792
911 2.0587
912 2.01675
913 2.04413
914 2.0244
915 2.03555 
916 2.02897
917 2.03336
918 2.03673
919 2.02063
920 2.04277
921 2.01775
922 2.03041
923 2.03273
924 2.03364
925 2.03641
926 2.02665
927 2.02251
928 2.01191
929 2.02217
930 2.0219
931 2.00651
932 2.00204 
933 2.02321
934 1.9909
935 2.00728
936 2.00765
937 1.99901
938 1.99793
939 1.9928
940 2.00207
941 2.00215
942 1.99769
943 2.00736
944 1.99212
945 1.99699
946 1.9972
947 1.99024
948 1.99341
949 1.99528 
950 1.97934
951 1.98259
952 1.98806
953 1.97235
954 1.98453
955 1.97371
956 1.98543
957 1.97289
958 1.97983
959 1.98407
960 1.99148
961 1.97836
962 1.97273
963 1.9755
964 1.96262
965 1.96925
966 1.97034 
967 1.96924
968 1.96158
969 1.97581
970 1.9583
971 1.94922
972 1.96391
973 1.94743
974 1.95811
975 1.94408
976 1.9718
977 1.96034
978 1.94998
979 1.94877
980 1.94398
981 1.95851
982 1.93619
983 1.94337 
984 1.9494
985 1.94531
986 1.93929
987 1.94313
988 1.93429
989 1.94343
990 1.94082
991 1.94579
992 1.93993
993 1.92466
994 1.95791
995 1.9207
996 1.93041
997 1.93603
998 1.93982
999 1.90461
1000 1.93073 
1001 1.92297
1002 1.94027
1003 1.92308
1004 1.93801
1005 1.9258
1006 1.9257
1007 1.92604
1008 1.92608
1009 1.91726
1010 1.91941
1011 1.91307
1012 1.90815
1013 1.89522
1014 1.91826
1015 1.91269
1016 1.91145 
1017 1.90352
1018 1.90542
1019 1.91516
1020 1.89526
1021 1.91448
1022 1.89299
1023 1.90463
1024 1.89908
1025 1.90428
1026 1.89992
1027 1.9064
1028 1.90696
1029 1.90355
1030 1.90045
1031 1.90369
1032 1.90069 
1033 1.90648
1034 1.90057
1035 1.90753
1036 1.90396
1037 1.89827
1038 1.90196
1039 1.89695
1040 1.89695
1041 1.89691
1042 1.89397
1043 1.89218
1044 1.89021
1045 1.88329
1046 1.88423
1047 1.88872
1048 1.88178
1049 1.87327
1050 1.88045
1051 1.88043
1052 1.87599
1053 1.86789
1054 1.87398
1055 1.87412
1056 1.87202
1057 1.86894
1058 1.8716
1059 1.86629
1060 1.86288
1061 1.85793
1062 1.85963
1063 1.86066 
1064 1.85878
1065 1.84958
1066 1.84965
1067 1.85164
1068 1.86165
1069 1.85631
1070 1.85155
1071 1.85788
1072 1.85795
1073 1.86805
1074 1.84848
1075 1.8546
1076 1.86037
1077 1.85915
1078 1.86266
1079 1.87021 
1080 1.86452
1081 1.86909
1082 1.87241
1083 1.87866
1084 1.88288
1085 1.88542
1086 1.89266
1087 1.89474
1088 1.90483
1089 1.9173
1090 1.94869
1091 1.97238
1092 2.01406
1093 2.06691
1094 2.11212
1095 2.14615 
1096 2.18308
1097 2.17857
1098 2.1885
1099 2.17354
1100 2.16826
1101 2.15932
1102 2.14473
1103 2.13552
1104 2.12776
1105 2.11588
1106 2.10755
1107 2.10167
1108 2.09172
1109 2.08674
1110 2.07297
1111 2.05931 
1112 2.05678
1113 2.0432
1114 2.03313
1115 2.02973
1116 2.02416
1117 2.01971
1118 2.02477
1119 2.0211
1120 2.02118
1121 2.00353
1122 1.99736
1123 2.00681
1124 2.01358
1125 2.01017
1126 1.9939
1127 2.01308 
1128 2.01845
1129 2.02656
1130 2.04857
1131 2.061
1132 2.07847
1133 2.09675
1134 2.13354
1135 2.20016
1136 2.25697
1137 2.32076
1138 2.34145
1139 2.34781
1140 2.34215
1141 2.31595
1142 2.30812
1143 2.30198 
1144 2.27939
1145 2.26567
1146 2.23963
1147 2.22366
1148 2.22128
1149 2.20278
1150 2.19116
1151 2.16744
1152 2.15957
1153 2.15001
1154 2.13623
1155 2.13488
1156 2.12889
1157 2.12237
1158 2.11661
1159 2.09967
1160 2.09358
1161 2.06043
1162 2.1013
1163 2.04381
1164 2.05933
1165 2.05268
1166 2.05134
1167 2.03279
1168 2.03695
1169 2.03437
1170 2.02727
1171 2.02166
1172 2.02062
1173 2.01535
1174 1.99285 
1175 1.94987
1176 1.96987
1177 1.98481
1178 1.95679
1179 1.97794
1180 1.99038
1181 1.97875
1182 1.98013
1183 1.97396
1184 1.96053
1185 1.968
1186 1.96882
1187 1.95663
1188 1.94944
1189 1.95301
1190 1.94695 
1191 1.94019
1192 1.93684
1193 1.94103
1194 1.93747
1195 1.93625
1196 1.93415
1197 1.93361
1198 1.93288
1199 1.93269
1200 1.93223
1201 1.92364
1202 1.91485
1203 1.91063
1204 1.91622
1205 1.91932
1206 1.91684
1207 1.91583
1208 1.9131
1209 1.9109
1210 1.91762
1211 1.91299
1212 1.90742
1213 1.90317
1214 1.90323
1215 1.90166
1216 1.90059
1217 1.90145
1218 1.89769
1219 1.89709
1220 1.88835
1221 1.88794 
1222 1.88474
1223 1.88411
1224 1.88084
1225 1.87793
1226 1.87733
1227 1.87664
1228 1.86854
1229 1.86626
1230 1.86597
1231 1.86336
1232 1.86518
1233 1.85767
1234 1.84681
1235 1.85393
1236 1.86477
1237 1.82359
1238 1.83462
1239 1.83749
1240 1.8302
