:runabs2_sun  from pixel 0 to 1240 from stripe 3 to 14
:I0 number of accum:  10
:Sample number of accum: 10
:Sample position : cell
:I0 position  : i0
:Integration time sample (ms) : 150
:Integration time I0 (ms) : 2
:file_descriptor : CuS
:background substraction YES
:background acquisition YES
:N 
: Fri Apr 11 17:30:38 2003
0 -0.493575
1 -0.487827
2 -0.487365
3 -0.485016
4 -0.485802
5 -0.486672
6 -0.488686
7 -0.48087
8 -0.490695
9 -0.482921
10 -0.486711
11 -0.493249
12 -0.485562
13 -0.488611
14 -0.485571
15 -0.490488
16 -0.491627 
17 -0.491242
18 -0.489594
19 -0.477597
20 -0.496756
21 -0.489884
22 -0.488301
23 -0.494565
24 -0.492998
25 -0.485626
26 -0.491595
27 -0.493436
28 -0.487698
29 -0.4891
30 -0.490062
31 -0.485834
32 -0.494114 
33 -0.485255
34 -0.485358
35 -0.48817
36 -0.483725
37 -0.483257
38 -0.478524
39 -0.484037
40 -0.478639
41 -0.484044
42 -0.482714
43 -0.481434
44 -0.482201
45 -0.484378
46 -0.484489
47 -0.476565
48 -0.478926 
49 -0.473265
50 -0.475028
51 -0.485695
52 -0.481107
53 -0.481305
54 -0.477832
55 -0.485361
56 -0.473687
57 -0.480037
58 -0.466907
59 -0.463247
60 -0.473059
61 -0.469221
62 -0.468309
63 -0.466737
64 -0.465971 
65 -0.465683
66 -0.460221
67 -0.466391
68 -0.455374
69 -0.460327
70 -0.457888
71 -0.459121
72 -0.453539
73 -0.458804
74 -0.453657
75 -0.451501
76 -0.449434
77 -0.44031
78 -0.442966
79 -0.437896
80 -0.432441 
81 -0.43529
82 -0.428394
83 -0.421398
84 -0.423528
85 -0.409657
86 -0.408329
87 -0.403845
88 -0.388687
89 -0.383005
90 -0.378968
91 -0.356194
92 -0.344546
93 -0.319139
94 -0.297063
95 -0.262914
96 -0.229943 
97 -0.196427
98 -0.153076
99 -0.115919
100 -0.0842276
101 -0.0387286
102 0.0220635
103 0.0939147
104 0.180653
105 0.287315
106 0.40195
107 0.515035
108 0.651504
109 0.773377
110 0.903145
111 1.03387
112 1.14429
113 1.27083
114 1.36661
115 1.46782
116 1.56098
117 1.66022
118 1.75175
119 1.84803
120 1.93657
121 2.03081
122 2.09237
123 2.15507
124 2.20402
125 2.23261
126 2.22604
127 2.23904
128 2.23758
129 2.23135
130 2.24098
131 2.24016
132 2.24421
133 2.28801
134 2.27317
135 2.32392
136 2.34403
137 2.36504
138 2.38905
139 2.41787
140 2.42101
141 2.45307
142 2.46495
143 2.46675
144 2.49292
145 2.48447
146 2.52171
147 2.53196
148 2.5504
149 2.56396
150 2.59347
151 2.61265
152 2.62864
153 2.64416
154 2.66558
155 2.67578
156 2.70294
157 2.71995
158 2.76281
159 2.7383
160 2.76219
161 2.79004
162 2.7905
163 2.81135
164 2.81899
165 2.83232
166 2.84765
167 2.86744
168 2.87974
169 2.89593
170 2.91221
171 2.92529
172 2.93235
173 2.94222
174 2.95403
175 2.96479
176 2.96427
177 2.96364
178 2.98274
179 2.97703
180 2.97514
181 2.97722
182 2.97709
183 2.97495
184 2.9759
185 2.97995
186 2.97064
187 2.98377
188 2.99334
189 2.98041
190 2.98494
191 2.97966
192 2.99113
193 2.98295
194 2.99372
195 2.98097
196 2.99107
197 2.98902
198 2.99672
199 2.99682
200 2.98687
201 2.9932
202 2.99968
203 2.99334
204 2.99914
205 3.00085
206 2.99927
207 2.99495
208 3.00401
209 2.99392
210 2.99673
211 2.99891
212 2.99427
213 3.00541
214 2.99129
215 2.9848
216 2.98206
217 2.98738
218 2.97303
219 2.97155
220 2.97648
221 2.96489
222 2.94639
223 2.94188
224 2.9407
225 2.93395
226 2.92113
227 2.90353
228 2.8949
229 2.89265
230 2.88583
231 2.85986
232 2.85925
233 2.84404
234 2.83037
235 2.82509
236 2.81986
237 2.80352
238 2.78019
239 2.78188
240 2.77291
241 2.75697
242 2.74484
243 2.73935
244 2.72775
245 2.71404
246 2.70525
247 2.7076
248 2.69264
249 2.68004
250 2.67486
251 2.66799
252 2.66536
253 2.66877
254 2.65255
255 2.65206
256 2.65279
257 2.64348
258 2.64013
259 2.62288
260 2.65545
261 2.62613
262 2.65006
263 2.63613
264 2.64153
265 2.63889
266 2.64076
267 2.64179
268 2.65916
269 2.65247
270 2.6676
271 2.64502
272 2.6683
273 2.67915
274 2.65911
275 2.68487
276 2.68601
277 2.68908
278 2.70356
279 2.69309
280 2.70679
281 2.70724
282 2.70606
283 2.7141
284 2.72097
285 2.73292
286 2.74298
287 2.74195
288 2.73897
289 2.74854
290 2.74115
291 2.76358
292 2.77766
293 2.74452
294 2.79291
295 2.78268
296 2.78204
297 2.77783
298 2.79425
299 2.79264
300 2.80354
301 2.79922
302 2.81638
303 2.80745
304 2.8057
305 2.79954
306 2.83816
307 2.79414
308 2.82401
309 2.83822
310 2.83991
311 2.83588
312 2.85592
313 2.85049
314 2.86198
315 2.86707
316 2.86546
317 2.87024
318 2.88292
319 2.89085
320 2.8904
321 2.8922
322 2.89219
323 2.90992
324 2.92328
325 2.92297
326 2.93122
327 2.92727
328 2.94218
329 2.95147
330 2.95095
331 2.95277
332 2.97239
333 2.96544
334 2.98775
335 2.98672
336 2.99062
337 2.98853
338 3.00157
339 3.0155
340 3.01433
341 3.00761
342 3.01476
343 3.02156
344 3.04471
345 3.04798
346 3.0414
347 3.0315
348 3.0748
349 3.05578
350 3.07363 
351 3.07318
352 3.07332
353 3.08349
354 3.081
355 3.09237
356 3.09786
357 3.09011
358 3.10172
359 3.10054
360 3.10156
361 3.10077
362 3.10788
363 3.10535
364 3.11676
365 3.10424
366 3.10929
367 3.09726 
368 3.10705
369 3.10936
370 3.11364
371 3.10935
372 3.12696
373 3.10566
374 3.11233
375 3.10496
376 3.09999
377 3.10161
378 3.11831
379 3.104
380 3.10107
381 3.09881
382 3.09941
383 3.09345
384 3.09086 
385 3.08918
386 3.06329
387 3.11
388 3.08586
389 3.06202
390 3.07638
391 3.07124
392 3.0748
393 3.05952
394 3.05374
395 3.06038
396 3.04422
397 3.0517
398 3.03132
399 3.02658
400 3.02774
401 3.03177
402 3.0156
403 3.01692
404 3.00389
405 3.02348
406 2.99401
407 2.99761
408 2.99617
409 2.99833
410 2.97611
411 2.96789
412 2.96018
413 2.99239
414 2.94545
415 2.96029
416 2.93461
417 2.93355
418 2.93472
419 2.93943
420 2.91343
421 2.91401
422 2.91059
423 2.89507
424 2.89732
425 2.91452
426 2.88031
427 2.90058
428 2.88701
429 2.88138
430 2.87126
431 2.86144
432 2.86228
433 2.84196
434 2.85175
435 2.83892
436 2.84591
437 2.83241
438 2.8231
439 2.83318
440 2.82019
441 2.81548
442 2.82333
443 2.81376
444 2.80258
445 2.81155
446 2.79007
447 2.81236
448 2.77551
449 2.7963
450 2.77434
451 2.77136
452 2.79579
453 2.75987
454 2.77971
455 2.7752
456 2.76606
457 2.75354
458 2.76625
459 2.75251
460 2.75578
461 2.74415
462 2.76121
463 2.74467
464 2.74084
465 2.76461
466 2.74349
467 2.72911
468 2.75318
469 2.73829
470 2.74346
471 2.74867
472 2.73361
473 2.7393
474 2.72876
475 2.73989
476 2.7297
477 2.73539
478 2.73432
479 2.73009
480 2.71967
481 2.74765
482 2.73068
483 2.72619
484 2.73852
485 2.72069
486 2.72688
487 2.72413
488 2.73046
489 2.73018
490 2.73204
491 2.73079
492 2.72513
493 2.73346
494 2.7386
495 2.73804
496 2.74317
497 2.73387
498 2.74825
499 2.73437
500 2.74948
501 2.72516
502 2.76622
503 2.72459
504 2.73969
505 2.75302
506 2.75
507 2.74605
508 2.75228
509 2.7527
510 2.76291
511 2.76153
512 2.74956
513 2.7598
514 2.75821
515 2.7771
516 2.75726
517 2.76961
518 2.7772
519 2.76948
520 2.7721
521 2.77905 
522 2.77451
523 2.78579
524 2.78778
525 2.77627
526 2.78617
527 2.79605
528 2.79567
529 2.80127
530 2.78484
531 2.80163
532 2.81662
533 2.7923
534 2.82303
535 2.78116
536 2.82871
537 2.80007
538 2.81128 
539 2.83803
540 2.81913
541 2.83282
542 2.79423
543 2.83268
544 2.82018
545 2.83362
546 2.82683
547 2.82713
548 2.83862
549 2.82285
550 2.83596
551 2.83426
552 2.83057
553 2.83939
554 2.82961
555 2.84107 
556 2.84385
557 2.83093
558 2.86989
559 2.81939
560 2.85196
561 2.83983
562 2.85691
563 2.84371
564 2.85499
565 2.85551
566 2.85532
567 2.85796
568 2.86193
569 2.85155
570 2.85086
571 2.86973
572 2.85588 
573 2.85464
574 2.86106
575 2.86655
576 2.85994
577 2.85735
578 2.87175
579 2.8486
580 2.87199
581 2.86556
582 2.85343
583 2.87226
584 2.85624
585 2.87194
586 2.87047
587 2.87967
588 2.87077
589 2.86991 
590 2.8554
591 2.88594
592 2.87328
593 2.87311
594 2.86952
595 2.86977
596 2.87874
597 2.86274
598 2.86976
599 2.87716
600 2.88576
601 2.86947
602 2.8621
603 2.87915
604 2.86712
605 2.86472
606 2.87293 
607 2.86459
608 2.86654
609 2.86838
610 2.87335
611 2.86951
612 2.85915
613 2.86648
614 2.8615
615 2.86021
616 2.8535
617 2.8627
618 2.86071
619 2.85734
620 2.87611
621 2.85282
622 2.8641
623 2.87175 
624 2.85165
625 2.863
626 2.85146
627 2.84378
628 2.87646
629 2.80903
630 2.86143
631 2.85062
632 2.83419
633 2.86696
634 2.84064
635 2.85538
636 2.84875
637 2.84856
638 2.84509
639 2.83475
640 2.84462 
641 2.83928
642 2.8361
643 2.83929
644 2.83706
645 2.83612
646 2.83039
647 2.82532
648 2.8332
649 2.81296
650 2.83122
651 2.81821
652 2.81933
653 2.81988
654 2.80483
655 2.80299
656 2.82155
657 2.81085 
658 2.80951
659 2.80536
660 2.79701
661 2.79441
662 2.79402
663 2.80296
664 2.79434
665 2.79729
666 2.79465
667 2.79252
668 2.78085
669 2.77119
670 2.84265
671 2.74189
672 2.77678
673 2.78069
674 2.7911 
675 2.77796
676 2.77174
677 2.77316
678 2.7749
679 2.76595
680 2.76704
681 2.77015
682 2.76315
683 2.76046
684 2.76153
685 2.76941
686 2.75255
687 2.75406
688 2.74947
689 2.75925
690 2.73333
691 2.76753 
692 2.73305
693 2.76536
694 2.72073
695 2.75504
696 2.74519
697 2.73027
698 2.7334
699 2.73813
700 2.73323
701 2.72956
702 2.73842
703 2.73041
704 2.73708
705 2.73198
706 2.72184
707 2.72507
708 2.72013 
709 2.72598
710 2.73003
711 2.71109
712 2.71038
713 2.72182
714 2.7082
715 2.70893
716 2.71293
717 2.70417
718 2.70072
719 2.70516
720 2.69659
721 2.68528
722 2.70589
723 2.68597
724 2.69581
725 2.69344 
726 2.69608
727 2.68619
728 2.69799
729 2.69695
730 2.69001
731 2.68295
732 2.68363
733 2.68875
734 2.67859
735 2.68596
736 2.67568
737 2.67126
738 2.67869
739 2.67425
740 2.66125
741 2.67693
742 2.67427 
743 2.67267
744 2.67387
745 2.66753
746 2.68292
747 2.66072
748 2.66776
749 2.67104
750 2.66783
751 2.65736
752 2.66679
753 2.65996
754 2.65711
755 2.65666
756 2.66533
757 2.64695
758 2.66385
759 2.66111 
760 2.65607
761 2.65479
762 2.64744
763 2.65084
764 2.65162
765 2.65594
766 2.64423
767 2.65627
768 2.64073
769 2.65699
770 2.65328
771 2.63133
772 2.64693
773 2.64381
774 2.64004
775 2.64252
776 2.64293 
777 2.64953
778 2.64418
779 2.65204
780 2.63995
781 2.63016
782 2.64343
783 2.63966
784 2.6215
785 2.64367
786 2.64928
787 2.64177
788 2.63483
789 2.59814
790 2.66539
791 2.64466
792 2.62826
793 2.64985 
794 2.6364
795 2.63054
796 2.62558
797 2.64389
798 2.61235
799 2.68382
800 2.57875
801 2.64684
802 2.64687
803 2.63895
804 2.63654
805 2.63661
806 2.63359
807 2.63894
808 2.61257
809 2.63911
810 2.61719 
811 2.64003
812 2.63873
813 2.62182
814 2.64754
815 2.61019
816 2.64202
817 2.63798
818 2.62883
819 2.62639
820 2.60742
821 2.63766
822 2.62045
823 2.63101
824 2.63719
825 2.62728
826 2.63457
827 2.62546 
828 2.6269
829 2.62691
830 2.61454
831 2.65713
832 2.62602
833 2.64367
834 2.62602
835 2.63286
836 2.64162
837 2.63001
838 2.63702
839 2.61885
840 2.64941
841 2.618
842 2.62763
843 2.66229
844 2.65803 
845 2.58429
846 2.64774
847 2.62809
848 2.64962
849 2.6187
850 2.637
851 2.6401
852 2.63148
853 2.6296
854 2.63584
855 2.63305
856 2.63207
857 2.63075
858 2.63282
859 2.63625
860 2.62141
861 2.6439
862 2.62077
863 2.645
864 2.63241
865 2.63124
866 2.62438
867 2.62735
868 2.63905
869 2.62885
870 2.62361
871 2.64139
872 2.62548
873 2.63342
874 2.63414
875 2.63844
876 2.64679
877 2.6385
878 2.6316
879 2.63685 
880 2.63061
881 2.63363
882 2.6362
883 2.62283
884 2.64149
885 2.60596
886 2.63878
887 2.62765
888 2.63194
889 2.62475
890 2.63892
891 2.62431
892 2.61929
893 2.62584
894 2.61128
895 2.63512
896 2.62154 
897 2.62841
898 2.61634
899 2.63237
900 2.63092
901 2.62303
902 2.61598
903 2.61805
904 2.61901
905 2.61738
906 2.6389
907 2.61943
908 2.60735
909 2.59688
910 2.63082
911 2.62462
912 2.61553
913 2.61553 
914 2.61214
915 2.62479
916 2.60931
917 2.61216
918 2.60911
919 2.60293
920 2.61943
921 2.59833
922 2.62267
923 2.6053
924 2.60322
925 2.60344
926 2.59909
927 2.59633
928 2.60629
929 2.60908
930 2.60229 
931 2.59613
932 2.6086
933 2.60962
934 2.5786
935 2.61214
936 2.59464
937 2.60217
938 2.59117
939 2.59246
940 2.57664
941 2.60221
942 2.58591
943 2.59265
944 2.59153
945 2.58479
946 2.59249
947 2.58194 
948 2.59085
949 2.58508
950 2.57491
951 2.58546
952 2.58312
953 2.56929
954 2.58233
955 2.57512
956 2.58254
957 2.57146
958 2.56676
959 2.57032
960 2.57699
961 2.56041
962 2.57337
963 2.56429
964 2.55741 
965 2.56663
966 2.56563
967 2.55735
968 2.55969
969 2.56918
970 2.54686
971 2.55384
972 2.55244
973 2.54634
974 2.55422
975 2.54961
976 2.56564
977 2.53736
978 2.54681
979 2.5476
980 2.55409
981 2.54015 
982 2.53288
983 2.54678
984 2.54444
985 2.5417
986 2.53525
987 2.54008
988 2.53463
989 2.53972
990 2.53709
991 2.54424
992 2.5379
993 2.52196
994 2.56176
995 2.50766
996 2.53804
997 2.53757
998 2.51781 
999 2.52478
1000 2.5236
1001 2.52704
1002 2.52529
1003 2.51452
1004 2.52965
1005 2.51333
1006 2.52358
1007 2.52543
1008 2.51647
1009 2.51301
1010 2.51835
1011 2.50764
1012 2.51941
1013 2.50503
1014 2.52465 
1015 2.51165
1016 2.51655
1017 2.5019
1018 2.51242
1019 2.51195
1020 2.49771
1021 2.51437
1022 2.50258
1023 2.50457
1024 2.50451
1025 2.49952
1026 2.49994
1027 2.49965
1028 2.49404
1029 2.49799
1030 2.50366 
1031 2.50195
1032 2.49856
1033 2.50042
1034 2.49842
1035 2.50119
1036 2.48539
1037 2.48828
1038 2.48491
1039 2.48186
1040 2.48841
1041 2.48298
1042 2.49032
1043 2.48012
1044 2.4887
1045 2.47195
1046 2.48167 
1047 2.49199
1048 2.45727
1049 2.48508
1050 2.47887
1051 2.47422
1052 2.4677
1053 2.46849
1054 2.47682
1055 2.46875
1056 2.46778
1057 2.46566
1058 2.46947
1059 2.46224
1060 2.46411
1061 2.45442
1062 2.46273 
1063 2.46461
1064 2.45308
1065 2.45638
1066 2.45961
1067 2.46241
1068 2.46344
1069 2.45542
1070 2.45465
1071 2.46066
1072 2.45146
1073 2.45444
1074 2.44384
1075 2.45169
1076 2.44776
1077 2.44603
1078 2.44975
1079 2.45285
1080 2.45339
1081 2.4461
1082 2.45008
1083 2.45304
1084 2.44861
1085 2.45046
1086 2.44866
1087 2.43782
1088 2.44888
1089 2.44087
1090 2.44949
1091 2.44338
1092 2.44528
1093 2.43855 
1094 2.44849
1095 2.43778
1096 2.43966
1097 2.44481
1098 2.44389
1099 2.44873
1100 2.44315
1101 2.44597
1102 2.43629
1103 2.44548
1104 2.43566
1105 2.43259
1106 2.43487
1107 2.42899
1108 2.43454
1109 2.43439
1110 2.4273
1111 2.42155
1112 2.43279
1113 2.44081
1114 2.4212
1115 2.4392
1116 2.42965
1117 2.42146
1118 2.43086
1119 2.42471
1120 2.42895
1121 2.42483
1122 2.42582
1123 2.42588
1124 2.42136
1125 2.41959
1126 2.42484
1127 2.42524
1128 2.41421
1129 2.42066
1130 2.42816
1131 2.41858
1132 2.41991
1133 2.41166
1134 2.42277
1135 2.42364
1136 2.41597
1137 2.41453
1138 2.41818
1139 2.40786
1140 2.41108 
1141 2.40868
1142 2.41299
1143 2.41275
1144 2.41123
1145 2.41237
1146 2.40292
1147 2.40914
1148 2.41186
1149 2.40265
1150 2.40949
1151 2.40707
1152 2.40579
1153 2.40648
1154 2.40622
1155 2.41854
1156 2.40184
1157 2.39757
1158 2.41504
1159 2.39575
1160 2.41674
1161 2.38611
1162 2.42989
1163 2.37458
1164 2.40574
1165 2.39993
1166 2.40331
1167 2.39326
1168 2.3978
1169 2.39894
1170 2.38747
1171 2.39269 
1172 2.39077
1173 2.39217
1174 2.37975
1175 2.38732
1176 2.41464
1177 2.38216
1178 2.36573
1179 2.38728
1180 2.37742
1181 2.3767
1182 2.38562
1183 2.37988
1184 2.37678
1185 2.38602
1186 2.36647
1187 2.37278 
1188 2.3771
1189 2.37597
1190 2.36608
1191 2.37488
1192 2.37609
1193 2.36996
1194 2.37329
1195 2.36482
1196 2.37152
1197 2.36736
1198 2.366
1199 2.36112
1200 2.35821
1201 2.35897
1202 2.36287
1203 2.35599 
1204 2.35734
1205 2.35871
1206 2.35497
1207 2.35355
1208 2.35704
1209 2.35501
1210 2.35345
1211 2.35282
1212 2.35241
1213 2.35516
1214 2.35435
1215 2.35695
1216 2.35125
1217 2.35185
1218 2.34714
1219 2.35068
1220 2.34814
1221 2.34745
1222 2.34727
1223 2.34338
1224 2.34588
1225 2.34534
1226 2.34648
1227 2.342
1228 2.34457
1229 2.34572
1230 2.34129
1231 2.3407
1232 2.35167
1233 2.34497
1234 2.34496
1235 2.36833
1236 2.35281
1237 2.32723
1238 2.34917
1239 2.34725
1240 2.34406
