10.803 -0.000462849 
10.807 0.00214847 
10.811 0.00264096 
10.815 0.00252453 
10.819 0.000899315 
10.823 0.00153272 
10.827 0.000682513 
10.831 -0.000198364 
10.835 3.11533E-05 
10.839 0.000151872 
10.843 0.00109919 
10.847 0.000910917 
10.851 0.00173251 
10.855 0.00044934 
10.859 0.00141867 
10.863 0.000856479 
10.867 -0.000584523 
10.871 -6.42936E-05 
10.875 -0.000650247 
10.879 -5.6982E-05 
10.883 -0.000686567 
10.887 -0.000833512 
10.891 -0.000544071 
10.895 -0.00138807 
10.899 -0.000599623 
10.903 -0.000932455 
10.907 -0.00125233 
10.911 -0.000540892 
10.915 -0.000553688 
10.919 0.000228803 
10.923 0.000441789 
10.927 0.00122793 
10.931 0.000662565 
10.935 0.000446479 
10.939 0.000627517 
10.943 0.000556389 
10.947 1.78813E-05 
10.951 0.000458479 
10.955 0.000813643 
10.959 0.000410636 
10.963 0.000450135 
10.967 0.000222921 
10.971 -0.000140508 
10.975 -0.000496149 
10.979 -4.98295E-05 
10.983 -0.00067234 
10.987 -0.00114846 
10.991 -0.000867844 
10.995 -0.00176421 
10.999 -0.000929912 
11.003 -0.00131647 
11.007 -2.54313E-06 
11.011 -0.00122341 
11.015 -0.000731071 
11.019 2.10603E-05 
11.023 0.000365813 
11.027 0.000656367 
11.031 0.00161283 
11.035 0.00239452 
11.039 0.00241931 
11.043 0.00191339 
11.047 0.0024778 
11.0509 0.00330512 
11.0546 0.00420571 
11.0581 0.00550875 
11.0614 0.00527112 
11.0645 0.00626309 
11.0674 0.00649945 
11.07 0.00729799 
11.0725 0.00816679 
11.0748 0.00893196 
11.0769 0.0103799 
11.0787 0.0116558 
11.0804 0.0127471 
11.0819 0.0142008 
11.0831 0.0149495 
11.0842 0.0157259 
11.085 0.0163041 
11.0857 0.0165239 
11.0861 0.0170387 
11.0864 0.0172573 
11.0867 0.0169148 
11.087 0.0170271 
11.0873 0.0176057 
11.0876 0.0179051 
11.0879 0.0178427 
11.0882 0.0190353 
11.0885 0.0194407 
11.0888 0.0193123 
11.0891 0.0200769 
11.0894 0.0200691 
11.0897 0.0211951 
11.09 0.0212925 
11.0903 0.022912 
11.0906 0.0229573 
11.0909 0.0243767 
11.0912 0.0247276 
11.0915 0.0253864 
11.0918 0.0283785 
11.0921 0.0290512 
11.0924 0.0303092 
11.0927 0.031288 
11.093 0.0315608 
11.0933 0.0330189 
11.0936 0.0343315 
11.0939 0.0357763 
11.0942 0.0368229 
11.0945 0.0375205 
11.0948 0.0393532 
11.0951 0.041932 
11.0954 0.043218 
11.0957 0.0456095 
11.096 0.0475223 
11.0963 0.0495949 
11.0966 0.0509736 
11.0969 0.0536591 
11.0972 0.0562112 
11.0975 0.0588065 
11.0978 0.0616967 
11.0981 0.065728 
11.0984 0.0697181 
11.0987 0.0737948 
11.099 0.0784008 
11.0993 0.0832589 
11.0996 0.0897371 
11.0999 0.0954324 
11.1002 0.102366 
11.1005 0.111223 
11.1008 0.120941 
11.1011 0.132869 
11.1014 0.145765 
11.1017 0.160185 
11.102 0.178304 
11.1023 0.201777 
11.1026 0.227129 
11.1029 0.260468 
11.1032 0.303484 
11.1035 0.360181 
11.1038 0.434988 
11.1041 0.531703 
11.1044 0.664067 
11.1047 0.851827 
11.105 1.08577 
11.1053 1.3646 
11.1056 1.64397 
11.1059 1.88793 
11.1062 2.07164 
11.1065 2.16899 
11.1068 2.21341 
11.1071 2.21035 
11.1074 2.17476 
11.1077 2.10876 
11.108 2.03268 
11.1083 1.94697 
11.1086 1.85864 
11.1089 1.76839 
11.1092 1.67248 
11.1095 1.58593 
11.1098 1.50335 
11.1101 1.4326 
11.1104 1.3722 
11.1107 1.32344 
11.111 1.28995 
11.1113 1.26509 
11.1116 1.2476 
11.1119 1.23493 
11.1122 1.2224 
11.1125 1.21447 
11.1128 1.20537 
11.1132 1.19593 
11.1135 1.18615 
11.1138 1.17699 
11.1142 1.16626 
11.1145 1.15496 
11.1149 1.14505 
11.1152 1.13476 
11.1156 1.12353 
11.116 1.11224 
11.1164 1.10017 
11.1168 1.08873 
11.1171 1.07706 
11.1175 1.0649 
11.118 1.05309 
11.1184 1.04321 
11.1188 1.03364 
11.1192 1.02428 
11.1197 1.01627 
11.1201 1.00943 
11.1206 1.00313 
11.121 0.998643 
11.1215 0.993416 
11.122 0.99064 
11.1224 0.988507 
11.1229 0.987876 
11.1234 0.9881 
11.1239 0.989515 
11.1244 0.992311 
11.1249 0.99554 
11.1254 0.998564 
11.126 1.00267 
11.1265 1.00753 
11.127 1.01144 
11.1276 1.0145 
11.1281 1.02068 
11.1287 1.02398 
11.1293 1.02732 
11.1299 1.02978 
11.1304 1.03082 
11.131 1.03068 
11.1316 1.03212 
11.1322 1.03228 
11.1328 1.03179 
11.1334 1.0312 
11.1341 1.02888 
11.1347 1.02577 
11.1353 1.02127 
11.136 1.01447 
11.1366 1.00925 
11.1373 1.00155 
11.1379 0.995413 
11.1386 0.9881 
11.1393 0.98168 
11.14 0.974589 
11.1406 0.970219 
11.1413 0.965548 
11.142 0.960195 
11.1428 0.957855 
11.1435 0.954761 
11.1442 0.953892 
11.1449 0.953112 
11.1457 0.954313 
11.1464 0.956759 
11.1472 0.959659 
11.1479 0.963939 
11.1487 0.968396 
11.1495 0.973031 
11.1502 0.978744 
11.151 0.985685 
11.1518 0.992069 
11.1526 0.998684 
11.1534 1.00493 
11.1542 1.01151 
11.1551 1.01859 
11.1559 1.02393 
11.1567 1.02949 
11.1576 1.03449 
11.1584 1.03895 
11.1593 1.04136 
11.1601 1.04531 
11.161 1.04779 
11.1619 1.04887 
11.1627 1.0485 
11.1636 1.04842 
11.1645 1.04734 
11.1654 1.04502 
11.1663 1.04318 
11.1673 1.03996 
11.1682 1.03792 
11.1691 1.03423 
11.17 1.03041 
11.171 1.02685 
11.1719 1.02321 
11.1729 1.01908 
11.1739 1.01425 
11.1748 1.01105 
11.1758 1.00723 
11.1768 1.00454 
11.1778 1.00184 
11.1788 0.999316 
11.1798 0.996831 
11.1808 0.996333 
11.1818 0.995199 
11.1828 0.994923 
11.1839 0.994811 
11.1849 0.995027 
11.186 0.995075 
11.187 0.998273 
11.1881 0.996892 
11.1891 1.00253 
11.1902 1.00344 
11.1913 1.00477 
11.1924 1.00742 
11.1935 1.00824 
11.1946 1.01078 
11.1957 1.01237 
11.1968 1.01377 
11.1979 1.01515 
11.1991 1.0169 
11.2002 1.01727 
11.2013 1.01937 
11.2025 1.01735 
11.2036 1.01876 
11.2048 1.01956 
11.206 1.01831 
11.2071 1.01906 
11.2083 1.01805 
11.2095 1.01669 
11.2107 1.01628 
11.2119 1.01516 
11.2131 1.01394 
11.2143 1.01185 
11.2156 1.01028 
11.2168 1.00821 
11.218 1.00665 
11.2193 1.00451 
11.2205 1.0046 
11.2218 1.00243 
11.223 1.00145 
11.2243 1.00016 
11.2256 0.999461 
11.2269 0.998569 
11.2282 0.998537 
11.2295 0.999571 
11.2308 0.998536 
11.2321 0.999065 
11.2334 0.998037 
11.2347 0.998149 
11.2361 0.999359 
11.2374 1.00166 
11.2388 1.00163 
11.2401 1.00173 
11.2415 1.00506 
11.2428 1.00386 
11.2442 1.0063 
11.2456 1.00868 
11.247 1.01037 
11.2484 1.0119 
11.2498 1.01256 
11.2512 1.0134 
11.2526 1.01369 
11.254 1.01434 
11.2555 1.01429 
11.2569 1.01418 
11.2583 1.01292 
11.2598 1.01143 
11.2613 1.01333 
11.2627 1.00971 
11.2642 1.00769 
11.2657 1.00632 
11.2671 1.0037 
11.2686 1.0025 
11.2701 1.00048 
11.2716 0.998831 
11.2731 0.997183 
11.2747 0.994653 
11.2762 0.993444 
11.2777 0.992499 
11.2793 0.991592 
11.2808 0.989385 
11.2824 0.989024 
11.2839 0.988239 
11.2855 0.987655 
11.2871 0.987188 
11.2886 0.987145 
11.2902 0.986503 
11.2918 0.987147 
11.2934 0.986975 
11.295 0.987324 
11.2966 0.988264 
11.2983 0.987879 
11.2999 0.989067 
11.3015 0.992709 
11.3032 0.995659 
11.3048 0.995556 
11.3065 0.997733 
11.3081 0.999325 
11.3098 1.00042 
11.3115 1.00127 
11.3132 1.00178 
11.3148 1.00226 
11.3165 1.0025 
11.3183 1.00256 
11.32 1.00314 
11.3217 1.00336 
11.3234 1.00369 
11.3251 1.00293 
11.3269 1.00264 
11.3286 1.00146 
11.3304 1.00132 
11.3321 1.00147 
11.3339 0.999059 
11.3357 0.997071 
11.3374 0.995891 
11.3392 0.9943 
11.341 0.991907 
11.3428 0.990032 
11.3446 0.987973 
11.3464 0.985872 
11.3482 0.985497 
11.3501 0.984317 
11.3519 0.982505 
11.3537 0.980249 
11.3556 0.98038 
11.3574 0.980231 
11.3593 0.979509 
11.3612 0.97334 
11.363 0.984596 
11.3649 0.975976 
11.3668 0.972603 
11.3687 0.97232 
11.3706 0.972055 
11.3725 0.972499 
11.3744 0.973368 
11.3764 0.974007 
11.3783 0.974777 
11.3802 0.975295 
11.3822 0.976155 
11.3841 0.977017 
11.3861 0.978525 
11.388 0.979532 
11.39 0.981252 
11.392 0.981751 
11.394 0.982483 
11.396 0.983353 
11.3979 0.984005 
11.4 0.983121 
11.402 0.983252 
11.404 0.98288 
11.406 0.98334 
11.408 0.982769 
11.4101 0.983535 
11.4121 0.983105 
11.4142 0.983385 
11.4162 0.981884 
11.4183 0.981589 
11.4204 0.981089 
11.4225 0.980465 
11.4245 0.978831 
11.4266 0.976349 
11.4287 0.975705 
11.4308 0.974108 
11.4329 0.972951 
11.4351 0.971867 
11.4372 0.970205 
11.4393 0.96874 
11.4415 0.968016 
11.4436 0.968397 
11.4458 0.967053 
11.4479 0.965137 
11.4501 0.964956 
11.4523 0.963745 
11.4545 0.963469 
11.4567 0.963257 
11.4589 0.962508 
11.461 0.96212 
11.4633 0.961307 
11.4655 0.961443 
11.4677 0.962572 
11.4699 0.961724 
11.4722 0.960543 
11.4744 0.960428 
11.4767 0.960061 
11.4789 0.960329 
11.4812 0.960587 
11.4835 0.960832 
11.4857 0.961328 
11.488 0.961969 
11.4903 0.961516 
11.4926 0.961891 
11.4949 0.962547 
11.4972 0.963648 
11.4995 0.964021 
11.5019 0.964467 
11.5042 0.964265 
11.5065 0.963793 
11.5089 0.964065 
11.5112 0.964685 
11.5136 0.964365 
11.516 0.963888 
11.5183 0.963359 
11.5207 0.963473 
11.5231 0.962347 
11.5255 0.963127 
11.5279 0.961713 
11.5303 0.962149 
11.5327 0.961787 
11.5352 0.960293 
11.5376 0.959696 
11.54 0.958647 
11.5425 0.957244 
11.5449 0.956007 
11.5474 0.95492 
11.5498 0.953519 
11.5523 0.953352 
11.5548 0.952612 
11.5573 0.951805 
11.5597 0.951152 
11.5623 0.950157 
11.5647 0.948707 
11.5673 0.947523 
11.5698 0.946385 
11.5723 0.945772 
11.5748 0.945979 
11.5774 0.945209 
11.5799 0.945097 
11.5825 0.945517 
11.585 0.945256 
11.5876 0.945748 
11.5902 0.945327 
11.5927 0.946472 
11.5953 0.945576 
11.5979 0.945909 
11.6005 0.945893 
11.6031 0.945909 
11.6057 0.946597 
11.6084 0.947327 
11.611 0.948201 
11.6136 0.947483 
11.6163 0.948532 
11.6189 0.947964 
11.6216 0.948369 
11.6242 0.948165 
11.6269 0.948212 
11.6296 0.948748 
11.6322 0.948788 
11.6349 0.948448 
11.6376 0.948611 
11.6403 0.947433 
11.643 0.946872 
11.6458 0.947272 
11.6485 0.946672 
11.6512 0.946007 
11.6539 0.945432 
11.6567 0.944625 
11.6594 0.943817 
11.6622 0.942236 
11.665 0.940947 
11.6677 0.939051 
11.6705 0.938783 
11.6733 0.937832 
11.6761 0.937699 
11.6789 0.937239 
11.6817 0.936288 
11.6845 0.935819 
11.6873 0.936052 
11.6901 0.936241 
11.693 0.936084 
11.6958 0.935696 
11.6987 0.936701 
11.7015 0.936625 
11.7044 0.937172 
11.7072 0.936672 
11.7101 0.937059 
11.713 0.937412 
11.7159 0.937131 
11.7188 0.936987 
11.7217 0.936624 
11.7246 0.937025 
11.7275 0.936865 
11.7304 0.937925 
11.7333 0.937749 
11.7363 0.938201 
11.7392 0.938209 
11.7422 0.937937 
11.7451 0.937843 
11.7481 0.938649 
11.7511 0.938333 
11.754 0.937683 
11.757 0.936329 
11.76 0.936559 
11.763 0.935727 
11.766 0.936303 
11.769 0.935555 
11.772 0.934905 
11.7751 0.934339 
11.7781 0.934183 
11.7811 0.933337 
11.7842 0.933097 
11.7872 0.932172 
11.7903 0.932539 
11.7933 0.932052 
11.7964 0.932063 
11.7995 0.932235 
11.8026 0.932516 
11.8057 0.932051 
11.8088 0.931335 
11.8119 0.930948 
11.815 0.930837 
11.8181 0.930841 
11.8212 0.932071 
11.8244 0.931307 
11.8275 0.930984 
11.8307 0.93148 
11.8338 0.930869 
11.837 0.930143 
11.8401 0.930235 
11.8433 0.930424 
11.8465 0.931212 
11.8497 0.930944 
11.8529 0.930895 
11.8561 0.931279 
11.8593 0.931719 
11.8625 0.932032 
11.8657 0.932472 
11.869 0.932471 
11.8722 0.931815 
11.8754 0.931976 
11.8787 0.932709 
11.8819 0.931925 
11.8852 0.933688 
11.8885 0.933261 
11.8918 0.93244 
11.8951 0.932023 
11.8983 0.931136 
11.9016 0.930889 
11.9049 0.930841 
11.9083 0.930539 
11.9116 0.930923 
11.9149 0.930468 
11.9182 0.93092 
11.9216 0.931248 
11.9249 0.930743 
11.9283 0.93188 
11.9316 0.93128 
11.935 0.931467 
11.9384 0.93108 
11.9417 0.93122 
11.9451 0.931091 
11.9485 0.930548 
11.9519 0.931363 
11.9553 0.930227 
11.9587 0.930373 
11.9622 0.930344 
11.9656 0.931277 
11.969 0.931743 
11.9725 0.931953 
11.9759 0.932596 
11.9794 0.932879 
11.9828 0.932276 
11.9863 0.932569 
11.9898 0.932615 
11.9933 0.933251 
11.9967 0.932667 
12.0002 0.933099 
12.0037 0.9335 
12.0073 0.933308 
12.0108 0.933457 
12.0143 0.933137 
12.0178 0.933049 
12.0214 0.932905 
12.0249 0.933283 
12.0285 0.933472 
12.032 0.933272 
12.0356 0.933271 
12.0392 0.934309 
12.0427 0.93404 
12.0463 0.934531 
12.0499 0.934781 
12.0535 0.9355 
12.0571 0.935015 
12.0607 0.935385 
12.0643 0.935999 
12.068 0.934985 
12.0716 0.935069 
12.0752 0.934476 
12.0789 0.934979 
12.0825 0.934945 
12.0862 0.936212 
12.0899 0.935564 
12.0935 0.936231 
12.0972 0.936667 
12.1009 0.937076 
12.1046 0.937001 
12.1083 0.937988 
12.112 0.938245 
12.1157 0.937684 
12.1195 0.937381 
12.1232 0.938011 
12.1269 0.938084 
12.1307 0.938436 
12.1344 0.939052 
12.1382 0.939617 
12.1419 0.939836 
12.1457 0.939968 
12.1495 0.940591 
12.1533 0.941213 
12.1571 0.940768 
12.1609 0.940944 
12.1646 0.941473 
12.1685 0.941763 
12.1723 0.942053 
12.1761 0.942264 
12.1799 0.943532 
12.1838 0.943336 
12.1876 0.942891 
12.1915 0.943567 
12.1953 0.943511 
12.1992 0.944059 
12.2031 0.944873 
12.207 0.945547 
12.2108 0.945995 
12.2147 0.94594 
12.2186 0.946741 
12.2225 0.946171 
12.2265 0.946283 
12.2304 0.947064 
12.2343 0.947381 
12.2382 0.948672 
12.2422 0.948691 
12.2461 0.949335 
12.2501 0.950103 
12.254 0.950525 
12.258 0.951112 
12.262 0.951061 
12.266 0.951935 
12.2699 0.95186 
12.2739 0.952071 
12.2779 0.952737 
12.282 0.952995 
12.286 0.953345 
12.29 0.95402 
12.294 0.954245 
12.2981 0.954152 
12.3021 0.954249 
12.3062 0.954333 
