:runabs2_sun  from pixel 0 to 1240 from stripe 4 to 14
:I0 number of accum:  10
:Sample number of accum: 10
:Sample position : alfie
:I0 position  : i0_alfie
:Integration time sample (ms) : 20
:Integration time I0 (ms) : 0.4
:file_descriptor : gete
:background substraction YES
:background acquisition YES
:N 
: Mon Oct  6 03:50:37 2003
0 -0.168915
1 -0.174114
2 -0.169709
3 -0.170446
4 -0.172011
5 -0.172529
6 -0.174743
7 -0.174684
8 -0.174898
9 -0.172307
10 -0.174612
11 -0.175876
12 -0.177034
13 -0.176391
14 -0.179041
15 -0.178522
16 -0.180318
17 -0.180215
18 -0.182414
19 -0.181674
20 -0.18366
21 -0.182256
22 -0.183785
23 -0.182393
24 -0.183635
25 -0.184654
26 -0.185102
27 -0.18632
28 -0.18564
29 -0.189117
30 -0.185819
31 -0.18774 
32 -0.181754
33 -0.189703
34 -0.19306
35 -0.182526
36 -0.18337
37 -0.185246
38 -0.185634
39 -0.183484
40 -0.1815
41 -0.182096
42 -0.181949
43 -0.183598
44 -0.181866
45 -0.180602
46 -0.181984
47 -0.180599 
48 -0.178178
49 -0.176973
50 -0.178558
51 -0.182805
52 -0.188827
53 -0.184573
54 -0.185317
55 -0.182683
56 -0.179906
57 -0.156976
58 -0.0882813
59 0.00151575
60 0.022034
61 -0.012076
62 -0.0204989
63 0.0129487
64 0.0326155
65 0.0170731
66 -0.00783307
67 -0.057184
68 -0.111794
69 -0.13347
70 -0.140141
71 -0.140983
72 -0.155106
73 -0.154897
74 -0.159838
75 -0.163524
76 -0.165284
77 -0.167128
78 -0.166831 
79 -0.167771
80 -0.170488
81 -0.171336
82 -0.173078
83 -0.175044
84 -0.179424
85 -0.18293
86 -0.182982
87 -0.18555
88 -0.185038
89 -0.187094
90 -0.188762
91 -0.187785
92 -0.197927
93 -0.188818
94 -0.193749 
95 -0.194093
96 -0.195857
97 -0.196916
98 -0.1966
99 -0.197913
100 -0.20011
101 -0.19863
102 -0.20039
103 -0.203582
104 -0.199737
105 -0.202465
106 -0.202343
107 -0.201125
108 -0.201344
109 -0.202996 
110 -0.20327
111 -0.204732
112 -0.201046
113 -0.209103
114 -0.201495
115 -0.204337
116 -0.204693
117 -0.202256
118 -0.203535
119 -0.203906
120 -0.200523
121 -0.201553
122 -0.202747
123 -0.200197
124 -0.201543 
125 -0.202597
126 -0.198882
127 -0.19689
128 -0.194369
129 -0.198961
130 -0.19841
131 -0.198058
132 -0.199369
133 -0.199191
134 -0.199959
135 -0.198689
136 -0.198583
137 -0.19858
138 -0.196513
139 -0.190115 
140 -0.188248
141 -0.185857
142 -0.184269
143 -0.180949
144 -0.17831
145 -0.168235
146 -0.159066
147 -0.146854
148 -0.129472
149 -0.108112
150 -0.0738723
151 -0.023181
152 0.063765
153 0.201182
154 0.371859 
155 0.548896
156 0.638427
157 0.628484
158 0.570831
159 0.509286
160 0.449521
161 0.395055
162 0.344021
163 0.291628
164 0.252905
165 0.210604
166 0.183627
167 0.163913
168 0.15096
169 0.15003
170 0.149254 
171 0.153501
172 0.152162
173 0.149474
174 0.149917
175 0.147544
176 0.143502
177 0.140046
178 0.140783
179 0.139882
180 0.139383
181 0.139752
182 0.139456
183 0.14111
184 0.143332
185 0.143642
186 0.149457 
187 0.151234
188 0.158054
189 0.159215
190 0.16009
191 0.161
192 0.157876
193 0.156942
194 0.15197
195 0.155744
196 0.139038
197 0.141949
198 0.139643
199 0.137273
200 0.135978
201 0.134674
202 0.135728 
203 0.137332
204 0.137319
205 0.135247
206 0.132624
207 0.126439
208 0.115798
209 0.106937
210 0.105437
211 0.101936
212 0.103947
213 0.104018
214 0.103503
215 0.105736
216 0.104663
217 0.108806
218 0.113131 
219 0.118165
220 0.125298
221 0.131823
222 0.137471
223 0.143746
224 0.147423
225 0.150691
226 0.156704
227 0.159711
228 0.160026
229 0.160774
230 0.158228
231 0.154368
232 0.150868
233 0.151142
234 0.142464 
235 0.143756
236 0.141192
237 0.138146
238 0.136425
239 0.13364
240 0.131247
241 0.129438
242 0.130946
243 0.130544
244 0.130302
245 0.130332
246 0.132156
247 0.131276
248 0.130629
249 0.129336
250 0.128134 
251 0.126897
252 0.128105
253 0.123587
254 0.12407
255 0.119576
256 0.119525
257 0.116433
258 0.1162
259 0.114241
260 0.112021
261 0.112217
262 0.110538
263 0.11048
264 0.111959
265 0.110369
266 0.111548 
267 0.113187
268 0.115624
269 0.115293
270 0.115773
271 0.116735
272 0.118948
273 0.121391
274 0.125184
275 0.123746
276 0.121523
277 0.12316
278 0.121317
279 0.121178
280 0.121346
281 0.122978
282 0.124065 
283 0.12277
284 0.121036
285 0.11988
286 0.120725
287 0.118998
288 0.117685
289 0.116805
290 0.117165
291 0.115065
292 0.114019
293 0.113601
294 0.113955
295 0.112008
296 0.112727
297 0.112716
298 0.112184 
299 0.111323
300 0.112194
301 0.110814
302 0.109824
303 0.109751
304 0.111927
305 0.110306
306 0.110244
307 0.108802
308 0.109312
309 0.110351
310 0.106375
311 0.113273
312 0.10116
313 0.109042
314 0.104275 
315 0.101281
316 0.0978194
317 0.0966203
318 0.0972457
319 0.0975625
320 0.0956684
321 0.0924455
322 0.0917751
323 0.090917
324 0.090237
325 0.0901663
326 0.0897001
327 0.0884713
328 0.0881267
329 0.0857969 
330 0.085423
331 0.0860112
332 0.0864076
333 0.0876908
334 0.0834411
335 0.0853204
336 0.0836802
337 0.0847534
338 0.0827805
339 0.0821742
340 0.0817633
341 0.0817846
342 0.0862527
343 0.0672785
344 0.0819694 
345 0.0790011
346 0.0791697
347 0.0802236
348 0.0797473
349 0.0759026
350 0.0726396
351 0.0731524
352 0.0681838
353 0.0727759
354 0.0733351
355 0.074728
356 0.0736127
357 0.0721765
358 0.0713904
359 0.0700779 
360 0.0716597
361 0.0686242
362 0.0704245
363 0.0706509
364 0.0685568
365 0.0706772
366 0.0709562
367 0.0709574
368 0.0693208
369 0.0722956
370 0.0728818
371 0.0708515
372 0.0722112
373 0.0718621
374 0.070477
375 0.0701173
376 0.0694236
377 0.0684938
378 0.0651284
379 0.0639396
380 0.0655083
381 0.0663262
382 0.0676374
383 0.066359
384 0.066419
385 0.0660187
386 0.0661628
387 0.0654386
388 0.0666207 
389 0.0629218
390 0.0623723
391 0.0647159
392 0.0638258
393 0.0643403
394 0.0624511
395 0.0642363
396 0.0601376
397 0.0605958
398 0.0612678
399 0.0585603
400 0.0595004
401 0.0593265
402 0.0629987
403 0.0640457
404 0.0659626
405 0.0651151
406 0.0616794
407 0.0618994
408 0.0605875
409 0.0550551
410 0.0518202
411 0.0525662
412 0.0496028
413 0.0506806
414 0.0500293
415 0.0498335
416 0.0489004
417 0.0489356 
418 0.0490526
419 0.0502955
420 0.0479266
421 0.0464901
422 0.0445748
423 0.0467426
424 0.0455432
425 0.0446159
426 0.0438972
427 0.043255
428 0.0438233
429 0.0436135
430 0.0470695
431 0.0506596
432 0.0445082 
433 0.0405839
434 0.0395275
435 0.0404774
436 0.0406294
437 0.0410219
438 0.0422604
439 0.0420193
440 0.0377061
441 0.0375773
442 0.0493364
443 0.0478496
444 0.0359231
445 0.0436116
446 0.0459396
447 0.0440932
448 0.0488219
449 0.0505776
450 0.0540383
451 0.0602475
452 0.0644953
453 0.0651024
454 0.0667556
455 0.0673975
456 0.0565244
457 0.0527954
458 0.0561801
459 0.0570427
460 0.0558325
461 0.0538018 
462 0.0440894
463 0.0394163
464 0.0375271
465 0.0399179
466 0.0403058
467 0.0413353
468 0.0368123
469 0.0427593
470 0.0397957
471 0.0415227
472 0.0391161
473 0.0416767
474 0.0451825
475 0.0445933
476 0.045917
477 0.0457637
478 0.0481928
479 0.0503575
480 0.0486267
481 0.0471419
482 0.0497862
483 0.0499885
484 0.0485105
485 0.0498692
486 0.0500813
487 0.0575491
488 0.0623711
489 0.0657617
490 0.0737101 
491 0.0828197
492 0.0922641
493 0.112313
494 0.146022
495 0.205149
496 0.29342
497 0.415074
498 0.477567
499 0.402287
500 0.265747
501 0.156001
502 0.104758
503 0.0809704
504 0.0745028
505 0.0705216
506 0.0651509
507 0.0611309
508 0.0605289
509 0.0612528
510 0.0561543
511 0.0505727
512 0.0488318
513 0.0500701
514 0.048213
515 0.0459749
516 0.0453
517 0.03702
518 0.0334602
519 0.0290831
520 0.027561
521 0.0240712
522 0.0208902
523 0.0206667
524 0.01806
525 0.0168776
526 0.0161489
527 0.0146457
528 0.0121673
529 0.00842413
530 0.00785106
531 0.005172
532 0.00346919
533 -0.000957938
534 0.000116363
535 -0.00242377
536 -0.00287282
537 -0.00521949
538 -0.00520013
539 -0.00571398
540 -0.005873
541 -0.00626546
542 -0.00682476
543 -0.0113762
544 -0.0110958
545 -0.0125419
546 -0.0143785
547 -0.0133293
548 -0.0159778
549 -0.0150963
550 -0.0156046
551 -0.0176035
552 -0.0190966
553 -0.0207489
554 -0.0197431
555 -0.0226209
556 -0.0252731
557 -0.0259678
558 -0.0275527
559 -0.0274074
560 -0.0291292
561 -0.0283004 
562 -0.0275066
563 -0.0277196
564 -0.0339553
565 -0.0355712
566 -0.0344224
567 -0.0362038
568 -0.0335296
569 -0.0328933
570 -0.0358526
571 -0.0352297
572 -0.0359837
573 -0.0364711
574 -0.0367163
575 -0.0381269 
576 -0.0404449
577 -0.0403253
578 -0.0428444
579 -0.0441769
580 -0.0436172
581 -0.0444766
582 -0.0462333
583 -0.0458042
584 -0.0456756
585 -0.0465203
586 -0.0473604
587 -0.0487976
588 -0.0496578
589 -0.0508998 
590 -0.0510937
591 -0.0517854
592 -0.0524283
593 -0.0517581
594 -0.054107
595 -0.0539548
596 -0.0544347
597 -0.055845
598 -0.0563899
599 -0.057607
600 -0.0520875
601 -0.0507278
602 -0.068842
603 -0.0670551 
604 -0.0629069
605 -0.0619872
606 -0.064112
607 -0.0663783
608 -0.0684827
609 -0.063489
610 -0.0647758
611 -0.063681
612 -0.0640278
613 -0.0643022
614 -0.0612293
615 -0.0673381
616 -0.068012
617 -0.0825741 
618 -0.0892246
619 -0.079864
620 -0.0551595
621 -0.0365502
622 -0.00998766
623 0.0680489
624 0.23139
625 0.366633
626 0.294711
627 0.126284
628 0.0380632
629 0.00738499
630 -0.0137958
631 -0.0264576
632 -0.035345
633 -0.0465522
634 -0.0560175
635 -0.0598793
636 -0.065104
637 -0.0709534
638 -0.0759039
639 -0.0796468
640 -0.0774275
641 -0.0849899
642 -0.0883516
643 -0.0841918
644 -0.0854893
645 -0.0864106 
646 -0.0912103
647 -0.100392
648 -0.0649159
649 -0.0974942
650 -0.10054
651 -0.0946566
652 -0.0966585
653 -0.100897
654 -0.103691
655 -0.101698
656 -0.103953
657 -0.105991
658 -0.106665
659 -0.107297 
660 -0.106447
661 -0.105177
662 -0.103581
663 -0.106272
664 -0.103846
665 -0.105118
666 -0.108258
667 -0.109768
668 -0.110862
669 -0.112225
670 -0.111808
671 -0.111663
672 -0.111705
673 -0.114038
674 -0.112354
675 -0.113972
676 -0.11328
677 -0.111729
678 -0.111269
679 -0.112344
680 -0.112435
681 -0.112299
682 -0.112804
683 -0.106253
684 -0.112898
685 -0.107081
686 -0.110122
687 -0.108429
688 -0.108525 
689 -0.108433
690 -0.105135
691 -0.107628
692 -0.10274
693 -0.101794
694 -0.104023
695 -0.104272
696 -0.104625
697 -0.101103
698 -0.0998626
699 -0.0998358
700 -0.09944
701 -0.100035
702 -0.0987197
703 -0.0973932
704 -0.0965016
705 -0.0954576
706 -0.0941804
707 -0.0932815
708 -0.0987622
709 -0.0973825
710 -0.096797
711 -0.0960376
712 -0.102526
713 -0.10147
714 -0.0968503
715 -0.0981382
716 -0.116718 
717 -0.05843
718 -0.0911177
719 -0.0878845
720 -0.0856204
721 -0.080205
722 -0.0771318
723 -0.0732569
724 -0.065835
725 -0.0585174
726 -0.0435182
727 -0.0189323
728 0.0245845
729 0.0928935
730 0.184657 
731 0.270441
732 0.316894
733 0.311518
734 0.273669
735 0.244872
736 0.223626
737 0.193854
738 0.16749
739 0.216692
740 0.369573
741 0.51294
742 0.468714
743 0.294218
744 0.14569
745 0.0648234
746 0.0270903 
747 0.00695843
748 -0.00680294
749 -0.0203019
750 -0.0292977
751 -0.0385073
752 -0.0481549
753 -0.0535987
754 -0.0552739
755 -0.062613
756 -0.0687964
757 -0.0713412
758 -0.0750248
759 -0.0780232
760 -0.0831459 
761 -0.0844579
762 -0.0856852
763 -0.0860906
764 -0.086593
765 -0.0875991
766 -0.0890578
767 -0.0913518
768 -0.0922741
769 -0.092341
770 -0.0943487
771 -0.0951701
772 -0.0965863
773 -0.101319
774 -0.102807 
775 -0.108071
776 -0.105938
777 -0.105413
778 -0.107509
779 -0.109539
780 -0.111436
781 -0.113197
782 -0.112801
783 -0.11464
784 -0.113432
785 -0.112842
786 -0.114942
787 -0.11464
788 -0.114289
789 -0.116199 
790 -0.11617
791 -0.114369
792 -0.114728
793 -0.113653
794 -0.112506
795 -0.11092
796 -0.106766
797 -0.106171
798 -0.104761
799 -0.102421
800 -0.0979922
801 -0.0908013
802 -0.0833755
803 -0.0744447
804 -0.0580959
805 -0.0199289
806 0.0900752
807 0.247362
808 0.358582
809 0.38525
810 0.461826
811 0.505298
812 0.389621
813 0.217477
814 0.088196
815 0.0228173
816 -0.00579578
817 -0.0256062
818 -0.0393711 
819 -0.0503215
820 -0.0598051
821 -0.0693355
822 -0.0798794
823 -0.0855375
824 -0.0915474
825 -0.0953117
826 -0.0996723
827 -0.105224
828 -0.109291
829 -0.112202
830 -0.11487
831 -0.115578
832 -0.11682 
833 -0.116478
834 -0.118517
835 -0.11643
836 -0.116711
837 -0.120551
838 -0.122429
839 -0.122315
840 -0.119973
841 -0.125396
842 -0.12667
843 -0.128753
844 -0.130657
845 -0.130411
846 -0.127845
847 -0.125917 
848 -0.125089
849 -0.127167
850 -0.127623
851 -0.130261
852 -0.135955
853 -0.134285
854 -0.136192
855 -0.137039
856 -0.137763
857 -0.140501
858 -0.141303
859 -0.138645
860 -0.135234
861 -0.135704
862 -0.134507
863 -0.137135
864 -0.139503
865 -0.147047
866 -0.147901
867 -0.144957
868 -0.144106
869 -0.143454
870 -0.13822
871 -0.144598
872 -0.144799
873 -0.147702
874 -0.147113
875 -0.148129
876 -0.143854 
877 -0.156896
878 -0.151267
879 -0.153196
880 -0.152481
881 -0.15129
882 -0.151821
883 -0.151887
884 -0.151515
885 -0.153236
886 -0.154285
887 -0.156663
888 -0.157321
889 -0.152466
890 -0.152497
891 -0.15192 
892 -0.151057
893 -0.153256
894 -0.15204
895 -0.156715
896 -0.156488
897 -0.156167
898 -0.153472
899 -0.149827
900 -0.137636
901 -0.114115
902 -0.0934186
903 -0.0803184
904 -0.0820952
905 -0.102175
906 -0.138849
907 -0.161149
908 -0.1663
909 -0.166112
910 -0.169498
911 -0.168811
912 -0.173711
913 -0.174142
914 -0.172813
915 -0.173617
916 -0.174194
917 -0.173698
918 -0.175043
919 -0.175031
920 -0.174505 
921 -0.174509
922 -0.17263
923 -0.171753
924 -0.170441
925 -0.171511
926 -0.167359
927 -0.168559
928 -0.173719
929 -0.175865
930 -0.176105
931 -0.178609
932 -0.176015
933 -0.176242
934 -0.181006
935 -0.180079 
936 -0.178079
937 -0.178089
938 -0.178357
939 -0.178472
940 -0.177227
941 -0.177772
942 -0.176277
943 -0.182182
944 -0.180122
945 -0.1808
946 -0.180432
947 -0.179626
948 -0.179179
949 -0.178945
950 -0.175271 
951 -0.178175
952 -0.179968
953 -0.181793
954 -0.177833
955 -0.181338
956 -0.181793
957 -0.178939
958 -0.178244
959 -0.18031
960 -0.180752
961 -0.178623
962 -0.175399
963 -0.172648
964 -0.174161
965 -0.172178 
966 -0.171465
967 -0.173016
968 -0.171596
969 -0.170637
970 -0.169546
971 -0.1697
972 -0.167928
973 -0.165395
974 -0.162308
975 -0.161449
976 -0.155802
977 -0.141065
978 -0.105196
979 -0.0432336
980 0.0331192 
981 0.0997685
982 0.110777
983 0.0653158
984 -0.00799541
985 -0.0729243
986 -0.115168
987 -0.141777
988 -0.158553
989 -0.167312
990 -0.170012
991 -0.169758
992 -0.169926
993 -0.169298
994 -0.171665
995 -0.172518
996 -0.172956
997 -0.171936
998 -0.173139
999 -0.174967
1000 -0.177863
1001 -0.17838
1002 -0.182171
1003 -0.183359
1004 -0.183723
1005 -0.184204
1006 -0.184608
1007 -0.186745
1008 -0.185779
1009 -0.18633
1010 -0.189688
1011 -0.190922
1012 -0.194791
1013 -0.194985
1014 -0.195444
1015 -0.200697
1016 -0.193625
1017 -0.196819
1018 -0.199474
1019 -0.199875
1020 -0.193722
1021 -0.204511
1022 -0.197434 
1023 -0.20312
1024 -0.200153
1025 -0.198163
1026 -0.198898
1027 -0.201
1028 -0.200644
1029 -0.201143
1030 -0.203738
1031 -0.202236
1032 -0.20371
1033 -0.207134
1034 -0.20711
1035 -0.208509
1036 -0.207396 
1037 -0.207005
1038 -0.206317
1039 -0.206945
1040 -0.210156
1041 -0.207821
1042 -0.205735
1043 -0.207243
1044 -0.208479
1045 -0.209133
1046 -0.20965
1047 -0.214319
1048 -0.211574
1049 -0.2104
1050 -0.21141 
1051 -0.21212
1052 -0.213706
1053 -0.213459
1054 -0.216743
1055 -0.212409
1056 -0.21234
1057 -0.21219
1058 -0.213743
1059 -0.215343
1060 -0.214249
1061 -0.213448
1062 -0.214568
1063 -0.216683
1064 -0.219016 
1065 -0.22179
1066 -0.219206
1067 -0.219239
1068 -0.219109
1069 -0.219098
1070 -0.218582
1071 -0.221672
1072 -0.219568
1073 -0.221084
1074 -0.221223
1075 -0.219499
1076 -0.218522
1077 -0.221098
1078 -0.222338 
1079 -0.219108
1080 -0.192897
1081 -0.125581
1082 -0.0658654
1083 -0.0808967
1084 -0.155091
1085 -0.183033
1086 -0.191451
1087 -0.195289
1088 -0.195962
1089 -0.194698
1090 -0.1904
1091 -0.18337
1092 -0.157582 
1093 -0.0998479
1094 -0.00116773
1095 0.110871
1096 0.165375
1097 0.164047
1098 0.0817063
1099 -0.048556
1100 -0.130422
1101 -0.162624
1102 -0.177919
1103 -0.190222
1104 -0.191452
1105 -0.196938
1106 -0.201211
1107 -0.199732
1108 -0.205114
1109 -0.21243
1110 -0.211432
1111 -0.210471
1112 -0.223936
1113 -0.218945
1114 -0.217118
1115 -0.22657
1116 -0.224316
1117 -0.229153
1118 -0.226317
1119 -0.228141 
1120 -0.228655
1121 -0.22934
1122 -0.228827
1123 -0.228962
1124 -0.232553
1125 -0.232139
1126 -0.229934
1127 -0.231891
1128 -0.231273
1129 -0.231483
1130 -0.230624
1131 -0.22596
1132 -0.222821
1133 -0.219167 
1134 -0.216395
1135 -0.216489
1136 -0.215076
1137 -0.198203
1138 -0.192785
1139 -0.168347
1140 -0.127429
1141 -0.00481509
1142 0.202938
1143 0.384772
1144 0.330608
1145 0.157941
1146 0.0513967
1147 0.0785891 
1148 0.1527
1149 0.155052
1150 0.0222087
1151 -0.0899237
1152 -0.127304
1153 -0.149948
1154 -0.167175
1155 -0.195174
1156 -0.224798
1157 -0.240324
1158 -0.226861
1159 -0.218946
1160 -0.220478
1161 -0.219047 
1162 -0.221031
1163 -0.228236
1164 -0.230242
1165 -0.231721
1166 -0.232697
1167 -0.230728
1168 -0.231337
1169 -0.239463
1170 -0.243312
1171 -0.236799
1172 -0.240608
1173 -0.241686
1174 -0.238914
1175 -0.241815
1176 -0.240094
1177 -0.242472
1178 -0.24466
1179 -0.241824
1180 -0.244919
1181 -0.244071
1182 -0.244692
1183 -0.24478
1184 -0.244086
1185 -0.241509
1186 -0.243611
1187 -0.244326
1188 -0.244871 
1189 -0.248503
1190 -0.246079
1191 -0.243965
1192 -0.242496
1193 -0.244896
1194 -0.24378
1195 -0.241803
1196 -0.242222
1197 -0.239106
1198 -0.238978
1199 -0.23969
1200 -0.239397
1201 -0.23813
1202 -0.240823 
1203 -0.237121
1204 -0.235643
1205 -0.23321
1206 -0.235771
1207 -0.233841
1208 -0.232639
1209 -0.231429
1210 -0.227306
1211 -0.228319
1212 -0.231211
1213 -0.227875
1214 -0.230896
1215 -0.223498
1216 -0.22425 
1217 -0.21815
1218 -0.21259
1219 -0.218867
1220 -0.216516
1221 -0.215416
1222 -0.210671
1223 -0.218743
1224 -0.212414
1225 -0.186358
1226 0.0733454
1227 0.218041
1228 0.263023
1229 0.354828
1230 0.355176 
1231 0.364224
1232 0.398723
1233 0.417118
1234 0.437225
1235 0.447022
1236 0.434493
1237 0.445068
1238 0.451728
1239 0.443592
1240 0.405338
