:runabs2_sun  from pixel 0 to 1240 from stripe 4 to 14
:I0 number of accum:  10
:Sample number of accum: 10
:Sample position : alfie
:I0 position  : i0_alfie
:Integration time sample (ms) : 20
:Integration time I0 (ms) : 0.5
:file_descriptor : gete
:background substraction YES
:background acquisition YES
:N 
: Sun Oct  5 21:11:48 2003
0 -0.143587
1 -0.146437
2 -0.145346
3 -0.144839
4 -0.146829
5 -0.146317
6 -0.148273
7 -0.146881
8 -0.15177
9 -0.148744
10 -0.151205
11 -0.151552
12 -0.151214
13 -0.150792
14 -0.152585
15 -0.152788
16 -0.15192 
17 -0.150687
18 -0.152409
19 -0.153837
20 -0.152288
21 -0.154243
22 -0.152225
23 -0.153325
24 -0.152478
25 -0.153494
26 -0.152483
27 -0.154613
28 -0.1547
29 -0.156309
30 -0.156016
31 -0.154881
32 -0.157015 
33 -0.155522
34 -0.157257
35 -0.153194
36 -0.153562
37 -0.153563
38 -0.154581
39 -0.148574
40 -0.150609
41 -0.147837
42 -0.144396
43 -0.140108
44 -0.128058
45 -0.103538
46 -0.0842323
47 -0.0766676
48 -0.0706084
49 -0.0692031
50 -0.0726445
51 -0.0536009
52 -0.0421538
53 -0.052277
54 -0.0616118
55 -0.0605239
56 -0.0651906
57 -0.0907618
58 -0.108269
59 -0.118162
60 -0.122235
61 -0.12639
62 -0.125902
63 -0.125493
64 -0.128049
65 -0.123311
66 -0.121199
67 -0.114588
68 -0.105973
69 -0.0916974
70 -0.0739254
71 -0.0495636
72 -0.0269103
73 -0.0047392
74 0.00727449
75 0.0173919
76 0.0265648
77 0.0334076
78 0.0415857
79 0.0515328
80 0.0610674
81 0.0720364
82 0.0835506
83 0.0915479
84 0.0990098
85 0.0989303
86 0.0927579
87 0.081392
88 0.0618326
89 0.0379684
90 0.0120386
91 -0.00990951
92 -0.03482
93 -0.0480064 
94 -0.0643462
95 -0.0760327
96 -0.0861765
97 -0.0939481
98 -0.099543
99 -0.105597
100 -0.110828
101 -0.115381
102 -0.117385
103 -0.122878
104 -0.121553
105 -0.126424
106 -0.130048
107 -0.132663
108 -0.135356 
109 -0.136987
110 -0.14039
111 -0.141312
112 -0.142454
113 -0.149287
114 -0.144227
115 -0.147622
116 -0.149435
117 -0.152074
118 -0.15339
119 -0.155095
120 -0.15466
121 -0.155133
122 -0.155006
123 -0.153541 
124 -0.159165
125 -0.16012
126 -0.159404
127 -0.157827
128 -0.157861
129 -0.160464
130 -0.160855
131 -0.160399
132 -0.163478
133 -0.163664
134 -0.164087
135 -0.164887
136 -0.16396
137 -0.162848
138 -0.161815 
139 -0.157835
140 -0.156563
141 -0.15511
142 -0.153497
143 -0.149927
144 -0.147907
145 -0.143009
146 -0.135989
147 -0.126971
148 -0.114658
149 -0.0966337
150 -0.0692836
151 -0.0240107
152 0.0487201
153 0.150964
154 0.286793
155 0.403912
156 0.480828
157 0.508093
158 0.500439
159 0.478932
160 0.451919
161 0.41756
162 0.384069
163 0.345603
164 0.306622
165 0.263708
166 0.236032
167 0.207743
168 0.184994 
169 0.169731
170 0.159629
171 0.152281
172 0.148973
173 0.146425
174 0.145196
175 0.144543
176 0.14205
177 0.139509
178 0.137946
179 0.137758
180 0.135243
181 0.133867
182 0.134297
183 0.133861
184 0.137275 
185 0.135476
186 0.138382
187 0.141552
188 0.146193
189 0.149318
190 0.15165
191 0.152316
192 0.154563
193 0.151444
194 0.148183
195 0.157356
196 0.145478
197 0.139747
198 0.135396
199 0.131576
200 0.126532 
201 0.122919
202 0.119944
203 0.118535
204 0.119501
205 0.116983
206 0.11524
207 0.113906
208 0.1125
209 0.108098
210 0.105322
211 0.0999413
212 0.097049
213 0.0950613
214 0.0910887
215 0.0879238
216 0.0840781
217 0.0807024
218 0.0774752
219 0.0768809
220 0.0774106
221 0.0809321
222 0.0835995
223 0.0845105
224 0.0883654
225 0.0946259
226 0.0989538
227 0.103065
228 0.107532
229 0.111631
230 0.1175
231 0.121283
232 0.122829
233 0.127649
234 0.125531
235 0.128808
236 0.129766
237 0.128811
238 0.126937
239 0.125216
240 0.12361
241 0.11938
242 0.117041
243 0.114452
244 0.114174
245 0.110583
246 0.108245 
247 0.104471
248 0.102926
249 0.0992304
250 0.10004
251 0.0950601
252 0.0935354
253 0.0929048
254 0.0905076
255 0.0888566
256 0.0871806
257 0.0854881
258 0.0838233
259 0.0819166
260 0.0800625
261 0.0778317 
262 0.0760337
263 0.0734277
264 0.0727346
265 0.071538
266 0.0689672
267 0.0682383
268 0.0675689
269 0.0666474
270 0.0640174
271 0.0648876
272 0.0649842
273 0.0634125
274 0.0629759
275 0.0622337
276 0.0607498 
277 0.0623769
278 0.0603984
279 0.0578151
280 0.0590782
281 0.0600952
282 0.0615735
283 0.0605175
284 0.0617682
285 0.0622904
286 0.0618773
287 0.0621599
288 0.0626647
289 0.0626194
290 0.0626579
291 0.063127
292 0.0628079
293 0.0633115
294 0.0638869
295 0.0627884
296 0.0636973
297 0.0621817
298 0.0615525
299 0.0603393
300 0.060407
301 0.0601908
302 0.0593966
303 0.0586644
304 0.0593662
305 0.0577285 
306 0.0577966
307 0.0574224
308 0.0553908
309 0.0538694
310 0.0520534
311 0.0527376
312 0.0480877
313 0.0522212
314 0.0509272
315 0.0489473
316 0.0476501
317 0.0483837
318 0.0453306
319 0.0414673
320 0.0431271
321 0.0422757
322 0.0402799
323 0.0398236
324 0.0400309
325 0.0417204
326 0.0336019
327 0.0365506
328 0.035215
329 0.0334853
330 0.0322439
331 0.0312813
332 0.0298259
333 0.0291145
334 0.0259923 
335 0.026603
336 0.0214751
337 0.023267
338 0.0224037
339 0.021582
340 0.019537
341 0.0226632
342 0.0250952
343 0.00892354
344 0.0171293
345 0.0153218
346 0.017227
347 0.0191778
348 0.0176988
349 0.0145525 
350 0.0136672
351 0.0202435
352 0.00481026
353 0.00688768
354 0.00885563
355 0.00963796
356 0.0102245
357 0.00696188
358 0.00434997
359 0.00309678
360 0.00380231
361 0.00311715
362 0.00444432
363 0.0037396 
364 0.0035767
365 0.0034349
366 0.00374237
367 0.00344999
368 0.00202361
369 0.00505352
370 0.00489167
371 -0.00049482
372 3.2209e-05
373 -0.000600768
374 0.000299405
375 0.000185023
376 -0.00073219
377 -0.000183887
378 -0.00118611
379 -0.00167557
380 -0.00101632
381 -0.00433844
382 -0.00316228
383 -0.0041003
384 -0.00175224
385 -0.003624
386 -0.00380024
387 -0.00292226
388 -0.00280813
389 -0.00309431 
390 -0.00389913
391 -0.00449575
392 -0.00244797
393 -0.00648945
394 -0.006736
395 -0.00888464
396 -0.00873203
397 -0.010365
398 -0.0100008
399 -0.0131405
400 -0.0127956
401 -0.0136155
402 -0.0138211
403 -0.0145729
404 -0.0154771
405 -0.0156843
406 -0.0181709
407 -0.0187573
408 -0.019677
409 -0.0200482
410 -0.0216082
411 -0.0214693
412 -0.0222498
413 -0.0222848
414 -0.0250254
415 -0.0247317
416 -0.0253959 
417 -0.0268027
418 -0.028366
419 -0.0288565
420 -0.0296454
421 -0.0334376
422 -0.0335619
423 -0.0333471
424 -0.0342384
425 -0.035486
426 -0.0361141
427 -0.0372517
428 -0.0375397
429 -0.0380455
430 -0.0386934 
431 -0.036433
432 -0.0366715
433 -0.0390545
434 -0.0403352
435 -0.0423392
436 -0.0412821
437 -0.0404348
438 -0.0421944
439 -0.04034
440 -0.0443517
441 -0.0435493
442 -0.0450191
443 -0.0355631
444 -0.0486767 
445 -0.0460578
446 -0.0427951
447 -0.044251
448 -0.0451145
449 -0.0430756
450 -0.0451909
451 -0.0472706
452 -0.0451974
453 -0.0452287
454 -0.0466647
455 -0.0475577
456 -0.0536363
457 -0.0561464
458 -0.0502226 
459 -0.0503787
460 -0.052302
461 -0.0528517
462 -0.0545251
463 -0.0548659
464 -0.055627
465 -0.0562638
466 -0.0556746
467 -0.0555994
468 -0.0578053
469 -0.0581934
470 -0.0590475
471 -0.0539113
472 -0.0584229 
473 -0.0587915
474 -0.05744
475 -0.0595265
476 -0.0596846
477 -0.058585
478 -0.0616287
479 -0.0604536
480 -0.0617784
481 -0.0611371
482 -0.0623612
483 -0.0600421
484 -0.0636694
485 -0.0666583
486 -0.0657895 
487 -0.0682139
488 -0.0656164
489 -0.0670364
490 -0.0655918
491 -0.0688602
492 -0.0673956
493 -0.0665467
494 -0.066737
495 -0.0678162
496 -0.0556724
497 -0.0724734
498 -0.0682251
499 -0.0677896
500 -0.0707864 
501 -0.0700178
502 -0.0684282
503 -0.0679312
504 -0.0697794
505 -0.0725275
506 -0.0698761
507 -0.0734399
508 -0.0721059
509 -0.0728842
510 -0.0765081
511 -0.0743185
512 -0.0753295
513 -0.0752704
514 -0.0753069 
515 -0.073409
516 -0.0746938
517 -0.0734441
518 -0.0773285
519 -0.0760354
520 -0.0768125
521 -0.072359
522 -0.0720721
523 -0.0693272
524 -0.0669181
525 -0.06226
526 -0.0592716
527 -0.0556614
528 -0.0508982 
529 -0.0485928
530 -0.0470927
531 -0.0463895
532 -0.0457281
533 -0.0480485
534 -0.0534304
535 -0.0546693
536 -0.0570253
537 -0.058654
538 -0.058862
539 -0.0591633
540 -0.0581326
541 -0.0597602
542 -0.0601592 
543 -0.0588825
544 -0.0601482
545 -0.0575821
546 -0.0573025
547 -0.0553562
548 -0.0545913
549 -0.0546124
550 -0.0512804
551 -0.0506647
552 -0.0488678
553 -0.0495865
554 -0.0420777
555 -0.0416544
556 -0.0370611 
557 -0.0343933
558 -0.0285932
559 -0.0224406
560 -0.0139794
561 0.000222044
562 0.013645
563 0.0674569
564 0.0794692
565 0.108008
566 0.125194
567 0.132553
568 0.143364
569 0.176974
570 0.210701
571 0.257743 
572 0.307676
573 0.351111
574 0.352513
575 0.291672
576 0.176127
577 0.0596757
578 -0.0171276
579 -0.0532907
580 -0.0678633
581 -0.0734535
582 -0.0770122
583 -0.0772507
584 -0.077088
585 -0.0730054
586 -0.0752586
587 -0.0756486
588 -0.0696164
589 -0.0800632
590 -0.0854242
591 -0.0875848
592 -0.0944559
593 -0.098162
594 -0.101925
595 -0.100055
596 -0.103748
597 -0.1056
598 -0.106225
599 -0.115401
600 -0.130198
601 -0.106689
602 -0.0381311
603 -0.13807
604 -0.117638
605 -0.115862
606 -0.119767
607 -0.115432
608 -0.118612
609 -0.120606
610 -0.11829
611 -0.115268
612 -0.120386
613 -0.122765
614 -0.113025 
615 -0.122015
616 -0.11182
617 -0.119781
618 -0.120049
619 -0.118
620 -0.114711
621 -0.112275
622 -0.112112
623 -0.102596
624 -0.0951178
625 0.00411109
626 0.0721574
627 0.107333
628 0.0719984
629 0.0366555 
630 0.0211687
631 0.0242511
632 0.00669873
633 -0.00604249
634 -0.00975285
635 -0.017004
636 -0.0198097
637 -0.0261222
638 -0.0302787
639 -0.0373895
640 -0.0381627
641 -0.0432673
642 -0.0570141
643 -0.0375516 
644 -0.0452309
645 -0.0452583
646 -0.0530772
647 -0.0949584
648 -0.0431985
649 -0.0350292
650 -0.055218
651 -0.0559687
652 -0.0590109
653 -0.060621
654 -0.0666395
655 -0.0660569
656 -0.0651006
657 -0.0636509 
658 -0.0632934
659 -0.0631382
660 -0.0600589
661 -0.0572389
662 -0.0561482
663 -0.0560281
664 -0.0530233
665 -0.054003
666 -0.0586149
667 -0.0549931
668 -0.0551836
669 -0.0556369
670 -0.056255
671 -0.0573621 
672 -0.0512687
673 -0.0548759
674 -0.0560599
675 -0.0529033
676 -0.0547688
677 -0.0520749
678 -0.0518264
679 -0.0512795
680 -0.0482707
681 -0.0497007
682 -0.0515022
683 -0.0541427
684 -0.0468521
685 -0.0370105 
686 -0.0508865
687 -0.04393
688 -0.0457012
689 -0.0412254
690 -0.0398684
691 -0.039942
692 -0.0394109
693 -0.0336129
694 -0.0374722
695 -0.0387877
696 -0.0346845
697 -0.0319162
698 -0.030194
699 -0.0318775 
700 -0.0317765
701 -0.0314442
702 -0.0288777
703 -0.0345649
704 -0.0201024
705 -0.0216272
706 -0.0212321
707 -0.0199283
708 -0.0200087
709 -0.0174476
710 -0.00982131
711 -0.00665223
712 -0.000446526
713 -0.00490799
714 0.0134339
715 0.0866275
716 0.141962
717 0.223164
718 0.172629
719 0.144275
720 0.115658
721 0.087717
722 0.0664698
723 0.0570264
724 0.0539112
725 0.0465987
726 0.0353343
727 0.0245045 
728 0.0189152
729 0.0115852
730 0.00690183
731 -0.00148492
732 -0.00210736
733 -0.0140621
734 -0.0215237
735 -0.0223401
736 -0.0245559
737 -0.0289406
738 -0.0328183
739 -0.0325419
740 -0.0362517
741 -0.0417587 
742 -0.0436702
743 -0.0522929
744 -0.0554768
745 -0.0576995
746 -0.0629677
747 -0.0702062
748 -0.0681011
749 -0.0699259
750 -0.0808352
751 -0.0792332
752 -0.0825411
753 -0.0854746
754 -0.0881931
755 -0.0845517 
756 -0.0888693
757 -0.0881709
758 -0.0919092
759 -0.0851742
760 -0.0859862
761 -0.0886257
762 -0.0866853
763 -0.0905351
764 -0.0935154
765 -0.103587
766 -0.0913277
767 -0.109187
768 -0.10826
769 -0.106323 
770 -0.11126
771 -0.113586
772 -0.104697
773 -0.101959
774 -0.0928606
775 -0.0793138
776 -0.00497089
777 0.0634763
778 0.0833504
779 0.0563321
780 0.0394101
781 0.0255589
782 0.0107602
783 -0.0160237 
784 -0.00354158
785 -0.0195413
786 -0.0341996
787 -0.0422095
788 -0.0473933
789 -0.0582788
790 -0.0422403
791 -0.056235
792 -0.0407434
793 -0.0473226
794 -0.0516333
795 -0.056651
796 -0.0536117
797 -0.0516284 
798 -0.0499838
799 -0.0374042
800 -0.00716275
801 0.0442968
802 0.10344
803 0.107312
804 0.0782615
805 0.0680839
806 0.0507114
807 0.035146
808 0.0327342
809 0.0336761
810 0.0311454
811 0.022752
812 0.0168414 
813 0.0122968
814 0.00474591
815 0.00320088
816 0.00370339
817 0.00301776
818 0.00267093
819 0.00435207
820 0.00820622
821 0.00756135
822 0.00534798
823 0.00796612
824 0.00497951
825 0.0190211
826 0.014437 
827 0.015301
828 0.0156149
829 0.0132212
830 0.0127905
831 0.0138267
832 0.021045
833 0.022486
834 0.0258525
835 0.0315823
836 0.0310352
837 0.0306859
838 0.0331226
839 0.039227
840 0.0488949
841 0.0493355 
842 0.0440724
843 0.0403003
844 0.0360119
845 0.038547
846 0.0490742
847 0.0353369
848 0.0412077
849 0.0430157
850 0.0312238
851 0.039864
852 0.0291103
853 0.0455147
854 0.0453221
855 0.0518709
856 0.0526305 
857 0.0602935
858 0.0630619
859 0.0693047
860 0.0786482
861 0.0883356
862 0.100362
863 0.115818
864 0.132456
865 0.145664
866 0.164907
867 0.183834
868 0.19577
869 0.197927
870 0.18906
871 0.187841
872 0.193081
873 0.225545
874 0.263603
875 0.302576
876 0.335499
877 0.282919
878 0.25422
879 0.178077
880 0.0984067
881 0.0754395
882 0.0497199
883 0.0474567
884 0.0395806
885 0.0244388
886 0.0379154
887 0.0312109
888 0.037415
889 0.0284568
890 0.0341772
891 0.0183276
892 0.0307685
893 0.0267355
894 0.0257082
895 0.0198978
896 0.0264454
897 0.0254691
898 0.0248065
899 0.0257757
900 0.0256842
901 0.0284956 
902 0.0244453
903 0.0257412
904 0.0258705
905 0.0243335
906 0.0248413
907 0.0242648
908 0.0252942
909 0.0290723
910 0.0281265
911 0.022815
912 0.0268056
913 0.0280786
914 0.0266385
915 0.0263854
916 0.028248 
917 0.028253
918 0.0338821
919 0.0353968
920 0.0365514
921 0.0385364
922 0.0405638
923 0.0398924
924 0.0381753
925 0.0382615
926 0.0401565
927 0.042141
928 0.0473781
929 0.0563827
930 0.0752274
931 0.102175 
932 0.139378
933 0.188688
934 0.234986
935 0.272661
936 0.30331
937 0.33252
938 0.362201
939 0.392041
940 0.425613
941 0.46419
942 0.501399
943 0.512047
944 0.46736
945 0.372775
946 0.259228
947 0.16612 
948 0.107432
949 0.0764306
950 0.0557796
951 0.0469286
952 0.0390487
953 0.0331424
954 0.030301
955 0.0252865
956 0.0262458
957 0.0236191
958 0.0220158
959 0.0196199
960 0.0165391
961 0.0154585
962 0.0152023 
963 0.0120991
964 0.0115708
965 0.0110003
966 0.00701925
967 0.00792029
968 0.00350138
969 0.00252049
970 0.00224241
971 -5.5192e-05
972 0.00239277
973 -0.00757587
974 -0.00289497
975 -0.00208914
976 -0.00789983
977 -0.0104589
978 -0.0106249
979 -0.0127655
980 -0.0103096
981 -0.0112566
982 -0.0119206
983 -0.0116214
984 -0.0127759
985 -0.0138832
986 -0.0134034
987 -0.0166097
988 -0.0183456
989 -0.018928 
990 -0.0168947
991 -0.0195775
992 -0.0234973
993 -0.0207636
994 -0.021681
995 -0.021321
996 -0.0220567
997 -0.0226234
998 -0.0222917
999 -0.020405
1000 -0.0214
1001 -0.0236588
1002 -0.0239123
1003 -0.022901 
1004 -0.0263767
1005 -0.026957
1006 -0.0268155
1007 -0.0260805
1008 -0.0275989
1009 -0.0240623
1010 -0.0281018
1011 -0.0223626
1012 -0.0265299
1013 -0.0284265
1014 -0.0333694
1015 -0.0367341
1016 -0.013419 
1017 -0.0452655
1018 -0.0353561
1019 -0.0329828
1020 -0.0318132
1021 -0.0296263
1022 -0.0276989
1023 -0.0370937
1024 -0.035037
1025 -0.0331935
1026 -0.0353588
1027 -0.0343667
1028 -0.0301314
1029 -0.0385481 
1030 -0.0359894
1031 -0.034953
1032 -0.0335097
1033 -0.0381411
1034 -0.0356552
1035 -0.035794
1036 -0.0378845
1037 -0.035523
1038 -0.038559
1039 -0.0416417
1040 -0.0449618
1041 -0.0429793
1042 -0.0403055 
1043 -0.0443992
1044 -0.0479015
1045 -0.0432588
1046 -0.0416052
1047 -0.0476906
1048 -0.0451484
1049 -0.0402829
1050 -0.043888
1051 -0.0435128
1052 -0.0406852
1053 -0.0369966
1054 -0.0362091
1055 -0.039622 
1056 -0.0364704
1057 -0.0367383
1058 -0.0276373
1059 0.00232982
1060 0.0238272
1061 0.0360198
1062 0.0362701
1063 0.0236729
1064 0.0193086
1065 0.0126728
1066 0.012134
1067 0.00426081
1068 0.00316803 
1069 -0.000102123
1070 -0.000249012
1071 -0.00386091
1072 -0.00562084
1073 -0.00797457
1074 -0.0110957
1075 -0.00891547
1076 -0.0125458
1077 -0.0144924
1078 -0.00744455
1079 -0.0144195
1080 -0.0072432 
1081 -0.0125083
1082 -0.0150627
1083 -0.0194685
1084 -0.029548
1085 -0.0163192
1086 -0.0233393
1087 -0.021008
1088 -0.0276743
1089 -0.0177342
1090 -0.0209374
1091 -0.0253743
1092 -0.0159973
1093 -0.0329634 
1094 -0.0162815
1095 -0.0147554
1096 -0.0158183
1097 -0.0126471
1098 -0.0110981
1099 -0.00579614
1100 -0.00691977
1101 -0.00557413
1102 -0.000185494
1103 -0.0178616
1104 -0.0140199
1105 -0.0214968
1106 -0.0186826
1107 -0.0310901
1108 -0.02162
1109 -0.0342631
1110 -0.035302
1111 -0.0376662
1112 -0.0275359
1113 -0.0523571
1114 -0.0239014
1115 -0.0220946
1116 -0.00363586
1117 0.0203522
1118 0.0451853
1119 0.0660207
1120 0.0882692
1121 0.10696
1122 0.104209
1123 0.0776892
1124 0.0531525
1125 0.0467504
1126 0.0402357
1127 0.0241839
1128 0.00850321
1129 0.00171101
1130 -0.0081393
1131 -0.00948242
1132 -0.0133495 
1133 -0.0133486
1134 -0.0162822
1135 -0.0177691
1136 -0.0269787
1137 0.0032607
1138 -0.0591846
1139 -0.0263172
1140 -0.0299541
1141 -0.026046
1142 -0.0274519
1143 -0.0321799
1144 -0.0332384
1145 -0.0384899 
1146 -0.0350388
1147 -0.0401549
1148 -0.0414483
1149 -0.035991
1150 -0.0375956
1151 -0.0410111
1152 -0.0382955
1153 -0.0375788
1154 -0.0360818
1155 -0.0375843
1156 -0.0360827
1157 -0.0351981
1158 -0.0367812 
1159 -0.0347267
1160 -0.0344346
1161 -0.0272558
1162 -0.0286229
1163 -0.0400919
1164 -0.0502518
1165 -0.0539253
1166 -0.0595178
1167 -0.0639587
1168 -0.0565687
1169 -0.0592231
1170 -0.0604273
1171 -0.0582554 
1172 -0.0540271
1173 -0.0545456
1174 -0.0501618
1175 -0.0306765
1176 -0.000437527
1177 0.0366429
1178 0.0612281
1179 0.0763605
1180 0.103438
1181 0.126841
1182 0.126733
1183 0.100018
1184 0.0757662
1185 0.0693472
1186 0.0654587
1187 0.054788
1188 0.032175
1189 0.0221829
1190 0.0252895
1191 0.039088
1192 0.0836212
1193 0.125805
1194 0.128448
1195 0.0970505
1196 0.078543
1197 0.062527
1198 0.0527458
1199 0.0429998
1200 0.0283221
1201 0.019532
1202 0.0116821
1203 0.0086625
1204 0.0142658
1205 0.0274606
1206 0.0372184
1207 0.0435292
1208 0.0360963
1209 0.0259134
1210 0.0261723
1211 0.0197419
1212 0.01486 
1213 0.0136892
1214 0.00511652
1215 -0.0141627
1216 -0.0326989
1217 -0.0369161
1218 -0.0476805
1219 -0.0524832
1220 -0.0522025
1221 -0.058395
1222 -0.0579014
1223 -0.0689655
1224 -0.0886652
1225 -0.0602982 
1226 0.173134
1227 0.322525
1228 0.372252
1229 0.412295
1230 0.432172
1231 0.44659
1232 0.457058
1233 0.478239
1234 0.484489
1235 0.492837
1236 0.49327
1237 0.502049
1238 0.524036
1239 0.50157
1240 0.449926 
