:runabs2_sun  from pixel 0 to 1240 from stripe 4 to 14
:I0 number of accum:  10
:Sample number of accum: 10
:Sample position : alfie
:I0 position  : i0_alfie
:Integration time sample (ms) : 20
:Integration time I0 (ms) : 0.5
:file_descriptor : gete
:background substraction YES
:background acquisition YES
:N 
: Mon Oct  6 01:06:21 2003
0 0.243333
1 0.14174
2 0.0720288
3 0.0306471
4 0.00911285
5 -0.00629889
6 -0.0161481
7 -0.0231236
8 -0.0289147
9 -0.0343622
10 -0.0414108
11 -0.0452886
12 -0.0485775
13 -0.0511899
14 -0.0520565
15 -0.0483302 
16 -0.0476226
17 -0.0479007
18 -0.045795
19 -0.0414779
20 -0.0382038
21 -0.0314687
22 -0.0267159
23 -0.018807
24 -0.00845216
25 0.00904047
26 0.0353855
27 0.079895
28 0.140106
29 0.206728
30 0.266159 
31 0.292601
32 0.301137
33 0.278299
34 0.221825
35 0.147099
36 0.0849006
37 0.0398244
38 0.0104421
39 -0.00480979
40 -0.0147444
41 -0.023025
42 -0.0273458
43 -0.0318482
44 -0.0344673
45 -0.0359285
46 -0.0389759
47 -0.0397538
48 -0.0438365
49 -0.0444982
50 -0.0466951
51 -0.0483823
52 -0.0513107
53 -0.0516314
54 -0.0531593
55 -0.0530158
56 -0.0546814
57 -0.0565116
58 -0.0567786
59 -0.057126
60 -0.0572593 
61 -0.0580259
62 -0.0567814
63 -0.053156
64 -0.0509339
65 -0.0435294
66 -0.0260767
67 0.0119482
68 0.0616012
69 0.09221
70 0.110743
71 0.121444
72 0.0923389
73 0.0259136
74 -0.0362493
75 -0.0550802
76 -0.0614726
77 -0.0671074
78 -0.0712342
79 -0.0745276
80 -0.0734565
81 -0.0722832
82 -0.071682
83 -0.072237
84 -0.0727042
85 -0.0752229
86 -0.076521
87 -0.0768731
88 -0.0787604
89 -0.0809554
90 -0.0823697 
91 -0.0803078
92 -0.0848967
93 -0.082466
94 -0.0853377
95 -0.0860677
96 -0.0882077
97 -0.0887612
98 -0.0899329
99 -0.0904535
100 -0.091506
101 -0.0914472
102 -0.092307
103 -0.0939358
104 -0.0946341
105 -0.0957572
106 -0.0964891
107 -0.0964539
108 -0.0966722
109 -0.0971488
110 -0.0975837
111 -0.0995787
112 -0.0960955
113 -0.100267
114 -0.0992273
115 -0.100121
116 -0.10098
117 -0.100821
118 -0.101611
119 -0.10184
120 -0.101559
121 -0.102829
122 -0.102964
123 -0.102626
124 -0.103778
125 -0.103259
126 -0.103308
127 -0.102634
128 -0.10291
129 -0.101584
130 -0.101496
131 -0.099894
132 -0.0987309
133 -0.098573 
134 -0.0988743
135 -0.0973189
136 -0.0957973
137 -0.0960839
138 -0.093845
139 -0.092443
140 -0.0905158
141 -0.0866327
142 -0.0834258
143 -0.0789192
144 -0.0735469
145 -0.0653598
146 -0.0567945
147 -0.0441952 
148 -0.0282082
149 -0.00549742
150 0.0311446
151 0.0869369
152 0.176472
153 0.312813
154 0.469526
155 0.63703
156 0.738972
157 0.766762
158 0.747423
159 0.711229
160 0.664603
161 0.612333
162 0.555282 
163 0.498393
164 0.448857
165 0.402306
166 0.368105
167 0.342788
168 0.324961
169 0.313592
170 0.305172
171 0.299951
172 0.297831
173 0.293823
174 0.293108
175 0.290129
176 0.28821
177 0.287231
178 0.286692 
179 0.286133
180 0.286979
181 0.289048
182 0.289018
183 0.29145
184 0.295346
185 0.296778
186 0.30206
187 0.304488
188 0.307596
189 0.309179
190 0.310391
191 0.312064
192 0.311681
193 0.309834
194 0.305334 
195 0.3118
196 0.296942
197 0.297546
198 0.293516
199 0.289042
200 0.286339
201 0.282701
202 0.280316
203 0.278516
204 0.27992
205 0.279344
206 0.279225
207 0.276727
208 0.274295
209 0.271528
210 0.270038 
211 0.266001
212 0.262654
213 0.259349
214 0.254879
215 0.253538
216 0.251583
217 0.250944
218 0.251384
219 0.253193
220 0.256214
221 0.259393
222 0.262155
223 0.268046
224 0.273428
225 0.2773
226 0.284414 
227 0.2891
228 0.294238
229 0.298234
230 0.301488
231 0.304137
232 0.305731
233 0.310499
234 0.306449
235 0.310968
236 0.309389
237 0.306655
238 0.305692
239 0.303773
240 0.301782
241 0.300747
242 0.300039 
243 0.298396
244 0.295274
245 0.294377
246 0.293473
247 0.292673
248 0.291609
249 0.290608
250 0.288016
251 0.286976
252 0.28805
253 0.285237
254 0.285625
255 0.280554
256 0.282258
257 0.27833
258 0.279545 
259 0.277451
260 0.275672
261 0.274509
262 0.272767
263 0.272021
264 0.270874
265 0.269123
266 0.267326
267 0.267557
268 0.266431
269 0.263861
270 0.264302
271 0.26371
272 0.262137
273 0.262712
274 0.262857 
275 0.261656
276 0.261353
277 0.262736
278 0.262211
279 0.264792
280 0.267067
281 0.266204
282 0.26548
283 0.266278
284 0.267434
285 0.269318
286 0.268907
287 0.270319
288 0.270991
289 0.271529
290 0.271477 
291 0.272817
292 0.274092
293 0.273193
294 0.274166
295 0.27577
296 0.275592
297 0.27479
298 0.276484
299 0.274461
300 0.27529
301 0.275902
302 0.275592
303 0.274539
304 0.275373
305 0.27317
306 0.274146 
307 0.272913
308 0.272534
309 0.2723
310 0.271228
311 0.275631
312 0.267963
313 0.272386
314 0.269428
315 0.268202
316 0.266997
317 0.265912
318 0.264328
319 0.266081
320 0.263986
321 0.264083
322 0.262303 
323 0.261836
324 0.259717
325 0.258154
326 0.259506
327 0.258153
328 0.256184
329 0.257743
330 0.254773
331 0.254949
332 0.255296
333 0.251731
334 0.254083
335 0.251655
336 0.25061
337 0.250137
338 0.249744 
339 0.25056
340 0.250739
341 0.248773
342 0.257928
343 0.235571
344 0.249592
345 0.246662
346 0.246774
347 0.24703
348 0.244833
349 0.242991
350 0.244364
351 0.24418
352 0.241864
353 0.24394
354 0.245304 
355 0.245942
356 0.246092
357 0.245829
358 0.246427
359 0.247098
360 0.248651
361 0.249344
362 0.249547
363 0.247928
364 0.248052
365 0.24722
366 0.247956
367 0.246625
368 0.246667
369 0.245694
370 0.248483 
371 0.243881
372 0.247641
373 0.246279
374 0.246431
375 0.246509
376 0.246165
377 0.24645
378 0.245622
379 0.245877
380 0.245846
381 0.246288
382 0.247159
383 0.246663
384 0.245577
385 0.245752
386 0.246203 
387 0.246335
388 0.245809
389 0.244722
390 0.243908
391 0.246012
392 0.241876
393 0.243682
394 0.243108
395 0.243325
396 0.242757
397 0.243947
398 0.244139
399 0.243242
400 0.242666
401 0.241286
402 0.241137 
403 0.239812
404 0.239875
405 0.23986
406 0.238555
407 0.239175
408 0.238126
409 0.237346
410 0.236043
411 0.234898
412 0.237234
413 0.234341
414 0.23366
415 0.234181
416 0.233192
417 0.232444
418 0.232892 
419 0.2319
420 0.23195
421 0.231135
422 0.231158
423 0.229631
424 0.229785
425 0.230236
426 0.229132
427 0.229163
428 0.228293
429 0.230211
430 0.229141
431 0.227537
432 0.22561
433 0.225364
434 0.225238 
435 0.225272
436 0.225648
437 0.225588
438 0.224657
439 0.224439
440 0.223143
441 0.220704
442 0.225616
443 0.223269
444 0.216543
445 0.224683
446 0.223073
447 0.221534
448 0.221269
449 0.220672
450 0.220076 
451 0.220548
452 0.220361
453 0.21898
454 0.219079
455 0.219107
456 0.219952
457 0.220256
458 0.219149
459 0.217822
460 0.216414
461 0.21763
462 0.218004
463 0.218762
464 0.218468
465 0.217667
466 0.218081 
467 0.217043
468 0.215515
469 0.219047
470 0.215884
471 0.216257
472 0.216297
473 0.215387
474 0.215249
475 0.213665
476 0.215438
477 0.212987
478 0.21505
479 0.215553
480 0.213365
481 0.213013
482 0.214351 
483 0.212453
484 0.212106
485 0.212443
486 0.21254
487 0.214249
488 0.213531
489 0.212326
490 0.211628
491 0.21113
492 0.21073
493 0.209967
494 0.208597
495 0.211598
496 0.203264
497 0.209895
498 0.209958 
499 0.205861
500 0.206245
501 0.204472
502 0.206561
503 0.203868
504 0.202082
505 0.204228
506 0.205104
507 0.206707
508 0.206668
509 0.20684
510 0.206295
511 0.206093
512 0.207922
513 0.206674
514 0.207391 
515 0.210112
516 0.211093
517 0.209682
518 0.212836
519 0.214692
520 0.215266
521 0.216786
522 0.218947
523 0.218092
524 0.219538
525 0.21901
526 0.220311
527 0.220482
528 0.216984
529 0.214364
530 0.211136 
531 0.209402
532 0.210892
533 0.211728
534 0.218123
535 0.225271
536 0.232274
537 0.237331
538 0.247513
539 0.258298
540 0.267852
541 0.2765
542 0.282246
543 0.284433
544 0.284917
545 0.282613
546 0.283456 
547 0.28454
548 0.286277
549 0.291517
550 0.2994
551 0.307562
552 0.320065
553 0.335461
554 0.356654
555 0.387358
556 0.432007
557 0.487252
558 0.538124
559 0.572879
560 0.585472
561 0.597616
562 0.592009 
563 0.540233
564 0.428485
565 0.329008
566 0.268245
567 0.241137
568 0.232943
569 0.228179
570 0.223147
571 0.221277
572 0.217468
573 0.213174
574 0.210392
575 0.206668
576 0.20277
577 0.201944
578 0.200009 
579 0.196673
580 0.19544
581 0.192793
582 0.190493
583 0.187922
584 0.186726
585 0.184084
586 0.181748
587 0.180015
588 0.177552
589 0.176398
590 0.173493
591 0.173354
592 0.171474
593 0.171566
594 0.166832 
595 0.165166
596 0.163262
597 0.16196
598 0.158365
599 0.156748
600 0.159328
601 0.162086
602 0.150042
603 0.147285
604 0.150822
605 0.149977
606 0.148018
607 0.149223
608 0.146014
609 0.146384
610 0.143388 
611 0.143929
612 0.140922
613 0.140117
614 0.141644
615 0.137409
616 0.141762
617 0.138105
618 0.137543
619 0.138074
620 0.138586
621 0.138156
622 0.139439
623 0.13914
624 0.149039
625 0.17341
626 0.252201 
627 0.362365
628 0.448228
629 0.406908
630 0.353425
631 0.315295
632 0.28902
633 0.266391
634 0.248461
635 0.231918
636 0.218591
637 0.207818
638 0.197752
639 0.188239
640 0.18063
641 0.174203
642 0.167926 
643 0.169009
644 0.163449
645 0.158424
646 0.154248
647 0.14363
648 0.162894
649 0.145637
650 0.140141
651 0.142133
652 0.141112
653 0.136499
654 0.13369
655 0.134203
656 0.131388
657 0.130049
658 0.128794 
659 0.128028
660 0.128686
661 0.12681
662 0.127137
663 0.123389
664 0.122882
665 0.122095
666 0.119996
667 0.118121
668 0.117405
669 0.116202
670 0.115526
671 0.116273
672 0.115958
673 0.112235
674 0.113007 
675 0.111517
676 0.111194
677 0.110464
678 0.109755
679 0.109468
680 0.1096
681 0.108272
682 0.106272
683 0.10766
684 0.106831
685 0.107672
686 0.107493
687 0.106492
688 0.105942
689 0.106216
690 0.107717 
691 0.106586
692 0.106538
693 0.106457
694 0.106045
695 0.105787
696 0.106395
697 0.106536
698 0.1071
699 0.106979
700 0.10703
701 0.10713
702 0.107917
703 0.109791
704 0.112084
705 0.112244
706 0.11375 
707 0.114447
708 0.113418
709 0.109308
710 0.106805
711 0.107227
712 0.104774
713 0.102661
714 0.105585
715 0.105535
716 0.0988871
717 0.135064
718 0.125578
719 0.140436
720 0.185004
721 0.274169
722 0.38953
723 0.448067
724 0.412932
725 0.342637
726 0.288638
727 0.253017
728 0.233415
729 0.220788
730 0.210447
731 0.201255
732 0.196403
733 0.189157
734 0.183317
735 0.174978
736 0.169452
737 0.16393 
738 0.158878
739 0.154674
740 0.150098
741 0.14568
742 0.141889
743 0.139245
744 0.13557
745 0.133801
746 0.131703
747 0.128498
748 0.126672
749 0.12548
750 0.123457
751 0.123166
752 0.121677
753 0.120212 
754 0.120002
755 0.117066
756 0.114341
757 0.111887
758 0.108374
759 0.106454
760 0.104129
761 0.102648
762 0.101309
763 0.100586
764 0.0994612
765 0.0969996
766 0.0974717
767 0.0938171
768 0.0950071 
769 0.092098
770 0.0910471
771 0.089083
772 0.0885485
773 0.0889559
774 0.0885359
775 0.0863531
776 0.089477
777 0.0870404
778 0.0898587
779 0.0880952
780 0.0898832
781 0.0906231
782 0.0913212
783 0.0930815 
784 0.0995864
785 0.108886
786 0.132616
787 0.202235
788 0.300866
789 0.369615
790 0.36022
791 0.310192
792 0.275946
793 0.250692
794 0.228616
795 0.212316
796 0.199746
797 0.189454
798 0.180607
799 0.174499 
800 0.169532
801 0.164326
802 0.158873
803 0.158171
804 0.157575
805 0.159589
806 0.16732
807 0.195446
808 0.271327
809 0.36347
810 0.383664
811 0.328176
812 0.283255
813 0.263232
814 0.246842
815 0.236585 
816 0.231033
817 0.226225
818 0.223139
819 0.223271
820 0.223418
821 0.228057
822 0.233262
823 0.243493
824 0.255139
825 0.273231
826 0.292217
827 0.314825
828 0.340375
829 0.359461
830 0.374872
831 0.385211 
832 0.391088
833 0.386042
834 0.366768
835 0.330402
836 0.283202
837 0.230499
838 0.178044
839 0.138608
840 0.118538
841 0.10713
842 0.103672
843 0.0977708
844 0.095147
845 0.0975986
846 0.094026
847 0.0913258
848 0.0913332
849 0.0886851
850 0.0852218
851 0.0865364
852 0.0842044
853 0.0836759
854 0.0818871
855 0.0821357
856 0.0804948
857 0.0787692
858 0.0764155
859 0.0752564
860 0.0749572
861 0.0750555 
862 0.073629
863 0.0711041
864 0.0712212
865 0.0685892
866 0.0695981
867 0.0696979
868 0.0698354
869 0.0682058
870 0.0682099
871 0.063925
872 0.0651217
873 0.0651079
874 0.0648118
875 0.0611671
876 0.0566907 
877 0.0529831
878 0.0552928
879 0.0531653
880 0.0451284
881 0.05335
882 0.0505574
883 0.047869
884 0.0480628
885 0.0437627
886 0.0494953
887 0.0465839
888 0.0450258
889 0.0427063
890 0.0414496
891 0.0357592 
892 0.0398349
893 0.0367576
894 0.0344262
895 0.0336941
896 0.0327925
897 0.0337881
898 0.0332371
899 0.031895
900 0.0337592
901 0.0315707
902 0.0304016
903 0.0285956
904 0.0292665
905 0.0285185
906 0.0272394 
907 0.0265931
908 0.0256681
909 0.0303194
910 0.0238326
911 0.0269301
912 0.027993
913 0.0274638
914 0.025052
915 0.0267659
916 0.0248476
917 0.0247359
918 0.0262978
919 0.0263552
920 0.027995
921 0.027155 
922 0.0294377
923 0.0256581
924 0.0283416
925 0.0273903
926 0.0287146
927 0.0286294
928 0.0302065
929 0.0328142
930 0.031546
931 0.0371185
932 0.0343216
933 0.0391316
934 0.0455419
935 0.0511477
936 0.0632863 
937 0.0784183
938 0.101179
939 0.129259
940 0.157284
941 0.184037
942 0.211409
943 0.251925
944 0.312478
945 0.386787
946 0.470765
947 0.541618
948 0.564904
949 0.51448
950 0.416227
951 0.300953
952 0.201633 
953 0.134519
954 0.0944492
955 0.0670629
956 0.0546573
957 0.0447093
958 0.0403432
959 0.0372453
960 0.0336732
961 0.0303816
962 0.0292084
963 0.024778
964 0.0243463
965 0.0217153
966 0.0178952
967 0.0176984 
968 0.0151226
969 0.0145079
970 0.0129143
971 0.0109759
972 0.00837995
973 0.00362437
974 0.00524861
975 0.00208314
976 0.000293265
977 -0.00311014
978 -0.00300102
979 -0.00583997
980 -0.00534118
981 -0.0067557
982 -0.00834589
983 -0.0103318
984 -0.0111882
985 -0.0124767
986 -0.0143214
987 -0.0156598
988 -0.0163109
989 -0.018194
990 -0.0185007
991 -0.0199232
992 -0.0216761
993 -0.0224084
994 -0.0217158 
995 -0.0224866
996 -0.0225779
997 -0.0233371
998 -0.0237414
999 -0.0242986
1000 -0.0231528
1001 -0.0249475
1002 -0.0264365
1003 -0.0266211
1004 -0.0274715
1005 -0.0269967
1006 -0.0264649
1007 -0.0267704 
1008 -0.0277647
1009 -0.0273491
1010 -0.0284288
1011 -0.0228401
1012 -0.0170194
1013 -0.00766124
1014 0.00626242
1015 0.0181247
1016 0.033617
1017 0.0425756
1018 0.0514342
1019 0.0503243
1020 0.0387319 
1021 0.00553433
1022 -0.0100918
1023 -0.0243888
1024 -0.0263442
1025 -0.0277067
1026 -0.0316849
1027 -0.0340106
1028 -0.0324399
1029 -0.0357095
1030 -0.0381477
1031 -0.0365109
1032 -0.0355687
1033 -0.0381362 
1034 -0.0380251
1035 -0.0394883
1036 -0.0411562
1037 -0.0418791
1038 -0.0404164
1039 -0.0431966
1040 -0.0453261
1041 -0.0461441
1042 -0.0460942
1043 -0.0456239
1044 -0.0489619
1045 -0.0462201
1046 -0.0450244 
1047 -0.047813
1048 -0.0473034
1049 -0.0453872
1050 -0.0481605
1051 -0.0490423
1052 -0.0493365
1053 -0.0489712
1054 -0.0481962
1055 -0.0466498
1056 -0.0463609
1057 -0.0485452
1058 -0.0497651
1059 -0.0488783 
1060 -0.0508354
1061 -0.0522166
1062 -0.0518293
1063 -0.0517401
1064 -0.0523319
1065 -0.0541043
1066 -0.0543419
1067 -0.0532889
1068 -0.0503379
1069 -0.0467934
1070 -0.0385746
1071 -0.0150103
1072 0.0321631 
1073 0.0750663
1074 0.0805583
1075 0.0602021
1076 0.0393942
1077 0.0232342
1078 0.0110514
1079 -0.000507322
1080 -0.00925578
1081 -0.0174695
1082 -0.0206171
1083 -0.02475
1084 -0.032801
1085 -0.031349 
1086 -0.0343556
1087 -0.0362346
1088 -0.0408134
1089 -0.0414365
1090 -0.0433198
1091 -0.0449299
1092 -0.0440342
1093 -0.0522924
1094 -0.0470753
1095 -0.0463818
1096 -0.047915
1097 -0.0459948
1098 -0.0452155 
1099 -0.043417
1100 -0.041688
1101 -0.0392293
1102 -0.0331464
1103 -0.0257001
1104 0.0156022
1105 0.0807347
1106 0.155165
1107 0.163579
1108 0.127167
1109 0.0569863
1110 0.0325966
1111 0.0259853
1112 0.00520625
1113 0.00742904
1114 0.0031876
1115 -0.00532036
1116 -0.0089924
1117 -0.0155939
1118 -0.0186812
1119 -0.0225034
1120 -0.0254907
1121 -0.0283501
1122 -0.0309554
1123 -0.0344297
1124 -0.0374949 
1125 -0.0389128
1126 -0.0412574
1127 -0.0447333
1128 -0.0484403
1129 -0.0505056
1130 -0.054214
1131 -0.0542887
1132 -0.0551251
1133 -0.0571667
1134 -0.0576677
1135 -0.0587839
1136 -0.0585396
1137 -0.0581356 
1138 -0.074614
1139 -0.0657714
1140 -0.0640513
1141 -0.0652892
1142 -0.0655073
1143 -0.0690044
1144 -0.0673521
1145 -0.0690366
1146 -0.0704189
1147 -0.072998
1148 -0.0739961
1149 -0.0726669
1150 -0.0743035 
1151 -0.0749958
1152 -0.0746777
1153 -0.0733995
1154 -0.0734138
1155 -0.0749073
1156 -0.0752485
1157 -0.075002
1158 -0.0756693
1159 -0.0734752
1160 -0.0740157
1161 -0.0698438
1162 -0.06835
1163 -0.0665727 
1164 -0.061987
1165 -0.0499537
1166 -0.027955
1167 0.0155329
1168 0.0710119
1169 0.143429
1170 0.206219
1171 0.240436
1172 0.200495
1173 0.166424
1174 0.186196
1175 0.235599
1176 0.246264
1177 0.194257 
1178 0.151313
1179 0.118855
1180 0.0924026
1181 0.0689955
1182 0.0503579
1183 0.0336018
1184 0.0178528
1185 0.00834757
1186 -0.00526529
1187 -0.0164825
1188 -0.0248695
1189 -0.0351107
1190 -0.0432881 
1191 -0.0499146
1192 -0.055476
1193 -0.0610624
1194 -0.0649504
1195 -0.0720395
1196 -0.0771046
1197 -0.080349
1198 -0.0853834
1199 -0.0904721
1200 -0.095502
1201 -0.097468
1202 -0.102292
1203 -0.105905 
1204 -0.107206
1205 -0.109764
1206 -0.114202
1207 -0.116026
1208 -0.118333
1209 -0.121314
1210 -0.123596
1211 -0.124649
1212 -0.128662
1213 -0.130151
1214 -0.130473
1215 -0.131021
1216 -0.131933
1217 -0.13154
1218 -0.133673
1219 -0.135401
1220 -0.134214
1221 -0.133807
1222 -0.132701
1223 -0.13569
1224 -0.135659
1225 -0.114314
1226 0.0452005
1227 0.170612
1228 0.232592
1229 0.292667
1230 0.310953
1231 0.343996
1232 0.342597
1233 0.378823
1234 0.411246
1235 0.409618
1236 0.422385
1237 0.419298
1238 0.436461
1239 0.426971
1240 0.386368
