:runabs2_sun  from pixel 0 to 1240 from stripe 4 to 14
:I0 number of accum:  10
:Sample number of accum: 10
:Sample position : alfie
:I0 position  : i0_alfie
:Integration time sample (ms) : 20
:Integration time I0 (ms) : 0.5
:file_descriptor : gete
:background substraction YES
:background acquisition YES
:N 
: Mon Oct  6 00:19:50 2003
0 0.108929
1 0.0305955
2 -0.010862
3 -0.0352627
4 -0.050174
5 -0.0619669
6 -0.0714095
7 -0.0796396
8 -0.0848635
9 -0.0898283
10 -0.0957727
11 -0.0991507
12 -0.0993589
13 -0.100025
14 -0.0991207
15 -0.0960734 
16 -0.0937455
17 -0.0927465
18 -0.0894818
19 -0.0825274
20 -0.078443
21 -0.0675011
22 -0.0565314
23 -0.0375791
24 -0.00971813
25 0.0330108
26 0.0820108
27 0.131148
28 0.165952
29 0.189474
30 0.211379 
31 0.22998
32 0.242372
33 0.228271
34 0.188571
35 0.129993
36 0.072056
37 0.0246497
38 -0.0118362
39 -0.034791
40 -0.0526072
41 -0.0637913
42 -0.0689293
43 -0.0746246
44 -0.0781422
45 -0.0811233
46 -0.0854291 
47 -0.0864313
48 -0.0917393
49 -0.0936423
50 -0.0958884
51 -0.0977323
52 -0.102054
53 -0.102936
54 -0.104397
55 -0.105243
56 -0.106723
57 -0.107803
58 -0.107184
59 -0.107753
60 -0.108621
61 -0.109663 
62 -0.110191
63 -0.107698
64 -0.104623
65 -0.0986778
66 -0.0870215
67 -0.0606251
68 -0.0217631
69 0.0118804
70 0.0430944
71 0.0635384
72 0.0574989
73 0.0177662
74 -0.0478786
75 -0.100239
76 -0.113322 
77 -0.119917
78 -0.123597
79 -0.126325
80 -0.129274
81 -0.134239
82 -0.135166
83 -0.135111
84 -0.133795
85 -0.135986
86 -0.138144
87 -0.138802
88 -0.138479
89 -0.141768
90 -0.143874
91 -0.140367
92 -0.146787 
93 -0.144598
94 -0.146481
95 -0.147956
96 -0.150248
97 -0.151072
98 -0.151528
99 -0.153642
100 -0.154504
101 -0.155453
102 -0.155261
103 -0.15562
104 -0.156687
105 -0.157603
106 -0.158803
107 -0.159287 
108 -0.159052
109 -0.160715
110 -0.16096
111 -0.162324
112 -0.160959
113 -0.163996
114 -0.162385
115 -0.163812
116 -0.16593
117 -0.16385
118 -0.166741
119 -0.167633
120 -0.167026
121 -0.166443
122 -0.16639 
123 -0.166984
124 -0.16815
125 -0.167973
126 -0.167277
127 -0.165851
128 -0.166861
129 -0.167398
130 -0.166598
131 -0.167415
132 -0.167172
133 -0.166799
134 -0.16768
135 -0.167256
136 -0.166142
137 -0.16514 
138 -0.161813
139 -0.161799
140 -0.159333
141 -0.156187
142 -0.15345
143 -0.150364
144 -0.146509
145 -0.140311
146 -0.133658
147 -0.123407
148 -0.10953
149 -0.0885742
150 -0.0566898
151 -0.00742553
152 0.0720693
153 0.193964
154 0.329492
155 0.464728
156 0.548156
157 0.572966
158 0.557636
159 0.527495
160 0.489671
161 0.446642
162 0.40079
163 0.351743
164 0.310043
165 0.269943
166 0.237664
167 0.213374 
168 0.196131
169 0.183674
170 0.176385
171 0.171626
172 0.169889
173 0.167418
174 0.165616
175 0.162799
176 0.161505
177 0.159836
178 0.160582
179 0.158086
180 0.157313
181 0.15794
182 0.158119
183 0.159561 
184 0.163562
185 0.164881
186 0.167728
187 0.171321
188 0.174278
189 0.175906
190 0.177034
191 0.178183
192 0.176094
193 0.17535
194 0.168024
195 0.175985
196 0.167488
197 0.164813
198 0.160806
199 0.1564 
200 0.151866
201 0.148232
202 0.1466
203 0.143917
204 0.1442
205 0.143969
206 0.143538
207 0.144121
208 0.142324
209 0.140803
210 0.137659
211 0.133049
212 0.129529
213 0.126137
214 0.122466
215 0.122371 
216 0.119597
217 0.119732
218 0.118517
219 0.120167
220 0.122187
221 0.125114
222 0.128594
223 0.13259
224 0.138386
225 0.140804
226 0.146502
227 0.150327
228 0.154604
229 0.159893
230 0.163803
231 0.166997 
232 0.167262
233 0.170135
234 0.168305
235 0.171017
236 0.171036
237 0.169457
238 0.169376
239 0.167053
240 0.165689
241 0.166288
242 0.16315
243 0.161428
244 0.158665
245 0.157738
246 0.156069
247 0.153995 
248 0.153447
249 0.150601
250 0.148365
251 0.147962
252 0.148914
253 0.146426
254 0.145977
255 0.143917
256 0.144703
257 0.142103
258 0.141105
259 0.139942
260 0.138458
261 0.137596
262 0.137569
263 0.136038 
264 0.134823
265 0.131936
266 0.130557
267 0.131552
268 0.12998
269 0.128694
270 0.128725
271 0.129463
272 0.128688
273 0.12799
274 0.127626
275 0.128737
276 0.126813
277 0.128375
278 0.129163
279 0.133747 
280 0.134347
281 0.133312
282 0.133119
283 0.135355
284 0.137104
285 0.136615
286 0.136822
287 0.138065
288 0.138593
289 0.138444
290 0.139776
291 0.142206
292 0.141341
293 0.142493
294 0.144736
295 0.14602 
296 0.144653
297 0.143889
298 0.145601
299 0.146516
300 0.146103
301 0.143747
302 0.145053
303 0.142044
304 0.145002
305 0.143483
306 0.142903
307 0.142525
308 0.142388
309 0.145113
310 0.142855
311 0.146631 
312 0.139012
313 0.143521
314 0.141565
315 0.140005
316 0.141292
317 0.138941
318 0.140107
319 0.142017
320 0.138487
321 0.138539
322 0.138185
323 0.136975
324 0.135822
325 0.134371
326 0.137211
327 0.13644 
328 0.135193
329 0.135944
330 0.133085
331 0.131512
332 0.132095
333 0.130171
334 0.131333
335 0.128099
336 0.130778
337 0.130066
338 0.128835
339 0.128205
340 0.127989
341 0.126378
342 0.136358
343 0.132903 
344 0.136932
345 0.130168
346 0.128189
347 0.127889
348 0.125596
349 0.124328
350 0.12608
351 0.119392
352 0.135333
353 0.133365
354 0.131159
355 0.129506
356 0.129214
357 0.129057
358 0.130941
359 0.128774 
360 0.129424
361 0.128278
362 0.128934
363 0.128039
364 0.12881
365 0.127754
366 0.126858
367 0.129194
368 0.127583
369 0.127318
370 0.130502
371 0.132077
372 0.130971
373 0.130219
374 0.13002
375 0.129653 
376 0.129274
377 0.129521
378 0.129213
379 0.129865
380 0.130178
381 0.130935
382 0.130879
383 0.131593
384 0.130369
385 0.132425
386 0.132756
387 0.131507
388 0.130132
389 0.128993
390 0.127892
391 0.131303 
392 0.129601
393 0.132108
394 0.129854
395 0.130098
396 0.128253
397 0.129834
398 0.128647
399 0.127987
400 0.128375
401 0.126938
402 0.126589
403 0.1257
404 0.125252
405 0.125561
406 0.125244
407 0.125044 
408 0.125013
409 0.123698
410 0.122507
411 0.123726
412 0.123924
413 0.12363
414 0.122611
415 0.121758
416 0.121272
417 0.120598
418 0.120973
419 0.120027
420 0.119862
421 0.118219
422 0.118618
423 0.117812 
424 0.117602
425 0.118052
426 0.117218
427 0.116654
428 0.117493
429 0.116521
430 0.115359
431 0.114435
432 0.113145
433 0.113174
434 0.113304
435 0.111708
436 0.113127
437 0.111045
438 0.113737
439 0.112693 
440 0.112097
441 0.108881
442 0.117156
443 0.115849
444 0.108041
445 0.114182
446 0.109737
447 0.110837
448 0.112602
449 0.110555
450 0.113014
451 0.110849
452 0.110794
453 0.110366
454 0.109557
455 0.107967 
456 0.109156
457 0.109764
458 0.111978
459 0.111917
460 0.111093
461 0.11148
462 0.111433
463 0.112019
464 0.1125
465 0.110399
466 0.110065
467 0.11022
468 0.107717
469 0.112241
470 0.11134
471 0.110414 
472 0.109837
473 0.109995
474 0.110487
475 0.109342
476 0.110902
477 0.109559
478 0.110415
479 0.110727
480 0.111082
481 0.11084
482 0.111613
483 0.112326
484 0.110546
485 0.111939
486 0.110836
487 0.112914 
488 0.112427
489 0.112671
490 0.113148
491 0.113072
492 0.112186
493 0.111712
494 0.112377
495 0.119594
496 0.108731
497 0.114721
498 0.115082
499 0.113754
500 0.115783
501 0.116783
502 0.115265
503 0.116665 
504 0.131345
505 0.12991
506 0.130721
507 0.134076
508 0.135383
509 0.139114
510 0.143961
511 0.147382
512 0.14881
513 0.151897
514 0.156526
515 0.157963
516 0.164933
517 0.164506
518 0.169515
519 0.167203 
520 0.164947
521 0.161623
522 0.158604
523 0.156987
524 0.153568
525 0.149575
526 0.147254
527 0.147047
528 0.145401
529 0.145658
530 0.146373
531 0.145922
532 0.149035
533 0.149192
534 0.151877
535 0.152105 
536 0.15378
537 0.155496
538 0.159414
539 0.160544
540 0.162454
541 0.165589
542 0.167993
543 0.171892
544 0.17551
545 0.180465
546 0.185137
547 0.191082
548 0.196665
549 0.205699
550 0.215984
551 0.229167 
552 0.248219
553 0.27332
554 0.314798
555 0.373337
556 0.433185
557 0.467095
558 0.469829
559 0.468642
560 0.491011
561 0.521523
562 0.501569
563 0.407904
564 0.289276
565 0.207334
566 0.168902
567 0.152635 
568 0.147944
569 0.143958
570 0.14108
571 0.140302
572 0.138683
573 0.136511
574 0.134201
575 0.132744
576 0.130264
577 0.130245
578 0.126936
579 0.124511
580 0.126657
581 0.123506
582 0.123839
583 0.121218 
584 0.122274
585 0.121183
586 0.121442
587 0.119492
588 0.11755
589 0.118825
590 0.118372
591 0.117996
592 0.116451
593 0.116996
594 0.116952
595 0.114305
596 0.11406
597 0.114657
598 0.11276
599 0.109549 
600 0.106443
601 0.100287
602 0.111531
603 0.120872
604 0.11176
605 0.11148
606 0.112829
607 0.11253
608 0.111878
609 0.111628
610 0.111872
611 0.111902
612 0.111305
613 0.11189
614 0.109735
615 0.111987 
616 0.110931
617 0.113978
618 0.111887
619 0.113014
620 0.115067
621 0.118105
622 0.119527
623 0.116757
624 0.124614
625 0.131735
626 0.18156
627 0.281276
628 0.376392
629 0.385908
630 0.334348
631 0.294239 
632 0.271771
633 0.253195
634 0.235705
635 0.22103
636 0.207737
637 0.196908
638 0.187121
639 0.179752
640 0.169828
641 0.163623
642 0.157633
643 0.16204
644 0.157454
645 0.154599
646 0.149648
647 0.150972 
648 0.128662
649 0.147412
650 0.138931
651 0.139062
652 0.138843
653 0.136479
654 0.133804
655 0.130873
656 0.13407
657 0.132057
658 0.131164
659 0.130677
660 0.130039
661 0.12804
662 0.12914
663 0.125435 
664 0.12469
665 0.123559
666 0.124039
667 0.122009
668 0.121514
669 0.120107
670 0.118609
671 0.118225
672 0.116613
673 0.114579
674 0.115136
675 0.113931
676 0.113412
677 0.113096
678 0.113067
679 0.11237 
680 0.113335
681 0.112034
682 0.111597
683 0.108906
684 0.108258
685 0.109378
686 0.10615
687 0.106857
688 0.106905
689 0.106288
690 0.107545
691 0.10514
692 0.103578
693 0.10319
694 0.104212
695 0.103704 
696 0.10344
697 0.103691
698 0.104767
699 0.105134
700 0.105322
701 0.106644
702 0.104866
703 0.10796
704 0.108028
705 0.110042
706 0.111502
707 0.111411
708 0.112089
709 0.113774
710 0.105545
711 0.100705 
712 0.104535
713 0.0986407
714 0.0988411
715 0.094151
716 0.0880986
717 0.109943
718 0.116485
719 0.132581
720 0.170718
721 0.250108
722 0.34404
723 0.39034
724 0.360868
725 0.318909
726 0.281895
727 0.253276
728 0.229091
729 0.210399
730 0.199157
731 0.190905
732 0.186594
733 0.179689
734 0.174135
735 0.16769
736 0.161771
737 0.156299
738 0.150664
739 0.146014
740 0.141443
741 0.136519
742 0.132179 
743 0.128424
744 0.125079
745 0.121082
746 0.120664
747 0.118691
748 0.117255
749 0.113477
750 0.111569
751 0.109518
752 0.109187
753 0.105997
754 0.104538
755 0.103884
756 0.101682
757 0.100314
758 0.098514 
759 0.0967179
760 0.0957412
761 0.0953003
762 0.093415
763 0.0934764
764 0.0922665
765 0.091794
766 0.0889376
767 0.0889944
768 0.0870348
769 0.0861657
770 0.0867448
771 0.0846856
772 0.0828966
773 0.0791882 
774 0.0752038
775 0.0746185
776 0.0745094
777 0.0740282
778 0.0747162
779 0.0772004
780 0.0740474
781 0.0737891
782 0.0752168
783 0.078923
784 0.0813132
785 0.0904458
786 0.114317
787 0.179632
788 0.269361 
789 0.329009
790 0.310659
791 0.275601
792 0.241754
793 0.221528
794 0.205064
795 0.189774
796 0.178094
797 0.168055
798 0.158802
799 0.152648
800 0.146197
801 0.140884
802 0.13684
803 0.132356
804 0.131141 
805 0.131015
806 0.135406
807 0.152765
808 0.209814
809 0.296933
810 0.347119
811 0.313151
812 0.267252
813 0.241275
814 0.227409
815 0.217447
816 0.208292
817 0.207271
818 0.210109
819 0.214943
820 0.224648 
821 0.239096
822 0.26021
823 0.28421
824 0.3023
825 0.309452
826 0.307003
827 0.307197
828 0.316974
829 0.335372
830 0.347694
831 0.33644
832 0.299299
833 0.24807
834 0.194888
835 0.145019
836 0.103526 
837 0.0735564
838 0.0580262
839 0.0480156
840 0.0451803
841 0.0414934
842 0.0371655
843 0.0318992
844 0.0293417
845 0.0262718
846 0.0230105
847 0.0228304
848 0.0214766
849 0.0199482
850 0.0206199
851 0.0175797
852 0.00978151
853 0.00956272
854 0.00954553
855 0.010769
856 0.0102026
857 0.010377
858 0.00837349
859 0.00673455
860 0.00280669
861 -0.000488301
862 -0.00441588
863 -0.00773724
864 -0.0113575 
865 -0.0150284
866 -0.0190198
867 -0.0214576
868 -0.0258409
869 -0.0274702
870 -0.0276891
871 -0.0326612
872 -0.0314724
873 -0.035801
874 -0.037884
875 -0.0397638
876 -0.03202
877 -0.0499282
878 -0.04686 
879 -0.0483916
880 -0.0447337
881 -0.0507332
882 -0.0520604
883 -0.0515324
884 -0.0517508
885 -0.0539071
886 -0.0562638
887 -0.0605937
888 -0.0576659
889 -0.0581959
890 -0.0585236
891 -0.0583018
892 -0.0646964 
893 -0.064054
894 -0.0619349
895 -0.0621641
896 -0.0617215
897 -0.0639677
898 -0.0635997
899 -0.0642447
900 -0.0675351
901 -0.0656746
902 -0.0657867
903 -0.0694208
904 -0.0688608
905 -0.0695288
906 -0.0680479 
907 -0.0691603
908 -0.0707819
909 -0.0683936
910 -0.0675434
911 -0.0681699
912 -0.0713002
913 -0.0700774
914 -0.0699761
915 -0.0714118
916 -0.070906
917 -0.0709608
918 -0.0702122
919 -0.0677286
920 -0.066009 
921 -0.0618436
922 -0.051669
923 -0.0423332
924 -0.0294894
925 -0.0196396
926 -0.00875363
927 -0.00107536
928 0.00600536
929 0.0121052
930 0.0163392
931 0.0147188
932 0.018567
933 0.0156127
934 0.0161147 
935 0.0206089
936 0.0291328
937 0.0412237
938 0.0600197
939 0.0900562
940 0.138959
941 0.200316
942 0.273544
943 0.349891
944 0.416873
945 0.447028
946 0.422698
947 0.331806
948 0.210631
949 0.106447 
950 0.0379752
951 -0.00863294
952 -0.0368408
953 -0.0528121
954 -0.0611999
955 -0.0693884
956 -0.0725006
957 -0.0719259
958 -0.0753834
959 -0.0797447
960 -0.0823362
961 -0.0845523
962 -0.0834862
963 -0.086652 
964 -0.0890554
965 -0.0907792
966 -0.0903923
967 -0.0923494
968 -0.0919844
969 -0.0933481
970 -0.093212
971 -0.095894
972 -0.0931704
973 -0.0949672
974 -0.0933398
975 -0.0961531
976 -0.0985399
977 -0.0997072 
978 -0.0971048
979 -0.0926822
980 -0.0944923
981 -0.0946408
982 -0.0979853
983 -0.0965101
984 -0.0972741
985 -0.0996166
986 -0.100743
987 -0.102838
988 -0.104587
989 -0.104533
990 -0.106219
991 -0.107494 
992 -0.108156
993 -0.111306
994 -0.110483
995 -0.110895
996 -0.112464
997 -0.113909
998 -0.114654
999 -0.116668
1000 -0.116878
1001 -0.117945
1002 -0.116811
1003 -0.114795
1004 -0.113633
1005 -0.114678 
1006 -0.112852
1007 -0.108125
1008 -0.100081
1009 -0.0903087
1010 -0.0812165
1011 -0.0735188
1012 -0.0700425
1013 -0.0658195
1014 -0.0618079
1015 -0.055917
1016 -0.0363243
1017 -0.0397837
1018 -0.0518704 
1019 -0.0688968
1020 -0.0808225
1021 -0.0988529
1022 -0.103345
1023 -0.110355
1024 -0.11387
1025 -0.118059
1026 -0.11793
1027 -0.120618
1028 -0.121021
1029 -0.121887
1030 -0.119108
1031 -0.122554
1032 -0.124744
1033 -0.125554
1034 -0.126844
1035 -0.129137
1036 -0.129226
1037 -0.129034
1038 -0.130447
1039 -0.132194
1040 -0.134191
1041 -0.132488
1042 -0.135101
1043 -0.131539
1044 -0.133054
1045 -0.134613 
1046 -0.134324
1047 -0.137004
1048 -0.136441
1049 -0.13664
1050 -0.135156
1051 -0.136261
1052 -0.135645
1053 -0.137554
1054 -0.142998
1055 -0.139235
1056 -0.138649
1057 -0.138448
1058 -0.140929
1059 -0.140323 
1060 -0.140515
1061 -0.140515
1062 -0.141971
1063 -0.14416
1064 -0.144849
1065 -0.142179
1066 -0.141104
1067 -0.141823
1068 -0.138731
1069 -0.13756
1070 -0.135623
1071 -0.11701
1072 -0.0751534
1073 -0.0360684 
1074 -0.0303794
1075 -0.0442291
1076 -0.0568895
1077 -0.0713391
1078 -0.0826244
1079 -0.0893195
1080 -0.0949443
1081 -0.101595
1082 -0.107406
1083 -0.110455
1084 -0.112696
1085 -0.119269
1086 -0.119146 
1087 -0.120919
1088 -0.122381
1089 -0.124352
1090 -0.124993
1091 -0.126405
1092 -0.12849
1093 -0.124509
1094 -0.127037
1095 -0.125582
1096 -0.122175
1097 -0.123669
1098 -0.124362
1099 -0.121099
1100 -0.119719 
1101 -0.11494
1102 -0.0985994
1103 -0.0636876
1104 0.00374543
1105 0.070742
1106 0.0913424
1107 0.0713804
1108 0.0270277
1109 -0.00813272
1110 -0.038455
1111 -0.0487723
1112 -0.0706351
1113 -0.0677404 
1114 -0.0720537
1115 -0.0825118
1116 -0.0831655
1117 -0.0903145
1118 -0.0904614
1119 -0.0939718
1120 -0.0975637
1121 -0.100182
1122 -0.103457
1123 -0.106516
1124 -0.10777
1125 -0.113016
1126 -0.11327 
1127 -0.113846
1128 -0.116416
1129 -0.118828
1130 -0.118306
1131 -0.122798
1132 -0.123716
1133 -0.122755
1134 -0.126128
1135 -0.127749
1136 -0.131745
1137 -0.12222
1138 -0.13227
1139 -0.130312
1140 -0.130613 
1141 -0.131188
1142 -0.13479
1143 -0.13601
1144 -0.13576
1145 -0.13243
1146 -0.135562
1147 -0.136666
1148 -0.136765
1149 -0.137599
1150 -0.137039
1151 -0.136825
1152 -0.139099
1153 -0.137524
1154 -0.136927 
1155 -0.136913
1156 -0.136611
1157 -0.1369
1158 -0.137216
1159 -0.139857
1160 -0.136487
1161 -0.130537
1162 -0.127969
1163 -0.128197
1164 -0.123925
1165 -0.109582
1166 -0.0749513
1167 -0.0225458
1168 0.0346317
1169 0.0973358
1170 0.13255
1171 0.145876
1172 0.132505
1173 0.125034
1174 0.144016
1175 0.169775
1176 0.148941
1177 0.105263
1178 0.0710436
1179 0.0474536
1180 0.0241674
1181 0.00378677
1182 -0.0101189
1183 -0.0241772
1184 -0.0372102
1185 -0.047699
1186 -0.0597646
1187 -0.0692148
1188 -0.0772388
1189 -0.0865526
1190 -0.0915964
1191 -0.0992809
1192 -0.105491
1193 -0.113101
1194 -0.112676
1195 -0.120288
1196 -0.124439
1197 -0.128768
1198 -0.132413
1199 -0.138258
1200 -0.140746
1201 -0.144868
1202 -0.148369
1203 -0.149717
1204 -0.147719
1205 -0.154017
1206 -0.158588
1207 -0.160337
1208 -0.165312 
1209 -0.16835
1210 -0.164705
1211 -0.166896
1212 -0.174767
1213 -0.174732
1214 -0.177056
1215 -0.177756
1216 -0.182113
1217 -0.177912
1218 -0.181471
1219 -0.184417
1220 -0.185417
1221 -0.185672
1222 -0.181749 
1223 -0.187184
1224 -0.175426
1225 -0.126544
1226 0.0723276
1227 0.225385
1228 0.291706
1229 0.356093
1230 0.36561
1231 0.41042
1232 0.419341
1233 0.431268
1234 0.451062
1235 0.460306
1236 0.465214
1237 0.482548
1238 0.489841
1239 0.504898
1240 0.444195
