:runabs2_sun  from pixel 0 to 1240 from stripe 4 to 14
:I0 number of accum:  10
:Sample number of accum: 10
:Sample position : alfie
:I0 position  : i0_alfie
:Integration time sample (ms) : 20
:Integration time I0 (ms) : 0.5
:file_descriptor : gete
:background substraction YES
:background acquisition YES
:N 
: Mon Oct  6 01:52:15 2003
0 0.26379
1 0.16266
2 0.0798446
3 0.0333557
4 0.00854795
5 -0.00869331
6 -0.0200378
7 -0.0268561
8 -0.0335084
9 -0.0397375
10 -0.0483259
11 -0.0512298
12 -0.054258
13 -0.057583
14 -0.0575093
15 -0.0578782 
16 -0.0562814
17 -0.0572939
18 -0.0564469
19 -0.0529294
20 -0.0506497
21 -0.0447757
22 -0.041854
23 -0.0348534
24 -0.0295036
25 -0.0194521
26 -0.0105968
27 0.00248029
28 0.0240864
29 0.0574036
30 0.111334 
31 0.176171
32 0.238177
33 0.253599
34 0.200333
35 0.114962
36 0.0327758
37 -0.0179017
38 -0.036802
39 -0.0438042
40 -0.0496958
41 -0.0544633
42 -0.0570809
43 -0.0614183
44 -0.0638417
45 -0.0649062
46 -0.0663727
47 -0.0680638
48 -0.0708443
49 -0.0716967
50 -0.0721561
51 -0.0745387
52 -0.0774803
53 -0.077269
54 -0.0784565
55 -0.0776523
56 -0.0801952
57 -0.0797263
58 -0.0799947
59 -0.0815963
60 -0.0814983 
61 -0.0827708
62 -0.0822311
63 -0.0816766
64 -0.07688
65 -0.0708024
66 -0.058755
67 -0.0294257
68 0.0249167
69 0.0678252
70 0.081349
71 0.0836732
72 0.0581226
73 -0.00627865
74 -0.0619706
75 -0.0776063 
76 -0.0811185
77 -0.083719
78 -0.0836214
79 -0.0841894
80 -0.0852506
81 -0.0871255
82 -0.0884055
83 -0.0892446
84 -0.0913332
85 -0.0933245
86 -0.0958257
87 -0.0958157
88 -0.0947563
89 -0.0981855
90 -0.0997225 
91 -0.0983012
92 -0.1061
93 -0.102053
94 -0.103658
95 -0.104588
96 -0.106384
97 -0.107217
98 -0.106594
99 -0.108256
100 -0.109866
101 -0.110302
102 -0.110628
103 -0.111299
104 -0.112859
105 -0.112704 
106 -0.114487
107 -0.11363
108 -0.11503
109 -0.113937
110 -0.115443
111 -0.11716
112 -0.114451
113 -0.120426
114 -0.114131
115 -0.116639
116 -0.11918
117 -0.117433
118 -0.1176
119 -0.117682
120 -0.11705 
121 -0.116854
122 -0.117964
123 -0.117955
124 -0.117882
125 -0.119195
126 -0.117152
127 -0.1176
128 -0.117279
129 -0.116098
130 -0.117247
131 -0.116077
132 -0.115511
133 -0.115741
134 -0.115508
135 -0.115063 
136 -0.114735
137 -0.113314
138 -0.110689
139 -0.106948
140 -0.104891
141 -0.102361
142 -0.0995654
143 -0.0947452
144 -0.0904176
145 -0.0833066
146 -0.0731213
147 -0.061662
148 -0.0462445
149 -0.0241671 
150 0.0101746
151 0.0643869
152 0.152303
153 0.285874
154 0.442529
155 0.610921
156 0.710083
157 0.73414
158 0.710995
159 0.67144
160 0.621938
161 0.565837
162 0.507137
163 0.448841
164 0.400098
165 0.355239 
166 0.323628
167 0.3014
168 0.286919
169 0.276884
170 0.269789
171 0.26676
172 0.263654
173 0.259013
174 0.25862
175 0.256143
176 0.255477
177 0.254617
178 0.253584
179 0.253042
180 0.251647
181 0.253111 
182 0.254103
183 0.257204
184 0.258989
185 0.260814
186 0.26453
187 0.265303
188 0.271734
189 0.272434
190 0.273475
191 0.273851
192 0.272451
193 0.271041
194 0.267194
195 0.269243
196 0.25764
197 0.256271 
198 0.252125
199 0.247227
200 0.244532
201 0.240644
202 0.239948
203 0.240182
204 0.241407
205 0.24089
206 0.241645
207 0.237856
208 0.233776
209 0.229488
210 0.226403
211 0.221739
212 0.218442
213 0.216122 
214 0.212407
215 0.20986
216 0.208852
217 0.208301
218 0.207138
219 0.210569
220 0.212473
221 0.215558
222 0.221369
223 0.225529
224 0.231064
225 0.235111
226 0.23922
227 0.243124
228 0.248883
229 0.251895 
230 0.253237
231 0.255625
232 0.256994
233 0.260302
234 0.253543
235 0.259075
236 0.257678
237 0.253577
238 0.252964
239 0.250561
240 0.24814
241 0.247369
242 0.246866
243 0.244043
244 0.2432
245 0.243045 
246 0.241856
247 0.240265
248 0.23895
249 0.237697
250 0.235572
251 0.234761
252 0.234911
253 0.231783
254 0.231391
255 0.22719
256 0.227383
257 0.224261
258 0.225697
259 0.224436
260 0.221929
261 0.220121 
262 0.218328
263 0.217748
264 0.21589
265 0.213805
266 0.21202
267 0.212035
268 0.211499
269 0.209741
270 0.209909
271 0.209234
272 0.209809
273 0.210938
274 0.210158
275 0.210512
276 0.209914
277 0.210915 
278 0.208553
279 0.21013
280 0.212077
281 0.212067
282 0.211712
283 0.212497
284 0.210884
285 0.212751
286 0.213895
287 0.214524
288 0.214524
289 0.21575
290 0.215183
291 0.214347
292 0.214856
293 0.214331 
294 0.214637
295 0.216062
296 0.215381
297 0.214925
298 0.215856
299 0.213583
300 0.213416
301 0.213226
302 0.213969
303 0.21373
304 0.215195
305 0.212081
306 0.211794
307 0.210345
308 0.210042
309 0.208507 
310 0.207098
311 0.214319
312 0.206003
313 0.209629
314 0.206718
315 0.203848
316 0.202448
317 0.200684
318 0.20011
319 0.201422
320 0.200011
321 0.198137
322 0.197058
323 0.196316
324 0.195289
325 0.195629 
326 0.192783
327 0.192172
328 0.190515
329 0.191062
330 0.188875
331 0.188859
332 0.188972
333 0.185608
334 0.186582
335 0.184794
336 0.183619
337 0.183531
338 0.182928
339 0.183668
340 0.182151
341 0.180587 
342 0.189317
343 0.166993
344 0.181819
345 0.179816
346 0.181222
347 0.180162
348 0.178244
349 0.177959
350 0.176448
351 0.17527
352 0.172275
353 0.176603
354 0.176786
355 0.175945
356 0.176767
357 0.174882 
358 0.175499
359 0.175659
360 0.175101
361 0.174879
362 0.175652
363 0.174412
364 0.175552
365 0.175863
366 0.174479
367 0.174014
368 0.173365
369 0.173824
370 0.17438
371 0.167894
372 0.172633
373 0.171541 
374 0.171551
375 0.172262
376 0.171283
377 0.171345
378 0.1711
379 0.171548
380 0.170216
381 0.170389
382 0.169981
383 0.170783
384 0.169134
385 0.170238
386 0.170362
387 0.170239
388 0.171075
389 0.169725 
390 0.167177
391 0.168253
392 0.167149
393 0.167379
394 0.166538
395 0.166926
396 0.165839
397 0.165302
398 0.164395
399 0.16449
400 0.165008
401 0.163534
402 0.163644
403 0.161737
404 0.162105
405 0.161151 
406 0.159486
407 0.159404
408 0.158081
409 0.158167
410 0.158952
411 0.157893
412 0.156447
413 0.15627
414 0.156038
415 0.15634
416 0.154108
417 0.153836
418 0.15239
419 0.152731
420 0.15207
421 0.151204 
422 0.151356
423 0.149924
424 0.150463
425 0.14974
426 0.149627
427 0.150212
428 0.147919
429 0.147661
430 0.147449
431 0.14616
432 0.145884
433 0.146013
434 0.145148
435 0.144958
436 0.144107
437 0.143988 
438 0.14289
439 0.143016
440 0.141882
441 0.139741
442 0.147272
443 0.145597
444 0.136093
445 0.143288
446 0.141755
447 0.141819
448 0.141069
449 0.14116
450 0.139012
451 0.140041
452 0.138497
453 0.138391 
454 0.137364
455 0.136137
456 0.134996
457 0.135529
458 0.134205
459 0.133381
460 0.133418
461 0.133211
462 0.134898
463 0.135545
464 0.132913
465 0.133184
466 0.132308
467 0.132773
468 0.131386
469 0.135621 
470 0.130829
471 0.132757
472 0.132688
473 0.130304
474 0.131069
475 0.13062
476 0.129745
477 0.129064
478 0.12994
479 0.13016
480 0.127902
481 0.128086
482 0.126988
483 0.126401
484 0.127068
485 0.126699 
486 0.125556
487 0.12753
488 0.127687
489 0.125335
490 0.125329
491 0.125623
492 0.124445
493 0.125551
494 0.123584
495 0.126154
496 0.117388
497 0.121302
498 0.122589
499 0.118643
500 0.118836
501 0.117913 
502 0.121073
503 0.118617
504 0.116995
505 0.118057
506 0.116957
507 0.117591
508 0.11729
509 0.11625
510 0.115761
511 0.115847
512 0.116464
513 0.117118
514 0.117181
515 0.116959
516 0.119025
517 0.116617 
518 0.119943
519 0.120849
520 0.123742
521 0.125834
522 0.12755
523 0.129631
524 0.128095
525 0.127128
526 0.123251
527 0.123146
528 0.123288
529 0.124278
530 0.127455
531 0.128282
532 0.123955
533 0.1182 
534 0.112269
535 0.110434
536 0.110279
537 0.1094
538 0.110226
539 0.110394
540 0.110273
541 0.111741
542 0.111999
543 0.110761
544 0.112324
545 0.113576
546 0.11475
547 0.115861
548 0.115907
549 0.118026 
550 0.121209
551 0.123363
552 0.128962
553 0.135336
554 0.147568
555 0.166087
556 0.199508
557 0.250011
558 0.328956
559 0.431599
560 0.528196
561 0.598623
562 0.645699
563 0.662023
564 0.587395
565 0.445373 
566 0.302628
567 0.211516
568 0.171975
569 0.154286
570 0.14683
571 0.142424
572 0.138117
573 0.135144
574 0.131979
575 0.130674
576 0.127797
577 0.125551
578 0.122328
579 0.11741
580 0.114245
581 0.109569 
582 0.106991
583 0.102291
584 0.101219
585 0.0972602
586 0.0943966
587 0.0929344
588 0.0904935
589 0.0893863
590 0.0865786
591 0.0845978
592 0.0811043
593 0.0808199
594 0.0762811
595 0.0750289
596 0.0738199 
597 0.0718305
598 0.0676994
599 0.0675372
600 0.0716788
601 0.0716776
602 0.0521285
603 0.0578668
604 0.058714
605 0.059718
606 0.0564464
607 0.0563622
608 0.0531797
609 0.0529335
610 0.0493308
611 0.0483758 
612 0.0481658
613 0.0455441
614 0.046278
615 0.042514
616 0.047975
617 0.041797
618 0.0417558
619 0.0437363
620 0.0421793
621 0.0420518
622 0.0446718
623 0.0469929
624 0.0615833
625 0.0984294
626 0.204841 
627 0.328566
628 0.389414
629 0.323163
630 0.2609
631 0.217283
632 0.188375
633 0.161647
634 0.142169
635 0.123931
636 0.111238
637 0.0982387
638 0.0878595
639 0.0800696
640 0.0758028
641 0.0640787
642 0.056478
643 0.0577909
644 0.0544446
645 0.0503223
646 0.0450408
647 0.0317128
648 0.0706429
649 0.0329352
650 0.030757
651 0.0328172
652 0.0324867
653 0.029527
654 0.0247586
655 0.0268928
656 0.0223349 
657 0.0217632
658 0.0202668
659 0.0181449
660 0.0187355
661 0.0168701
662 0.017191
663 0.013778
664 0.0138948
665 0.0129353
666 0.0109359
667 0.0106617
668 0.00846489
669 0.00705866
670 0.00627528
671 0.00703889
672 0.00556566
673 0.00349954
674 0.00403757
675 0.00390537
676 0.00338961
677 0.00221433
678 0.0012574
679 0.00055945
680 0.000246684
681 -0.000216342
682 -0.00276196
683 0.00158084
684 -0.00165753 
685 -0.000691358
686 0.00163063
687 5.19642e-05
688 -0.00170229
689 -0.00342056
690 0.00119684
691 -0.00140136
692 -0.000468768
693 -5.52341e-05
694 -0.000969446
695 -0.00172756
696 0.000156832
697 0.0012017 
698 0.00155703
699 0.00273381
700 0.00320968
701 0.00372692
702 0.00389548
703 0.00502671
704 0.00768721
705 0.00807828
706 0.00976531
707 0.0103495
708 0.00704036
709 0.00549494
710 0.00618864
711 0.00680502 
712 0.00499224
713 0.00488218
714 0.00864995
715 0.00531265
716 -0.00294539
717 0.0520099
718 0.0347174
719 0.0595306
720 0.131676
721 0.254835
722 0.368862
723 0.370043
724 0.281499
725 0.212097
726 0.175714
727 0.149373
728 0.130737
729 0.116178
730 0.105063
731 0.096969
732 0.0875987
733 0.0786443
734 0.0690744
735 0.0615239
736 0.0549003
737 0.0492798
738 0.0448408
739 0.0391159
740 0.0339927
741 0.0305
742 0.0258432
743 0.0231123
744 0.0184268
745 0.0158821
746 0.0137623
747 0.0126917
748 0.0105526
749 0.00880838
750 0.00698226
751 0.00528227
752 0.00207064
753 0.00208278
754 0.00201286
755 -0.000640696 
756 -0.00324593
757 -0.00431058
758 -0.00545332
759 -0.00740537
760 -0.00878649
761 -0.00929614
762 -0.0110384
763 -0.0111779
764 -0.0117948
765 -0.0126165
766 -0.0135313
767 -0.0166001
768 -0.0147196 
769 -0.016299
770 -0.018439
771 -0.0184249
772 -0.0204839
773 -0.0209147
774 -0.0201114
775 -0.0248881
776 -0.0183353
777 -0.021943
778 -0.02196
779 -0.0233495
780 -0.0209672
781 -0.020277
782 -0.0183642 
783 -0.0175941
784 -0.00772875
785 0.0033513
786 0.0365971
787 0.127498
788 0.242406
789 0.295087
790 0.260773
791 0.201074
792 0.164715
793 0.133468
794 0.111315
795 0.0940258
796 0.0807676
797 0.0696589 
798 0.0606605
799 0.0544302
800 0.0496035
801 0.0467053
802 0.0448383
803 0.0464662
804 0.0498227
805 0.0554905
806 0.0728852
807 0.128433
808 0.234418
809 0.319084
810 0.296932
811 0.239293
812 0.21072 
813 0.189531
814 0.174722
815 0.16109
816 0.146646
817 0.136912
818 0.131766
819 0.126081
820 0.122696
821 0.118908
822 0.113984
823 0.117035
824 0.120172
825 0.125718
826 0.135637
827 0.152255
828 0.177981 
829 0.20812
830 0.245389
831 0.284394
832 0.322183
833 0.347749
834 0.36192
835 0.363495
836 0.342838
837 0.300081
838 0.247256
839 0.192936
840 0.136971
841 0.0823745
842 0.0476001
843 0.0313441
844 0.0260913
845 0.0236133
846 0.0217696
847 0.0225321
848 0.0197263
849 0.0159996
850 0.0106072
851 0.01252
852 0.0090041
853 0.00654168
854 0.00317155
855 0.00430171
856 0.000840625
857 -0.00190065
858 -0.00294245
859 -0.00276813
860 0.00101667
861 -0.000767584
862 -0.00222797
863 -0.00532082
864 -0.00743529
865 -0.0105617
866 -0.00953372
867 -0.00729657
868 -0.00888557
869 -0.00976595
870 -0.00898133 
871 -0.0114784
872 -0.00780344
873 -0.00952846
874 -0.00760204
875 -0.00920648
876 -0.010923
877 -0.017869
878 -0.00821795
879 -0.0135368
880 -0.0178692
881 -0.00926651
882 -0.0153566
883 -0.0162107
884 -0.017926
885 -0.0216374
886 -0.0146818
887 -0.0197713
888 -0.0208297
889 -0.0219823
890 -0.021982
891 -0.0278262
892 -0.0210542
893 -0.0258034
894 -0.0274205
895 -0.0308691
896 -0.0298162
897 -0.0264953 
898 -0.0287584
899 -0.0291202
900 -0.0264504
901 -0.0283873
902 -0.0314709
903 -0.0331727
904 -0.0325388
905 -0.0335582
906 -0.0342421
907 -0.0335727
908 -0.0351716
909 -0.0312429
910 -0.0337717
911 -0.0329013 
912 -0.0337092
913 -0.0330365
914 -0.035477
915 -0.0352289
916 -0.0359654
917 -0.0347894
918 -0.0337311
919 -0.0338711
920 -0.0349102
921 -0.0336436
922 -0.0330017
923 -0.0339426
924 -0.0325393
925 -0.0335651 
926 -0.0328693
927 -0.0344531
928 -0.0346482
929 -0.0334774
930 -0.0353781
931 -0.033006
932 -0.0346333
933 -0.031286
934 -0.034155
935 -0.0367649
936 -0.0372513
937 -0.0357787
938 -0.0325915
939 -0.0267003 
940 -0.0224531
941 -0.0179095
942 -0.00958524
943 -0.00179509
944 0.0196275
945 0.060273
946 0.130523
947 0.238913
948 0.363086
949 0.451335
950 0.460944
951 0.391631
952 0.283965
953 0.180491
954 0.110028 
955 0.063593
956 0.0382693
957 0.0175172
958 0.00519038
959 -0.00294564
960 -0.00887791
961 -0.0137847
962 -0.0177731
963 -0.0191685
964 -0.0214071
965 -0.0238662
966 -0.0267098
967 -0.0282002
968 -0.0308247 
969 -0.0326514
970 -0.0363965
971 -0.0387904
972 -0.0415846
973 -0.0430591
974 -0.0430186
975 -0.0466242
976 -0.0494921
977 -0.0506987
978 -0.0493441
979 -0.0519058
980 -0.0522745
981 -0.0545214
982 -0.0560758 
983 -0.0569909
984 -0.0559476
985 -0.0571315
986 -0.0573359
987 -0.0585767
988 -0.0602663
989 -0.0607122
990 -0.0615813
991 -0.0631358
992 -0.0647253
993 -0.062857
994 -0.0640811
995 -0.0653034
996 -0.0657069 
997 -0.0658044
998 -0.0663087
999 -0.0658053
1000 -0.0663812
1001 -0.0678431
1002 -0.0699574
1003 -0.0699198
1004 -0.0712784
1005 -0.0696646
1006 -0.0709341
1007 -0.0685609
1008 -0.0709494
1009 -0.0691662 
1010 -0.0719849
1011 -0.0709428
1012 -0.0730067
1013 -0.072396
1014 -0.0711681
1015 -0.071805
1016 -0.0557355
1017 -0.0482572
1018 -0.0291196
1019 -0.00499912
1020 0.020931
1021 0.0134002
1022 0.0060947 
1023 -0.0290263
1024 -0.0590554
1025 -0.0667325
1026 -0.0710671
1027 -0.0744468
1028 -0.0739388
1029 -0.076308
1030 -0.0768576
1031 -0.0742272
1032 -0.0751421
1033 -0.0770989
1034 -0.0773045
1035 -0.0793076 
1036 -0.079858
1037 -0.0795971
1038 -0.0814251
1039 -0.0827623
1040 -0.0851817
1041 -0.087947
1042 -0.0861028
1043 -0.0866737
1044 -0.089322
1045 -0.0897597
1046 -0.0903959
1047 -0.0929389
1048 -0.0925872 
1049 -0.0937627
1050 -0.0951668
1051 -0.0922608
1052 -0.0932249
1053 -0.0934254
1054 -0.0936308
1055 -0.0919086
1056 -0.091103
1057 -0.0931556
1058 -0.0938964
1059 -0.0930286
1060 -0.0937299
1061 -0.0936792 
1062 -0.0945697
1063 -0.0980256
1064 -0.0971896
1065 -0.100259
1066 -0.0975663
1067 -0.095221
1068 -0.0937223
1069 -0.0908653
1070 -0.0846131
1071 -0.0609738
1072 -0.00465638
1073 0.0524346
1074 0.0627564 
1075 0.0319882
1076 0.00133508
1077 -0.0199124
1078 -0.0355402
1079 -0.0478013
1080 -0.0554085
1081 -0.0626599
1082 -0.0670608
1083 -0.0704145
1084 -0.0739439
1085 -0.0728071
1086 -0.0750998
1087 -0.0738384 
1088 -0.0781498
1089 -0.0802132
1090 -0.0849088
1091 -0.0898008
1092 -0.091296
1093 -0.100874
1094 -0.0942186
1095 -0.098349
1096 -0.0969002
1097 -0.0956752
1098 -0.09554
1099 -0.0940352
1100 -0.0925787 
1101 -0.0907164
1102 -0.0840058
1103 -0.0789468
1104 -0.0456804
1105 0.0276217
1106 0.121668
1107 0.154254
1108 0.113707
1109 0.0246198
1110 -0.0041557
1111 -0.0118127
1112 -0.0384117
1113 -0.0404611 
1114 -0.0438704
1115 -0.0521162
1116 -0.0559888
1117 -0.0626418
1118 -0.0680078
1119 -0.0706683
1120 -0.0730117
1121 -0.0760664
1122 -0.079155
1123 -0.0814807
1124 -0.0853009
1125 -0.0882279
1126 -0.0898319 
1127 -0.0951566
1128 -0.0944134
1129 -0.0969344
1130 -0.103545
1131 -0.10478
1132 -0.103448
1133 -0.106851
1134 -0.107773
1135 -0.107953
1136 -0.108817
1137 -0.100279
1138 -0.127279
1139 -0.114739
1140 -0.112864
1141 -0.111696
1142 -0.113337
1143 -0.115559
1144 -0.112477
1145 -0.118003
1146 -0.116869
1147 -0.117655
1148 -0.118548
1149 -0.117428
1150 -0.117514
1151 -0.117836
1152 -0.118276
1153 -0.11619 
1154 -0.114101
1155 -0.1167
1156 -0.115045
1157 -0.114621
1158 -0.114612
1159 -0.114114
1160 -0.114053
1161 -0.114078
1162 -0.109526
1163 -0.10839
1164 -0.105916
1165 -0.101276
1166 -0.0888963
1167 -0.0550548 
1168 0.00450675
1169 0.0896441
1170 0.169814
1171 0.188324
1172 0.141102
1173 0.0951134
1174 0.124944
1175 0.186908
1176 0.235457
1177 0.195786
1178 0.140389
1179 0.0964805
1180 0.0640746
1181 0.0359739 
1182 0.0133708
1183 -0.00352743
1184 -0.016497
1185 -0.0307199
1186 -0.0441634
1187 -0.0528836
1188 -0.0623835
1189 -0.0724741
1190 -0.0789987
1191 -0.0818364
1192 -0.0873793
1193 -0.0949899
1194 -0.0973301 
1195 -0.0997502
1196 -0.103663
1197 -0.10858
1198 -0.111034
1199 -0.117461
1200 -0.118826
1201 -0.117775
1202 -0.11874
1203 -0.121707
1204 -0.12196
1205 -0.12141
1206 -0.125041
1207 -0.125712
1208 -0.126808 
1209 -0.127609
1210 -0.127604
1211 -0.128393
1212 -0.128308
1213 -0.129313
1214 -0.127695
1215 -0.127492
1216 -0.126993
1217 -0.128649
1218 -0.128363
1219 -0.128839
1220 -0.128694
1221 -0.123567
1222 -0.123227
1223 -0.126441
1224 -0.146678
1225 -0.188144
1226 -0.0980637
1227 0.00368633
1228 0.0433869
1229 0.0719597
1230 0.0658516
1231 0.10728
1232 0.118131
1233 0.115331
1234 0.125596
1235 0.120541 
1236 0.142728
1237 0.129617
1238 0.150257
1239 0.150897
1240 0.109196
