:runabs2_sun  from pixel 0 to 1240 from stripe 4 to 14
:I0 number of accum:  10
:Sample number of accum: 10
:Sample position : alfie
:I0 position  : i0_alfie
:Integration time sample (ms) : 20
:Integration time I0 (ms) : 0.4
:file_descriptor : gete
:background substraction YES
:background acquisition YES
:N 
: Mon Oct  6 09:19:40 2003
0 0.00166702
1 -0.00254875
2 0.00198103
3 -0.000770773
4 -0.00336202
5 -0.00435755
6 -0.00381824
7 -0.00389434
8 -0.0035265
9 -0.00329443
10 -0.00353487
11 -0.00606896
12 -0.00521883
13 -0.00599392
14 -0.0100437
15 -0.00764426
16 -0.00919215
17 -0.0129033
18 -0.012918
19 -0.0118797
20 -0.0148081
21 -0.0158009
22 -0.0168098
23 -0.0170661
24 -0.0177861
25 -0.0154399
26 -0.0189346
27 -0.0203726
28 -0.0195263 
29 -0.0164257
30 -0.0132482
31 -0.0134233
32 -0.007262
33 -0.0131132
34 -0.0137716
35 -0.00669567
36 -0.00767198
37 -0.00807381
38 -0.0118384
39 -0.00950713
40 -0.0108318
41 -0.0101906
42 -0.0110728
43 -0.0123092
44 -0.0123692
45 -0.0126749
46 -0.0129612
47 -0.00650677
48 -0.00975744
49 -0.00905242
50 -0.00704802
51 -0.00383351
52 -0.00543585
53 -0.00526119
54 -0.00546287
55 -0.00345164
56 -0.00513076 
57 -0.00832758
58 -0.0102131
59 -0.0124328
60 -0.0124825
61 -0.0127668
62 -0.0108533
63 -0.00419605
64 0.0294632
65 0.144316
66 0.320731
67 0.42112
68 0.361802
69 0.225869
70 0.125223
71 0.0842683
72 0.0619826
73 0.0503328
74 0.0409344
75 0.0342133
76 0.0295299
77 0.0241688
78 0.023753
79 0.0227032
80 0.014781
81 0.0124716
82 0.00879307
83 0.00513191
84 0.00415427
85 -0.00104697
86 -0.00454901
87 -0.00761879 
88 -0.00613875
89 -0.00830932
90 -0.0132248
91 -0.0108868
92 -0.0146487
93 -0.00866128
94 -0.0136935
95 -0.0148606
96 -0.0154094
97 -0.0173495
98 -0.0176436
99 -0.0207752
100 -0.0217087
101 -0.0211085 
102 -0.0232326
103 -0.0194287
104 -0.0183239
105 -0.0212435
106 -0.0231929
107 -0.0239268
108 -0.0234531
109 -0.0218754
110 -0.0228706
111 -0.0239861
112 -0.0227667
113 -0.0260931
114 -0.0212868
115 -0.0204639 
116 -0.0219158
117 -0.0235452
118 -0.0218362
119 -0.0220888
120 -0.0197496
121 -0.017834
122 -0.0193196
123 -0.0204185
124 -0.0236076
125 -0.0248865
126 -0.0189509
127 -0.0182117
128 -0.0187994
129 -0.0188683 
130 -0.0192124
131 -0.0191842
132 -0.0193955
133 -0.0197638
134 -0.0163922
135 -0.0143203
136 -0.0158567
137 -0.0162395
138 -0.0128841
139 -0.00980666
140 -0.00522697
141 -0.00385555
142 -0.00159444
143 0.00189418
144 0.00501073
145 0.0146099
146 0.025088
147 0.0371994
148 0.0524561
149 0.0733264
150 0.107574
151 0.158694
152 0.243071
153 0.370796
154 0.524757
155 0.674991
156 0.741242
157 0.722441
158 0.668753
159 0.614215
160 0.563658
161 0.515928
162 0.468866
163 0.424185
164 0.388662
165 0.348869
166 0.327701
167 0.309581
168 0.299744
169 0.297591
170 0.300466
171 0.303509
172 0.301328
173 0.300686 
174 0.297632
175 0.29364
176 0.292055
177 0.291541
178 0.291583
179 0.288917
180 0.28886
181 0.289982
182 0.289727
183 0.294749
184 0.296232
185 0.298362
186 0.30083
187 0.304742
188 0.309316
189 0.308349 
190 0.308274
191 0.308158
192 0.305804
193 0.303357
194 0.301907
195 0.305927
196 0.297175
197 0.297679
198 0.295612
199 0.295278
200 0.294007
201 0.291991
202 0.288824
203 0.286035
204 0.283803
205 0.280881 
206 0.277333
207 0.273242
208 0.26579
209 0.260587
210 0.259264
211 0.256832
212 0.260339
213 0.261722
214 0.261641
215 0.261766
216 0.262258
217 0.26939
218 0.275141
219 0.280522
220 0.285095
221 0.290654 
222 0.293293
223 0.295815
224 0.301008
225 0.302008
226 0.304091
227 0.302666
228 0.299452
229 0.299634
230 0.29782
231 0.295757
232 0.292476
233 0.291235
234 0.285305
235 0.286756
236 0.284104
237 0.283818 
238 0.282339
239 0.281978
240 0.28179
241 0.281342
242 0.280628
243 0.282523
244 0.282516
245 0.280753
246 0.28064
247 0.28049
248 0.281057
249 0.278956
250 0.277666
251 0.277059
252 0.275682
253 0.274288 
254 0.273275
255 0.268669
256 0.269781
257 0.266095
258 0.265933
259 0.265117
260 0.263296
261 0.26312
262 0.261223
263 0.261333
264 0.262467
265 0.261716
266 0.259338
267 0.262619
268 0.263776
269 0.263724 
270 0.263592
271 0.265424
272 0.264018
273 0.264743
274 0.266761
275 0.265507
276 0.263519
277 0.26663
278 0.266338
279 0.265906
280 0.265095
281 0.267255
282 0.265679
283 0.265703
284 0.266536
285 0.265259 
286 0.264799
287 0.262986
288 0.263114
289 0.262505
290 0.260747
291 0.260123
292 0.260161
293 0.257401
294 0.257448
295 0.257848
296 0.257434
297 0.255188
298 0.257903
299 0.258506
300 0.257096
301 0.258042 
302 0.258717
303 0.259221
304 0.25779
305 0.253743
306 0.254326
307 0.25592
308 0.255706
309 0.255039
310 0.251908
311 0.263535
312 0.24953
313 0.25569
314 0.252653
315 0.253035
316 0.253911
317 0.252569 
318 0.250461
319 0.249122
320 0.247781
321 0.250626
322 0.247883
323 0.24828
324 0.247061
325 0.246678
326 0.244361
327 0.244877
328 0.244083
329 0.243587
330 0.242557
331 0.241741
332 0.241318
333 0.242054 
334 0.23892
335 0.240954
336 0.239961
337 0.235137
338 0.237601
339 0.237564
340 0.237961
341 0.241239
342 0.247903
343 0.229998
344 0.233442
345 0.23565
346 0.235418
347 0.235338
348 0.234903
349 0.233429 
350 0.233128
351 0.237579
352 0.226306
353 0.234121
354 0.235535
355 0.235361
356 0.235905
357 0.234659
358 0.233763
359 0.232186
360 0.23187
361 0.233069
362 0.234383
363 0.233691
364 0.233584
365 0.233604 
366 0.232431
367 0.232495
368 0.232021
369 0.23379
370 0.235664
371 0.23177
372 0.230788
373 0.232392
374 0.232169
375 0.231667
376 0.233545
377 0.232631
378 0.233645
379 0.236222
380 0.236832
381 0.236893 
382 0.237591
383 0.239559
384 0.238577
385 0.238358
386 0.237514
387 0.236326
388 0.234729
389 0.235403
390 0.229202
391 0.230958
392 0.228212
393 0.227827
394 0.225605
395 0.225359
396 0.223265
397 0.224316 
398 0.223323
399 0.223499
400 0.224041
401 0.222596
402 0.223648
403 0.222466
404 0.222338
405 0.22234
406 0.221655
407 0.224153
408 0.222701
409 0.222414
410 0.222613
411 0.220125
412 0.2193
413 0.220054 
414 0.219332
415 0.218297
416 0.219965
417 0.218622
418 0.218636
419 0.219169
420 0.219208
421 0.217117
422 0.217622
423 0.218004
424 0.216668
425 0.215952
426 0.217568
427 0.217703
428 0.217162
429 0.216579 
430 0.21566
431 0.217226
432 0.215973
433 0.215612
434 0.215841
435 0.218459
436 0.219312
437 0.225805
438 0.229446
439 0.232169
440 0.235959
441 0.234896
442 0.238659
443 0.243152
444 0.227674
445 0.231787 
446 0.231409
447 0.229242
448 0.22458
449 0.218963
450 0.216477
451 0.215247
452 0.21466
453 0.214216
454 0.214038
455 0.213573
456 0.210432
457 0.211716
458 0.215959
459 0.214284
460 0.211884
461 0.214068 
462 0.214624
463 0.215747
464 0.2151
465 0.21463
466 0.215727
467 0.215801
468 0.215538
469 0.222056
470 0.217603
471 0.219402
472 0.220875
473 0.22233
474 0.2226
475 0.223507
476 0.224995
477 0.226415 
478 0.22569
479 0.229019
480 0.231113
481 0.233196
482 0.235505
483 0.242983
484 0.248579
485 0.256023
486 0.271639
487 0.29477
488 0.333883
489 0.398268
490 0.503742
491 0.636983
492 0.705853
493 0.637204 
494 0.489563
495 0.36397
496 0.296225
497 0.266265
498 0.254592
499 0.246153
500 0.240852
501 0.237039
502 0.238652
503 0.233825
504 0.221815
505 0.228639
506 0.225524
507 0.223947
508 0.222568
509 0.220295 
510 0.216899
511 0.211674
512 0.211733
513 0.211592
514 0.208477
515 0.207092
516 0.20711
517 0.200974
518 0.201427
519 0.19921
520 0.19882
521 0.196279
522 0.192195
523 0.189951
524 0.188366
525 0.187285 
526 0.183712
527 0.184525
528 0.17985
529 0.17653
530 0.175416
531 0.175163
532 0.173951
533 0.170747
534 0.169227
535 0.168904
536 0.167335
537 0.163467
538 0.163367
539 0.164275
540 0.163405
541 0.161564 
542 0.16088
543 0.158525
544 0.156788
545 0.156282
546 0.155311
547 0.15524
548 0.153573
549 0.1534
550 0.150225
551 0.149585
552 0.144319
553 0.145334
554 0.147009
555 0.145868
556 0.145984
557 0.144101 
558 0.14523
559 0.142503
560 0.140906
561 0.142433
562 0.147286
563 0.142398
564 0.127598
565 0.134608
566 0.135856
567 0.13534
568 0.136772
569 0.135899
570 0.133661
571 0.132987
572 0.131402
573 0.129789 
574 0.12865
575 0.127765
576 0.125515
577 0.124379
578 0.122327
579 0.12272
580 0.121418
581 0.121294
582 0.119854
583 0.119657
584 0.119993
585 0.116712
586 0.115884
587 0.11461
588 0.114745
589 0.113564 
590 0.111397
591 0.110289
592 0.109007
593 0.110645
594 0.107701
595 0.105757
596 0.106231
597 0.102035
598 0.101998
599 0.102505
600 0.104962
601 0.105656
602 0.092679
603 0.09861
604 0.0962779
605 0.0965332 
606 0.0951872
607 0.0937033
608 0.0922038
609 0.0938199
610 0.0943923
611 0.095632
612 0.094711
613 0.0935252
614 0.0947658
615 0.0951745
616 0.0967256
617 0.0782652
618 0.0770414
619 0.0858412
620 0.104937 
621 0.122503
622 0.157556
623 0.262997
624 0.43846
625 0.531576
626 0.394008
627 0.235339
628 0.172167
629 0.14737
630 0.131757
631 0.11723
632 0.106941
633 0.0972306
634 0.0912378
635 0.0825473
636 0.0777929 
637 0.0730615
638 0.0713507
639 0.0680494
640 0.0669553
641 0.0630202
642 0.059766
643 0.0568581
644 0.0605175
645 0.0614416
646 0.0611299
647 0.0655792
648 0.100711
649 0.0361511
650 0.0551338
651 0.0575229 
652 0.056891
653 0.0561775
654 0.0507296
655 0.0514524
656 0.0449512
657 0.0472122
658 0.0452387
659 0.0429442
660 0.0448164
661 0.0437825
662 0.0438653
663 0.0402657
664 0.0393207
665 0.0400263
666 0.0381456 
667 0.0381212
668 0.0365666
669 0.0357921
670 0.0355228
671 0.03667
672 0.0349699
673 0.033315
674 0.0369479
675 0.0361335
676 0.0347832
677 0.034361
678 0.0334065
679 0.0318838
680 0.0325683
681 0.0332814 
682 0.03349
683 0.0467775
684 0.034228
685 0.0343296
686 0.0487295
687 0.0372401
688 0.0374015
689 0.0347128
690 0.0391269
691 0.0381249
692 0.0395311
693 0.0371134
694 0.0363923
695 0.0392669
696 0.0398031 
697 0.0391917
698 0.039481
699 0.0403327
700 0.041432
701 0.0414165
702 0.044206
703 0.0471946
704 0.0438149
705 0.0410643
706 0.046926
707 0.0462964
708 0.0500113
709 0.0450144
710 0.0465794
711 0.053596 
712 0.06193
713 0.0794055
714 0.104091
715 0.131165
716 0.151963
717 0.262708
718 0.328467
719 0.40428
720 0.46875
721 0.492419
722 0.472068
723 0.411942
724 0.321526
725 0.232934
726 0.162262
727 0.119479 
728 0.10212
729 0.0943108
730 0.0898565
731 0.0883827
732 0.0852309
733 0.0844032
734 0.084133
735 0.0874079
736 0.0910947
737 0.096856
738 0.107122
739 0.12417
740 0.166554
741 0.270797
742 0.443153 
743 0.586824
744 0.568171
745 0.403963
746 0.259403
747 0.187868
748 0.153757
749 0.135702
750 0.124246
751 0.114547
752 0.104427
753 0.0970745
754 0.092164
755 0.0847935
756 0.0780534
757 0.0721015
758 0.0669386
759 0.0611644
760 0.0587337
761 0.0556827
762 0.0521993
763 0.0498957
764 0.0482626
765 0.0450409
766 0.0429267
767 0.0390168
768 0.041344
769 0.0379527
770 0.0346751
771 0.0347544
772 0.0332189 
773 0.0314657
774 0.0309109
775 0.0272862
776 0.0310595
777 0.0280725
778 0.0263178
779 0.0257981
780 0.0250374
781 0.0230944
782 0.0208019
783 0.0168117
784 0.0205312
785 0.0198502
786 0.0171127
787 0.0173611
788 0.0176715
789 0.0139826
790 0.0202455
791 0.0136432
792 0.0179517
793 0.0126529
794 0.0127231
795 0.0121243
796 0.0116168
797 0.0109548
798 0.0124658
799 0.0128144
800 0.016577
801 0.0190748 
802 0.0213397
803 0.0267081
804 0.0343258
805 0.0430395
806 0.0559448
807 0.082148
808 0.162994
809 0.324027
810 0.513834
811 0.646503
812 0.687176
813 0.570501
814 0.376489
815 0.218365
816 0.146861 
817 0.114999
818 0.0951172
819 0.080523
820 0.0652727
821 0.0536767
822 0.0423191
823 0.0359847
824 0.0333498
825 0.0236346
826 0.0198512
827 0.0157342
828 0.0129152
829 0.0101062
830 0.0071856
831 0.00544962 
832 0.00444879
833 0.00650425
834 0.00268198
835 0.000599985
836 -0.00123937
837 -0.00368345
838 -0.00223257
839 -0.00339227
840 -0.000652323
841 -0.00265076
842 -0.00482547
843 -0.00805593
844 -0.008408 
845 -0.00777186
846 -0.00560865
847 -0.00651576
848 -0.00735815
849 -0.0078779
850 -0.00821593
851 -0.00764893
852 -0.0118738
853 -0.0129023
854 -0.0142969
855 -0.0106455
856 -0.0128038
857 -0.0115951 
858 -0.0115152
859 -0.0124149
860 -0.015867
861 -0.0157739
862 -0.0156791
863 -0.0164039
864 -0.0143562
865 -0.0133687
866 -0.0156329
867 -0.0164262
868 -0.0193198
869 -0.0189824
870 -0.0184091
871 -0.0225487 
872 -0.020816
873 -0.0210493
874 -0.02065
875 -0.01732
876 -0.0213557
877 -0.0340986
878 -0.0156469
879 -0.0186687
880 -0.0308395
881 -0.0197456
882 -0.0172949
883 -0.0146929
884 -0.0143571
885 -0.00349819 
886 0.0203729
887 0.0365113
888 0.0549197
889 0.0576502
890 0.0428982
891 0.014603
892 -0.0126218
893 -0.0269423
894 -0.0292136
895 -0.0342791
896 -0.033819
897 -0.0372341
898 -0.0384157
899 -0.0391531 
900 -0.0376066
901 -0.0391091
902 -0.040869
903 -0.0432591
904 -0.0441893
905 -0.0447734
906 -0.0463627
907 -0.0476903
908 -0.0509572
909 -0.046731
910 -0.050743
911 -0.0497945
912 -0.0528706
913 -0.0539277 
914 -0.0566023
915 -0.0559643
916 -0.0583925
917 -0.0600527
918 -0.0603779
919 -0.0591516
920 -0.0599307
921 -0.0605006
922 -0.0597081
923 -0.0593148
924 -0.0610619
925 -0.0622422
926 -0.0611379
927 -0.0617238 
928 -0.0624357
929 -0.0640836
930 -0.0625092
931 -0.0661321
932 -0.0657686
933 -0.0651472
934 -0.0673504
935 -0.0655738
936 -0.0648404
937 -0.0679547
938 -0.0718338
939 -0.0727535
940 -0.0719587
941 -0.0722764 
942 -0.0743996
943 -0.0763064
944 -0.0758151
945 -0.0752651
946 -0.0743998
947 -0.0732636
948 -0.0730139
949 -0.0716112
950 -0.0707566
951 -0.0734821
952 -0.0761935
953 -0.0777817
954 -0.0751036
955 -0.0762061 
956 -0.0779315
957 -0.0750933
958 -0.0739204
959 -0.0737077
960 -0.0733406
961 -0.0727916
962 -0.0734785
963 -0.0701346
964 -0.0719878
965 -0.072916
966 -0.074246
967 -0.0772387
968 -0.0727583
969 -0.0741513 
970 -0.0744041
971 -0.071595
972 -0.0670763
973 -0.0725128
974 -0.0723573
975 -0.0710766
976 -0.0715943
977 -0.0702191
978 -0.062478
979 -0.0576904
980 -0.0551792
981 -0.0328756
982 0.00884926
983 0.0723121 
984 0.153558
985 0.202239
986 0.183047
987 0.1176
988 0.0411283
989 -0.0114848
990 -0.0438048
991 -0.0600027
992 -0.064139
993 -0.0699569
994 -0.0706661
995 -0.070124
996 -0.0703956
997 -0.0717541
998 -0.0725767
999 -0.0769244
1000 -0.0797951
1001 -0.0796975
1002 -0.0832795
1003 -0.0846355
1004 -0.0865937
1005 -0.0880856
1006 -0.0896547
1007 -0.092133
1008 -0.0920532
1009 -0.0973222
1010 -0.0931575 
1011 -0.100809
1012 -0.0976537
1013 -0.100576
1014 -0.0954098
1015 -0.0955007
1016 -0.119987
1017 -0.0985786
1018 -0.103437
1019 -0.100576
1020 -0.101415
1021 -0.111787
1022 -0.103689
1023 -0.108335
1024 -0.110913
1025 -0.111237
1026 -0.107982
1027 -0.110882
1028 -0.114671
1029 -0.10944
1030 -0.118659
1031 -0.122492
1032 -0.121271
1033 -0.114423
1034 -0.117186
1035 -0.118542
1036 -0.118602
1037 -0.120961 
1038 -0.119716
1039 -0.116647
1040 -0.112571
1041 -0.120123
1042 -0.125735
1043 -0.116136
1044 -0.113607
1045 -0.121716
1046 -0.120041
1047 -0.120185
1048 -0.1218
1049 -0.12639
1050 -0.118513
1051 -0.120585 
1052 -0.124467
1053 -0.128354
1054 -0.135689
1055 -0.128779
1056 -0.127076
1057 -0.121307
1058 -0.127161
1059 -0.13279
1060 -0.126174
1061 -0.125104
1062 -0.130043
1063 -0.126218
1064 -0.123332
1065 -0.12192 
1066 -0.129178
1067 -0.123371
1068 -0.12523
1069 -0.126687
1070 -0.128917
1071 -0.125443
1072 -0.123075
1073 -0.124735
1074 -0.123856
1075 -0.125238
1076 -0.124258
1077 -0.126955
1078 -0.128214
1079 -0.122157 
1080 -0.109597
1081 -0.0838541
1082 -0.0155466
1083 0.0438775
1084 0.0313324
1085 -0.0459875
1086 -0.0731644
1087 -0.0829194
1088 -0.0812604
1089 -0.0817975
1090 -0.0505752
1091 0.0176663
1092 0.0947204 
1093 0.209411
1094 0.249455
1095 0.231179
1096 0.126429
1097 0.0175706
1098 -0.0336402
1099 -0.0575951
1100 -0.0695888
1101 -0.0785305
1102 -0.0851463
1103 -0.0859317
1104 -0.0934543
1105 -0.102017
1106 -0.106728
1107 -0.1017
1108 -0.109484
1109 -0.107665
1110 -0.115124
1111 -0.113039
1112 -0.107686
1113 -0.132639
1114 -0.117557
1115 -0.125577
1116 -0.120803
1117 -0.122249
1118 -0.123314
1119 -0.126029 
1120 -0.129199
1121 -0.129762
1122 -0.130304
1123 -0.127118
1124 -0.126035
1125 -0.124523
1126 -0.125617
1127 -0.123315
1128 -0.122189
1129 -0.116466
1130 -0.114715
1131 -0.114082
1132 -0.109425
1133 -0.106154
1134 -0.099532
1135 -0.0892329
1136 -0.0645173
1137 0.00876363
1138 0.137189
1139 0.31204
1140 0.449769
1141 0.384045
1142 0.21854
1143 0.162526
1144 0.203163
1145 0.242199
1146 0.17333
1147 0.0444781
1148 -0.0102018
1149 -0.0464135
1150 -0.0777934
1151 -0.110367
1152 -0.12754
1153 -0.120102
1154 -0.113032
1155 -0.109942
1156 -0.121255
1157 -0.121293
1158 -0.125789
1159 -0.127257
1160 -0.118595 
1161 -0.133379
1162 -0.137797
1163 -0.140988
1164 -0.138616
1165 -0.142638
1166 -0.139533
1167 -0.130964
1168 -0.142532
1169 -0.139706
1170 -0.140184
1171 -0.129152
1172 -0.137888
1173 -0.142396
1174 -0.138131
1175 -0.140566
1176 -0.136942
1177 -0.13918
1178 -0.143766
1179 -0.140967
1180 -0.142098
1181 -0.136146
1182 -0.137891
1183 -0.138003
1184 -0.13749
1185 -0.133218
1186 -0.134175
1187 -0.132841 
1188 -0.132815
1189 -0.132951
1190 -0.130985
1191 -0.128715
1192 -0.122687
1193 -0.125961
1194 -0.12372
1195 -0.126009
1196 -0.123765
1197 -0.120367
1198 -0.121038
1199 -0.119314
1200 -0.120004
1201 -0.116131 
1202 -0.116791
1203 -0.114807
1204 -0.111734
1205 -0.10959
1206 -0.108931
1207 -0.107237
1208 -0.105783
1209 -0.106703
1210 -0.0978348
1211 -0.0998862
1212 -0.0978065
1213 -0.0991387
1214 -0.100307
1215 -0.0954531
1216 -0.0972527
1217 -0.0904491
1218 -0.0873085
1219 -0.0954556
1220 -0.0885884
1221 -0.0863885
1222 -0.0795996
1223 -0.0868622
1224 -0.0718549
1225 -0.0612911
1226 0.189256
1227 0.321513
1228 0.362359
1229 0.438885
1230 0.42121
1231 0.449577
1232 0.461882
1233 0.480157
1234 0.463129
1235 0.494711
1236 0.462692
1237 0.513085
1238 0.507187
1239 0.509756
1240 0.451092
