:runabs2_sun  from pixel 0 to 1240 from stripe 4 to 14
:I0 number of accum:  10
:Sample number of accum: 10
:Sample position : alfie
:I0 position  : i0_alfie
:Integration time sample (ms) : 20
:Integration time I0 (ms) : 0.5
:file_descriptor : gete
:background substraction YES
:background acquisition YES
:N 
: Mon Oct  6 02:36:14 2003
0 0.176006
1 0.0923358
2 0.0503345
3 0.0270007
4 0.0141448
5 0.00506682
6 -0.00205675
7 -0.00714774
8 -0.013205
9 -0.0168821
10 -0.0231819
11 -0.0279111
12 -0.0304035
13 -0.0323335
14 -0.0344957
15 -0.0329571 
16 -0.0334648
17 -0.0333673
18 -0.0330658
19 -0.0318282
20 -0.0293103
21 -0.025482
22 -0.0250707
23 -0.019453
24 -0.0138075
25 -0.00481424
26 0.0033858
27 0.0135334
28 0.0249825
29 0.0402109
30 0.0622993 
31 0.0838161
32 0.115992
33 0.145341
34 0.179706
35 0.217541
36 0.230965
37 0.194021
38 0.107322
39 0.0276925
40 -0.0170269
41 -0.0296587
42 -0.0349831
43 -0.0404462
44 -0.0406343
45 -0.0447828
46 -0.0467625 
47 -0.0481242
48 -0.0489392
49 -0.049145
50 -0.0513677
51 -0.0525445
52 -0.0539971
53 -0.052409
54 -0.0530459
55 -0.0522682
56 -0.0515534
57 -0.0514968
58 -0.0496073
59 -0.0456663
60 -0.0409604
61 -0.0390567 
62 -0.0340711
63 -0.0258167
64 -0.0202599
65 -0.00860777
66 0.0161933
67 0.0609263
68 0.102125
69 0.0988112
70 0.0674892
71 0.0193036
72 -0.0427748
73 -0.0626385
74 -0.0709844
75 -0.0744068
76 -0.074845 
77 -0.0758806
78 -0.0748388
79 -0.0767306
80 -0.0778668
81 -0.0800341
82 -0.0806921
83 -0.0821387
84 -0.0816381
85 -0.0847393
86 -0.0859383
87 -0.0856539
88 -0.0870592
89 -0.0882852
90 -0.0902861
91 -0.0888276 
92 -0.0952421
93 -0.0917145
94 -0.0947882
95 -0.0948863
96 -0.0956794
97 -0.0971281
98 -0.0976774
99 -0.0991144
100 -0.100644
101 -0.100344
102 -0.100733
103 -0.1045
104 -0.104203
105 -0.105577
106 -0.106172 
107 -0.104681
108 -0.106768
109 -0.107159
110 -0.107162
111 -0.108131
112 -0.104382
113 -0.112076
114 -0.108068
115 -0.110294
116 -0.11028
117 -0.10977
118 -0.111134
119 -0.110231
120 -0.108762
121 -0.111232 
122 -0.110799
123 -0.110497
124 -0.111283
125 -0.110857
126 -0.110159
127 -0.109025
128 -0.109119
129 -0.108671
130 -0.107894
131 -0.109287
132 -0.108216
133 -0.107889
134 -0.1064
135 -0.106454
136 -0.105622 
137 -0.105745
138 -0.103302
139 -0.101549
140 -0.099581
141 -0.0963069
142 -0.0940623
143 -0.0885533
144 -0.0832403
145 -0.0757622
146 -0.0675654
147 -0.0563612
148 -0.0388824
149 -0.015918
150 0.019861 
151 0.0745525
152 0.163756
153 0.300473
154 0.464815
155 0.635817
156 0.733053
157 0.748353
158 0.715554
159 0.667513
160 0.61326
161 0.554318
162 0.493149
163 0.430252
164 0.384054
165 0.336351
166 0.309904 
167 0.288961
168 0.275414
169 0.268842
170 0.261972
171 0.2596
172 0.259019
173 0.259059
174 0.257451
175 0.254483
176 0.252147
177 0.252454
178 0.252378
179 0.25199
180 0.251212
181 0.253343
182 0.253374 
183 0.255121
184 0.259755
185 0.258544
186 0.263284
187 0.266156
188 0.269881
189 0.270869
190 0.271513
191 0.27208
192 0.272499
193 0.271418
194 0.258797
195 0.269617
196 0.256633
197 0.253631
198 0.250356 
199 0.247508
200 0.24551
201 0.244581
202 0.245208
203 0.243805
204 0.244756
205 0.242763
206 0.239892
207 0.238262
208 0.233096
209 0.227069
210 0.222138
211 0.219159
212 0.216393
213 0.212428
214 0.208669 
215 0.20838
216 0.208166
217 0.209441
218 0.211332
219 0.213292
220 0.217575
221 0.221387
222 0.227553
223 0.23197
224 0.236472
225 0.239822
226 0.246334
227 0.248692
228 0.252528
229 0.255548
230 0.258331 
231 0.258728
232 0.257351
233 0.258564
234 0.252235
235 0.255569
236 0.253432
237 0.251189
238 0.250012
239 0.246621
240 0.243917
241 0.243827
242 0.245023
243 0.245331
244 0.243832
245 0.242852
246 0.241735 
247 0.239622
248 0.236933
249 0.235449
250 0.233933
251 0.233134
252 0.231012
253 0.228608
254 0.227387
255 0.224222
256 0.224247
257 0.219966
258 0.222322
259 0.219709
260 0.217902
261 0.216326
262 0.213652 
263 0.212351
264 0.211834
265 0.20979
266 0.207386
267 0.207068
268 0.206511
269 0.204764
270 0.205017
271 0.20499
272 0.204277
273 0.204539
274 0.204118
275 0.203024
276 0.20262
277 0.203598
278 0.20208 
279 0.201818
280 0.204512
281 0.206668
282 0.207724
283 0.209697
284 0.208738
285 0.207329
286 0.208898
287 0.209121
288 0.208509
289 0.209352
290 0.207043
291 0.204754
292 0.205842
293 0.206296
294 0.205099 
295 0.205302
296 0.205991
297 0.205353
298 0.206493
299 0.205293
300 0.203774
301 0.20291
302 0.201707
303 0.198791
304 0.201395
305 0.199951
306 0.202209
307 0.199704
308 0.197749
309 0.196566
310 0.193426 
311 0.199532
312 0.187107
313 0.193798
314 0.192265
315 0.191345
316 0.189401
317 0.187094
318 0.185682
319 0.186
320 0.185758
321 0.18618
322 0.184312
323 0.182366
324 0.180428
325 0.178793
326 0.178318 
327 0.177719
328 0.176516
329 0.177496
330 0.175683
331 0.175437
332 0.174977
333 0.170059
334 0.173065
335 0.170074
336 0.168966
337 0.165707
338 0.164517
339 0.164721
340 0.161297
341 0.159467
342 0.154857 
343 0.149518
344 0.162164
345 0.155897
346 0.15726
347 0.158681
348 0.157796
349 0.156467
350 0.155248
351 0.145612
352 0.153361
353 0.156759
354 0.155672
355 0.155456
356 0.157054
357 0.154389
358 0.153818 
359 0.153117
360 0.152425
361 0.152749
362 0.15342
363 0.152517
364 0.153146
365 0.152599
366 0.152824
367 0.151867
368 0.150171
369 0.14857
370 0.14694
371 0.142919
372 0.146608
373 0.145235
374 0.146518 
375 0.146205
376 0.144112
377 0.144231
378 0.143056
379 0.142865
380 0.141787
381 0.141425
382 0.140503
383 0.140161
384 0.1397
385 0.140509
386 0.140635
387 0.140827
388 0.140479
389 0.138294
390 0.138088 
391 0.139307
392 0.137305
393 0.138324
394 0.135535
395 0.135387
396 0.133592
397 0.133204
398 0.133518
399 0.132283
400 0.132135
401 0.130819
402 0.132121
403 0.131311
404 0.129607
405 0.12942
406 0.127329 
407 0.127902
408 0.126829
409 0.123293
410 0.123566
411 0.121942
412 0.124104
413 0.123326
414 0.12155
415 0.122414
416 0.120236
417 0.119251
418 0.117135
419 0.116552
420 0.115157
421 0.114472
422 0.116245 
423 0.113541
424 0.113431
425 0.113027
426 0.112141
427 0.111576
428 0.111169
429 0.111704
430 0.109693
431 0.110601
432 0.110342
433 0.107716
434 0.106992
435 0.106054
436 0.105787
437 0.108017
438 0.107309 
439 0.106527
440 0.104577
441 0.102003
442 0.108983
443 0.108379
444 0.0962087
445 0.104783
446 0.104384
447 0.102902
448 0.102207
449 0.103312
450 0.101504
451 0.101579
452 0.101671
453 0.101625
454 0.100245
455 0.0972193
456 0.0940453
457 0.0956742
458 0.0965305
459 0.0975687
460 0.096002
461 0.0934957
462 0.0961477
463 0.0953333
464 0.0949327
465 0.0947977
466 0.0951407
467 0.0942049
468 0.0933709 
469 0.0974096
470 0.0923854
471 0.0943307
472 0.0945285
473 0.0935356
474 0.0907142
475 0.0906394
476 0.0904329
477 0.0887161
478 0.0882801
479 0.0879311
480 0.0876821
481 0.0871039
482 0.0870333
483 0.0877768
484 0.0874198
485 0.0855135
486 0.083779
487 0.0840297
488 0.0850973
489 0.0845455
490 0.0825541
491 0.0817583
492 0.0825774
493 0.0818427
494 0.0799209
495 0.0840079
496 0.079661
497 0.0821229 
498 0.0834995
499 0.0815619
500 0.0810194
501 0.080451
502 0.0781988
503 0.0715666
504 0.07465
505 0.0766243
506 0.0750927
507 0.076109
508 0.0756035
509 0.0751939
510 0.0754032
511 0.0749854
512 0.0742605 
513 0.072358
514 0.0712606
515 0.0710557
516 0.0699797
517 0.0686605
518 0.0681998
519 0.0685044
520 0.0684526
521 0.0683919
522 0.0688333
523 0.0685478
524 0.0710292
525 0.0759586
526 0.0793234
527 0.0845403 
528 0.0889356
529 0.0900958
530 0.0891179
531 0.0874155
532 0.0842713
533 0.079237
534 0.0809318
535 0.0832899
536 0.0838677
537 0.0831854
538 0.084288
539 0.075636
540 0.0707435
541 0.069059
542 0.0698769 
543 0.0706397
544 0.0700662
545 0.0707289
546 0.0714307
547 0.0718147
548 0.073153
549 0.0741796
550 0.0760581
551 0.0793475
552 0.0809525
553 0.0876597
554 0.0998152
555 0.118544
556 0.144743
557 0.18437 
558 0.240899
559 0.306242
560 0.371409
561 0.451767
562 0.557447
563 0.64361
564 0.611842
565 0.467746
566 0.297938
567 0.183748
568 0.127134
569 0.105089
570 0.0919259
571 0.0860574
572 0.0813188
573 0.07777
574 0.0753555
575 0.0721763
576 0.0693993
577 0.0674767
578 0.0649828
579 0.0630726
580 0.0586444
581 0.0579208
582 0.0546509
583 0.0524125
584 0.0496071
585 0.0481758
586 0.0482325
587 0.0463496 
588 0.0444512
589 0.0442031
590 0.0403228
591 0.0350581
592 0.0308301
593 0.0262524
594 0.0247831
595 0.0222486
596 0.019796
597 0.0174686
598 0.0155664
599 0.0160562
600 0.0118183
601 -0.00433526
602 0.00203103
603 0.00865808
604 0.00182204
605 0.000603267
606 -0.000869986
607 -0.00495417
608 -0.00336344
609 -0.00462445
610 -0.00546836
611 -0.00700841
612 -0.00913893
613 -0.00940347
614 -0.0117162 
615 -0.00843857
616 -0.0174831
617 -0.0131859
618 -0.0116049
619 -0.0135638
620 -0.0140416
621 -0.0130851
622 -0.0142455
623 -0.00840682
624 0.0108481
625 0.0678648
626 0.218828
627 0.351397
628 0.352505 
629 0.259195
630 0.188001
631 0.140676
632 0.106703
633 0.0844424
634 0.0635069
635 0.0456151
636 0.0319635
637 0.0221248
638 0.0114022
639 0.00408703
640 -0.00544455
641 -0.0132685
642 -0.0258538
643 -0.0317528
644 -0.0328092
645 -0.0371183
646 -0.0423189
647 -0.0176862
648 -0.0697467
649 -0.0706985
650 -0.0558835
651 -0.0578875
652 -0.0629502
653 -0.067674
654 -0.0723494
655 -0.0782059
656 -0.0791817 
657 -0.0829477
658 -0.0861628
659 -0.0907078
660 -0.0935059
661 -0.0969551
662 -0.0993631
663 -0.104442
664 -0.105107
665 -0.109205
666 -0.11258
667 -0.11577
668 -0.117421
669 -0.118781
670 -0.121399 
671 -0.125066
672 -0.125075
673 -0.127832
674 -0.130462
675 -0.134901
676 -0.139692
677 -0.141337
678 -0.143104
679 -0.144727
680 -0.146614
681 -0.147791
682 -0.149237
683 -0.153905
684 -0.160959
685 -0.155584
686 -0.166835
687 -0.167066
688 -0.168198
689 -0.170552
690 -0.169044
691 -0.181167
692 -0.178189
693 -0.180791
694 -0.181576
695 -0.185702
696 -0.188639
697 -0.188948
698 -0.192184
699 -0.193887 
700 -0.196128
701 -0.196975
702 -0.19459
703 -0.200071
704 -0.20126
705 -0.202214
706 -0.208238
707 -0.207419
708 -0.204705
709 -0.210173
710 -0.210417
711 -0.209081
712 -0.204237
713 -0.200019
714 -0.200184 
715 -0.187092
716 -0.209517
717 -0.175305
718 -0.162517
719 -0.11856
720 -0.0112236
721 0.111897
722 0.164241
723 0.103388
724 0.0104627
725 -0.0422047
726 -0.0738326
727 -0.0950626
728 -0.111683
729 -0.124104
730 -0.137296
731 -0.146127
732 -0.160898
733 -0.173802
734 -0.178386
735 -0.187628
736 -0.195848
737 -0.200393
738 -0.204746
739 -0.209472
740 -0.216461
741 -0.220699
742 -0.215609
743 -0.227513 
744 -0.224601
745 -0.226856
746 -0.233942
747 -0.237165
748 -0.234715
749 -0.236966
750 -0.242061
751 -0.24172
752 -0.241697
753 -0.242759
754 -0.242372
755 -0.241771
756 -0.243258
757 -0.242974
758 -0.245038 
759 -0.242788
760 -0.245881
761 -0.244888
762 -0.24476
763 -0.244969
764 -0.243719
765 -0.243519
766 -0.237132
767 -0.238238
768 -0.236068
769 -0.233754
770 -0.23245
771 -0.2324
772 -0.229155
773 -0.226992 
774 -0.223737
775 -0.222533
776 -0.216127
777 -0.22058
778 -0.213193
779 -0.218153
780 -0.216576
781 -0.216915
782 -0.213935
783 -0.211263
784 -0.194302
785 -0.167768
786 -0.0979325
787 0.0322588
788 0.141694
789 0.119395
790 0.0495891
791 -0.00982988
792 -0.0469355
793 -0.0711246
794 -0.0964287
795 -0.113578
796 -0.124034
797 -0.132581
798 -0.139774
799 -0.145613
800 -0.146845
801 -0.148259
802 -0.149785 
803 -0.14746
804 -0.142447
805 -0.129381
806 -0.0814033
807 0.0356061
808 0.156452
809 0.155936
810 0.0718313
811 0.0130936
812 -0.0259553
813 -0.045552
814 -0.0592379
815 -0.0725505
816 -0.0843994
817 -0.094485
818 -0.101951
819 -0.108115
820 -0.111539
821 -0.118277
822 -0.122574
823 -0.124289
824 -0.126465
825 -0.123084
826 -0.118966
827 -0.107277
828 -0.088605
829 -0.0582484
830 -0.0274035
831 0.00256629 
832 0.0332872
833 0.0742219
834 0.117528
835 0.169598
836 0.201294
837 0.206015
838 0.191508
839 0.170832
840 0.15322
841 0.11686
842 0.0544736
843 -0.024732
844 -0.0890734
845 -0.124038
846 -0.133907 
847 -0.137409
848 -0.138343
849 -0.140256
850 -0.142344
851 -0.143893
852 -0.151296
853 -0.151394
854 -0.154666
855 -0.154915
856 -0.157294
857 -0.155233
858 -0.157399
859 -0.160034
860 -0.16162
861 -0.161828 
862 -0.162509
863 -0.165007
864 -0.16401
865 -0.166968
866 -0.167202
867 -0.166467
868 -0.167972
869 -0.168118
870 -0.165887
871 -0.1691
872 -0.165912
873 -0.165417
874 -0.165911
875 -0.167712
876 -0.162795 
877 -0.180634
878 -0.169046
879 -0.168591
880 -0.175656
881 -0.169637
882 -0.174452
883 -0.175273
884 -0.177742
885 -0.181629
886 -0.176466
887 -0.182007
888 -0.181598
889 -0.181714
890 -0.182311
891 -0.186283
892 -0.183993
893 -0.187033
894 -0.186187
895 -0.187559
896 -0.187395
897 -0.187874
898 -0.188792
899 -0.189752
900 -0.188109
901 -0.187808
902 -0.189127
903 -0.19063
904 -0.190224
905 -0.191629 
906 -0.190466
907 -0.191586
908 -0.194043
909 -0.191975
910 -0.194351
911 -0.19424
912 -0.197866
913 -0.198791
914 -0.199691
915 -0.199884
916 -0.200521
917 -0.199665
918 -0.199948
919 -0.198908
920 -0.199419 
921 -0.199797
922 -0.199232
923 -0.200585
924 -0.201545
925 -0.20281
926 -0.199192
927 -0.19826
928 -0.198081
929 -0.197478
930 -0.194393
931 -0.196461
932 -0.193844
933 -0.191989
934 -0.192703
935 -0.188995 
936 -0.183415
937 -0.180059
938 -0.178328
939 -0.174888
940 -0.169717
941 -0.16232
942 -0.144527
943 -0.119824
944 -0.0800682
945 -0.0353097
946 0.00967531
947 0.0569119
948 0.113728
949 0.181261
950 0.24151
951 0.260226
952 0.2098
953 0.104376
954 0.0056354
955 -0.0656356
956 -0.109737
957 -0.135521
958 -0.154485
959 -0.165819
960 -0.173824
961 -0.177713
962 -0.179191
963 -0.179376
964 -0.183737
965 -0.186307
966 -0.188205
967 -0.190278
968 -0.188466
969 -0.191407
970 -0.192405
971 -0.194353
972 -0.190953
973 -0.194784
974 -0.195057
975 -0.196424
976 -0.200572
977 -0.201079
978 -0.19796
979 -0.196243 
980 -0.198597
981 -0.199911
982 -0.201353
983 -0.202131
984 -0.204352
985 -0.208062
986 -0.208398
987 -0.208622
988 -0.209942
989 -0.209581
990 -0.211114
991 -0.212254
992 -0.213981
993 -0.216347
994 -0.21665
995 -0.215396
996 -0.217831
997 -0.219743
998 -0.21975
999 -0.220781
1000 -0.220883
1001 -0.219381
1002 -0.222397
1003 -0.222274
1004 -0.221642
1005 -0.221097
1006 -0.222302
1007 -0.221721
1008 -0.221124
1009 -0.220728
1010 -0.220935
1011 -0.221149
1012 -0.218123
1013 -0.216335
1014 -0.208048
1015 -0.20722
1016 -0.202263
1017 -0.19812
1018 -0.198306
1019 -0.197523
1020 -0.18848
1021 -0.19815 
1022 -0.181142
1023 -0.181331
1024 -0.16631
1025 -0.150666
1026 -0.141509
1027 -0.147835
1028 -0.16644
1029 -0.199697
1030 -0.220903
1031 -0.227059
1032 -0.229384
1033 -0.228919
1034 -0.229494
1035 -0.23109 
1036 -0.229739
1037 -0.230845
1038 -0.230192
1039 -0.228037
1040 -0.226711
1041 -0.227658
1042 -0.230361
1043 -0.22481
1044 -0.224938
1045 -0.228196
1046 -0.224616
1047 -0.228562
1048 -0.227383
1049 -0.230945 
1050 -0.227548
1051 -0.230297
1052 -0.235372
1053 -0.240509
1054 -0.243808
1055 -0.234858
1056 -0.233343
1057 -0.229771
1058 -0.235534
1059 -0.236016
1060 -0.234542
1061 -0.2345
1062 -0.23264
1063 -0.233958 
1064 -0.230862
1065 -0.2279
1066 -0.228884
1067 -0.229671
1068 -0.227524
1069 -0.224681
1070 -0.218455
1071 -0.182735
1072 -0.105276
1073 -0.047306
1074 -0.0722854
1075 -0.123952
1076 -0.156632
1077 -0.178099 
1078 -0.188747
1079 -0.196476
1080 -0.199241
1081 -0.204325
1082 -0.209344
1083 -0.211476
1084 -0.211837
1085 -0.219689
1086 -0.219585
1087 -0.217801
1088 -0.218984
1089 -0.220608
1090 -0.219187
1091 -0.21683
1092 -0.216992
1093 -0.215313
1094 -0.215406
1095 -0.215706
1096 -0.215504
1097 -0.215949
1098 -0.215926
1099 -0.211173
1100 -0.210019
1101 -0.20974
1102 -0.203347
1103 -0.197058
1104 -0.179555 
1105 -0.137022
1106 -0.0507682
1107 0.0489924
1108 0.0720924
1109 0.00439208
1110 -0.0827258
1111 -0.113697
1112 -0.138619
1113 -0.144066
1114 -0.147194
1115 -0.160812
1116 -0.15974
1117 -0.166962
1118 -0.168765
1119 -0.173204
1120 -0.180819
1121 -0.183429
1122 -0.187125
1123 -0.189982
1124 -0.1935
1125 -0.195413
1126 -0.197224
1127 -0.200936
1128 -0.201306
1129 -0.202998
1130 -0.20447
1131 -0.206581 
1132 -0.205606
1133 -0.205849
1134 -0.209473
1135 -0.213246
1136 -0.218182
1137 -0.201892
1138 -0.217416
1139 -0.212421
1140 -0.213022
1141 -0.214758
1142 -0.215076
1143 -0.215843
1144 -0.218034
1145 -0.212308
1146 -0.213203
1147 -0.217027
1148 -0.214131
1149 -0.214973
1150 -0.214696
1151 -0.216867
1152 -0.216267
1153 -0.213972
1154 -0.210154
1155 -0.208839
1156 -0.210371
1157 -0.209329
1158 -0.206674 
1159 -0.203879
1160 -0.198746
1161 -0.194704
1162 -0.194644
1163 -0.193325
1164 -0.187248
1165 -0.182379
1166 -0.168422
1167 -0.13865
1168 -0.0761769
1169 0.0369691
1170 0.155536
1171 0.183519
1172 0.0946874 
1173 0.0171492
1174 0.0209414
1175 0.0804959
1176 0.166725
1177 0.21679
1178 0.151536
1179 0.0752601
1180 0.0231113
1181 -0.00849622
1182 -0.033185
1183 -0.0541207
1184 -0.072079
1185 -0.0806576
1186 -0.0970525
1187 -0.106425
1188 -0.11513
1189 -0.123725
1190 -0.129602
1191 -0.136615
1192 -0.13877
1193 -0.144719
1194 -0.151142
1195 -0.155754
1196 -0.158151
1197 -0.166071
1198 -0.166282
1199 -0.173309 
1200 -0.181703
1201 -0.186328
1202 -0.197939
1203 -0.19562
1204 -0.193141
1205 -0.190139
1206 -0.189976
1207 -0.189697
1208 -0.189418
1209 -0.190802
1210 -0.1901
1211 -0.190144
1212 -0.193518
1213 -0.195042 
1214 -0.193907
1215 -0.194471
1216 -0.197402
1217 -0.192868
1218 -0.194158
1219 -0.198927
1220 -0.196345
1221 -0.198651
1222 -0.195906
1223 -0.203325
1224 -0.219992
1225 -0.189152
1226 0.0363853
1227 0.173209
1228 0.198874
1229 0.295151
1230 0.291327
1231 0.285461
1232 0.304075
1233 0.320222
1234 0.356535
1235 0.355543
1236 0.34186
1237 0.347185
1238 0.375107
1239 0.388051
1240 0.328041
