:runabs2_sun  from pixel 0 to 1240 from stripe 4 to 14
:I0 number of accum:  10
:Sample number of accum: 10
:Sample position : alfie
:I0 position  : i0_alfie
:Integration time sample (ms) : 20
:Integration time I0 (ms) : 0.5
:file_descriptor : gete
:background substraction YES
:background acquisition YES
:N 
: Sun Oct  5 22:09:35 2003
0 -0.0491163
1 -0.0496405
2 -0.0488734
3 -0.0492626
4 -0.0496296
5 -0.0525233
6 -0.0515827
7 -0.0485831
8 -0.0544039
9 -0.0515667
10 -0.0519106
11 -0.0505379
12 -0.0534955
13 -0.0524614
14 -0.0551793
15 -0.0545771
16 -0.0538776
17 -0.0562055
18 -0.0570592
19 -0.0569466
20 -0.0564148
21 -0.0580807
22 -0.0578295
23 -0.0575991
24 -0.0571599
25 -0.0579104
26 -0.0572463
27 -0.0570944
28 -0.0567528
29 -0.0572926 
30 -0.0576726
31 -0.0573529
32 -0.0586659
33 -0.0538462
34 -0.0550722
35 -0.0547268
36 -0.0511169
37 -0.0494508
38 -0.050464
39 -0.0442814
40 -0.0418122
41 -0.0368003
42 -0.0305321
43 -0.0199871
44 -0.00643812 
45 0.0125885
46 0.0400016
47 0.0677625
48 0.0774305
49 0.0881488
50 0.0989553
51 0.104738
52 0.0892767
53 0.0555569
54 -0.00654781
55 -0.0406942
56 -0.0461629
57 -0.0476217
58 -0.0451417
59 -0.0475085 
60 -0.049438
61 -0.0485777
62 -0.0476567
63 -0.046612
64 -0.0456408
65 -0.0406004
66 -0.0394644
67 -0.033148
68 -0.0299817
69 -0.0211465
70 -0.00697599
71 0.0124266
72 0.0453069
73 0.0731898
74 0.104745 
75 0.129053
76 0.143283
77 0.155213
78 0.170382
79 0.185619
80 0.204052
81 0.221235
82 0.234259
83 0.233046
84 0.212087
85 0.169117
86 0.120556
87 0.0777645
88 0.0384443
89 0.00952892
90 -0.00892065
91 -0.0160978
92 -0.0245893
93 -0.0316209
94 -0.0343015
95 -0.0373832
96 -0.0396131
97 -0.0409819
98 -0.043459
99 -0.0469098
100 -0.0490706
101 -0.0531098
102 -0.0525237
103 -0.0551353
104 -0.057196
105 -0.0585418 
106 -0.0629547
107 -0.0624083
108 -0.0648429
109 -0.0655796
110 -0.0677586
111 -0.0666863
112 -0.0687071
113 -0.0696501
114 -0.0698681
115 -0.0734492
116 -0.0724527
117 -0.0757027
118 -0.0737331
119 -0.0760279 
120 -0.0741907
121 -0.076454
122 -0.0773736
123 -0.0766944
124 -0.0804126
125 -0.077324
126 -0.0780936
127 -0.0761181
128 -0.0775774
129 -0.0786261
130 -0.0792852
131 -0.0785938
132 -0.0795617
133 -0.0794095 
134 -0.076985
135 -0.0786506
136 -0.0770606
137 -0.0764518
138 -0.0738583
139 -0.0717204
140 -0.0705869
141 -0.067749
142 -0.065916
143 -0.0608932
144 -0.0571145
145 -0.0515392
146 -0.0422373
147 -0.0304886 
148 -0.0149898
149 0.00765613
150 0.0422408
151 0.0961897
152 0.179993
153 0.298325
154 0.452703
155 0.58678
156 0.687981
157 0.727213
158 0.726952
159 0.704604
160 0.670731
161 0.628203
162 0.582888 
163 0.534185
164 0.489518
165 0.444017
166 0.411992
167 0.378873
168 0.354291
169 0.338217
170 0.325719
171 0.318697
172 0.312317
173 0.309823
174 0.305676
175 0.302771
176 0.300059
177 0.297843
178 0.294588 
179 0.293889
180 0.291826
181 0.292346
182 0.293113
183 0.293615
184 0.30041
185 0.297036
186 0.303067
187 0.310086
188 0.311978
189 0.316783
190 0.3191
191 0.321464
192 0.322457
193 0.321492
194 0.312696 
195 0.324611
196 0.3105
197 0.301739
198 0.298342
199 0.292048
200 0.285613
201 0.283965
202 0.278565
203 0.276093
204 0.275834
205 0.27456
206 0.273699
207 0.27533
208 0.272818
209 0.272654
210 0.268577 
211 0.26684
212 0.266332
213 0.260935
214 0.255762
215 0.255949
216 0.245697
217 0.245219
218 0.243851
219 0.242983
220 0.244253
221 0.24599
222 0.247616
223 0.250386
224 0.254364
225 0.258421
226 0.261976 
227 0.267007
228 0.2707
229 0.275155
230 0.280218
231 0.284491
232 0.286768
233 0.291596
234 0.295784
235 0.295263
236 0.297936
237 0.2992
238 0.298075
239 0.296884
240 0.295045
241 0.293666
242 0.290513 
243 0.28909
244 0.2882
245 0.283675
246 0.280826
247 0.279801
248 0.276019
249 0.274147
250 0.272872
251 0.271992
252 0.269171
253 0.267581
254 0.264943
255 0.266558
256 0.262703
257 0.264104
258 0.258663 
259 0.257493
260 0.254341
261 0.253257
262 0.251309
263 0.250372
264 0.251273
265 0.250009
266 0.248447
267 0.246303
268 0.245127
269 0.246897
270 0.243133
271 0.242827
272 0.242617
273 0.240267
274 0.24095 
275 0.239834
276 0.237404
277 0.239052
278 0.239506
279 0.238618
280 0.237209
281 0.237742
282 0.241834
283 0.240707
284 0.240072
285 0.239387
286 0.243182
287 0.243882
288 0.24333
289 0.243673
290 0.244978 
291 0.245743
292 0.245387
293 0.247344
294 0.24724
295 0.246914
296 0.246763
297 0.246939
298 0.24852
299 0.249989
300 0.248116
301 0.245792
302 0.246382
303 0.2469
304 0.24572
305 0.248469
306 0.248115 
307 0.248406
308 0.247363
309 0.248351
310 0.245403
311 0.248435
312 0.245026
313 0.242706
314 0.242102
315 0.243033
316 0.242038
317 0.239004
318 0.241333
319 0.240513
320 0.236837
321 0.237356
322 0.237139 
323 0.236278
324 0.23441
325 0.234907
326 0.234429
327 0.23483
328 0.23352
329 0.230394
330 0.230649
331 0.228181
332 0.228199
333 0.2337
334 0.226384
335 0.225343
336 0.226973
337 0.223782
338 0.222637 
339 0.222211
340 0.220762
341 0.215106
342 0.220177
343 0.240339
344 0.213731
345 0.218531
346 0.213687
347 0.210805
348 0.213088
349 0.215357
350 0.214365
351 0.211685
352 0.221588
353 0.211989
354 0.213154 
355 0.214125
356 0.213113
357 0.214074
358 0.213474
359 0.213645
360 0.212419
361 0.212657
362 0.211482
363 0.210671
364 0.210399
365 0.210892
366 0.211926
367 0.212051
368 0.211588
369 0.208776
370 0.208577 
371 0.22406
372 0.210723
373 0.212568
374 0.212753
375 0.211771
376 0.212573
377 0.210817
378 0.212795
379 0.211257
380 0.210521
381 0.211941
382 0.212121
383 0.211282
384 0.211006
385 0.20957
386 0.212476 
387 0.210852
388 0.210234
389 0.211984
390 0.209532
391 0.210554
392 0.211984
393 0.211014
394 0.211873
395 0.212713
396 0.211329
397 0.211037
398 0.211105
399 0.2094
400 0.209109
401 0.207744
402 0.207377 
403 0.20823
404 0.206399
405 0.207105
406 0.207618
407 0.205817
408 0.207158
409 0.20459
410 0.199561
411 0.204262
412 0.202486
413 0.201481
414 0.202276
415 0.200747
416 0.200349
417 0.201114
418 0.199285 
419 0.199629
420 0.199246
421 0.196182
422 0.196521
423 0.197311
424 0.195425
425 0.195108
426 0.194724
427 0.193683
428 0.195567
429 0.194802
430 0.193666
431 0.193903
432 0.193464
433 0.191173
434 0.190009 
435 0.191348
436 0.190315
437 0.189697
438 0.193151
439 0.190883
440 0.189887
441 0.19021
442 0.183248
443 0.195997
444 0.185779
445 0.185801
446 0.188526
447 0.187439
448 0.187159
449 0.188478
450 0.188854 
451 0.188084
452 0.187437
453 0.186901
454 0.185939
455 0.186704
456 0.1878
457 0.188005
458 0.190749
459 0.192078
460 0.189972
461 0.18994
462 0.188775
463 0.187665
464 0.187854
465 0.187214
466 0.188261 
467 0.189055
468 0.188614
469 0.187183
470 0.18632
471 0.189574
472 0.186519
473 0.186726
474 0.187389
475 0.188182
476 0.18842
477 0.187073
478 0.185954
479 0.188889
480 0.18932
481 0.187824
482 0.188036 
483 0.189691
484 0.188722
485 0.189424
486 0.188929
487 0.187787
488 0.18891
489 0.187616
490 0.188594
491 0.185464
492 0.186011
493 0.185667
494 0.185344
495 0.184248
496 0.191755
497 0.182957
498 0.191693 
499 0.188143
500 0.187572
501 0.189163
502 0.18736
503 0.185231
504 0.194898
505 0.192264
506 0.194242
507 0.196414
508 0.197547
509 0.197457
510 0.199425
511 0.198448
512 0.201071
513 0.202305
514 0.203514 
515 0.205332
516 0.204661
517 0.208847
518 0.21293
519 0.212586
520 0.214778
521 0.215924
522 0.215518
523 0.217223
524 0.218388
525 0.218356
526 0.218243
527 0.217657
528 0.215271
529 0.214831
530 0.215702 
531 0.21517
532 0.214676
533 0.214534
534 0.215332
535 0.21665
536 0.214274
537 0.216459
538 0.218023
539 0.217922
540 0.220063
541 0.219533
542 0.220588
543 0.220096
544 0.220897
545 0.223134
546 0.223621 
547 0.225888
548 0.226753
549 0.228235
550 0.228872
551 0.232157
552 0.233204
553 0.237869
554 0.239209
555 0.24208
556 0.244604
557 0.245739
558 0.248854
559 0.252197
560 0.256771
561 0.262391
562 0.268166 
563 0.272345
564 0.287219
565 0.302796
566 0.324766
567 0.356546
568 0.404731
569 0.460302
570 0.514285
571 0.542276
572 0.54848
573 0.553744
574 0.58046
575 0.624033
576 0.640565
577 0.581941
578 0.458257 
579 0.340914
580 0.271856
581 0.239407
582 0.228514
583 0.223931
584 0.22178
585 0.220693
586 0.221061
587 0.219037
588 0.220722
589 0.221911
590 0.221369
591 0.221497
592 0.221653
593 0.221352
594 0.216271 
595 0.214456
596 0.21129
597 0.205857
598 0.201875
599 0.200973
600 0.202598
601 0.196249
602 0.177545
603 0.187463
604 0.183725
605 0.18496
606 0.182916
607 0.181732
608 0.179814
609 0.180793
610 0.178692 
611 0.176007
612 0.177028
613 0.174378
614 0.174446
615 0.173469
616 0.174762
617 0.173049
618 0.172696
619 0.174335
620 0.172953
621 0.174403
622 0.175401
623 0.181644
624 0.210998
625 0.284363
626 0.372215 
627 0.413642
628 0.376209
629 0.336693
630 0.314567
631 0.297857
632 0.286429
633 0.272234
634 0.258806
635 0.247987
636 0.241269
637 0.23266
638 0.224477
639 0.217395
640 0.216164
641 0.20803
642 0.201215 
643 0.204158
644 0.198011
645 0.195924
646 0.191454
647 0.178155
648 0.202872
649 0.176866
650 0.17316
651 0.176759
652 0.174281
653 0.171516
654 0.167269
655 0.168768
656 0.16633
657 0.165594
658 0.164123 
659 0.162514
660 0.162331
661 0.161901
662 0.159886
663 0.159954
664 0.15844
665 0.157014
666 0.156193
667 0.156405
668 0.152928
669 0.15127
670 0.151798
671 0.1506
672 0.150124
673 0.147855
674 0.146106 
675 0.146655
676 0.146457
677 0.14705
678 0.14713
679 0.146562
680 0.145227
681 0.144616
682 0.143119
683 0.145522
684 0.143701
685 0.14373
686 0.143888
687 0.144085
688 0.144905
689 0.14307
690 0.146113 
691 0.144424
692 0.147232
693 0.14824
694 0.148024
695 0.147998
696 0.148733
697 0.149816
698 0.150578
699 0.151936
700 0.152023
701 0.152293
702 0.154851
703 0.153255
704 0.158224
705 0.157757
706 0.157593 
707 0.15905
708 0.156334
709 0.151915
710 0.158521
711 0.15814
712 0.158971
713 0.178979
714 0.224696
715 0.298196
716 0.325551
717 0.436828
718 0.387904
719 0.349505
720 0.321084
721 0.301114
722 0.287419 
723 0.274815
724 0.261657
725 0.249707
726 0.240972
727 0.233433
728 0.225818
729 0.220325
730 0.218528
731 0.217701
732 0.216137
733 0.211077
734 0.208691
735 0.206228
736 0.203609
737 0.200624
738 0.196526 
739 0.195182
740 0.193679
741 0.191529
742 0.19151
743 0.190687
744 0.18928
745 0.189538
746 0.188242
747 0.188207
748 0.18759
749 0.187111
750 0.185212
751 0.184534
752 0.184295
753 0.183143
754 0.183136 
755 0.183609
756 0.183623
757 0.181724
758 0.18114
759 0.179158
760 0.177375
761 0.177105
762 0.176544
763 0.176004
764 0.173952
765 0.173567
766 0.1707
767 0.172586
768 0.170677
769 0.168456
770 0.169323 
771 0.168765
772 0.166072
773 0.170008
774 0.176605
775 0.199788
776 0.251631
777 0.320185
778 0.38142
779 0.375469
780 0.34163
781 0.315915
782 0.296611
783 0.283992
784 0.270168
785 0.262288
786 0.254252 
787 0.246289
788 0.23899
789 0.232419
790 0.229276
791 0.222628
792 0.2172
793 0.21725
794 0.214052
795 0.214026
796 0.212229
797 0.214545
798 0.220147
799 0.240669
800 0.296314
801 0.364608
802 0.383327 
803 0.35428
804 0.318198
805 0.291048
806 0.274519
807 0.264192
808 0.258081
809 0.250325
810 0.242929
811 0.235453
812 0.228523
813 0.223043
814 0.217605
815 0.212826
816 0.208324
817 0.204767
818 0.201674 
819 0.198766
820 0.195036
821 0.192011
822 0.187587
823 0.186715
824 0.183625
825 0.182089
826 0.17931
827 0.177751
828 0.17645
829 0.174768
830 0.172678
831 0.170971
832 0.169872
833 0.168392
834 0.168805 
835 0.16769
836 0.167063
837 0.163053
838 0.162056
839 0.161026
840 0.160258
841 0.159385
842 0.159534
843 0.161317
844 0.159579
845 0.15757
846 0.160416
847 0.158406
848 0.157341
849 0.159095
850 0.156781 
851 0.159003
852 0.157003
853 0.153966
854 0.153924
855 0.157706
856 0.156673
857 0.15858
858 0.160361
859 0.16105
860 0.164533
861 0.166955
862 0.16748
863 0.171188
864 0.17385
865 0.176778
866 0.182001 
867 0.187861
868 0.196262
869 0.206311
870 0.221154
871 0.241143
872 0.264928
873 0.299054
874 0.330967
875 0.357613
876 0.368612
877 0.371112
878 0.388753
879 0.406086
880 0.422534
881 0.414939
882 0.385031 
883 0.332613
884 0.271774
885 0.216979
886 0.173886
887 0.146208
888 0.132371
889 0.124599
890 0.119682
891 0.11775
892 0.114497
893 0.112912
894 0.111883
895 0.111431
896 0.113464
897 0.111034
898 0.112761 
899 0.110509
900 0.110561
901 0.112454
902 0.112705
903 0.114968
904 0.117826
905 0.121507
906 0.124617
907 0.130481
908 0.135249
909 0.14161
910 0.144045
911 0.142262
912 0.147641
913 0.1488
914 0.148003 
915 0.147531
916 0.145376
917 0.145835
918 0.146126
919 0.146991
920 0.146664
921 0.147446
922 0.146091
923 0.147437
924 0.147024
925 0.146978
926 0.148738
927 0.15075
928 0.154838
929 0.158645
930 0.165266 
931 0.170589
932 0.183135
933 0.204672
934 0.238782
935 0.278047
936 0.32121
937 0.359747
938 0.396062
939 0.431976
940 0.473489
941 0.515896
942 0.54687
943 0.538355
944 0.468887
945 0.364713
946 0.258723 
947 0.186132
948 0.143686
949 0.121215
950 0.10427
951 0.0949889
952 0.086644
953 0.0806912
954 0.0776443
955 0.0741904
956 0.0704555
957 0.0693611
958 0.0678725
959 0.0663135
960 0.063571
961 0.0616191 
962 0.0599906
963 0.0572093
964 0.0575997
965 0.0540411
966 0.0532937
967 0.0521383
968 0.0503017
969 0.0478547
970 0.0475779
971 0.0469905
972 0.0466589
973 0.0407254
974 0.041501
975 0.0420953
976 0.038349 
977 0.0392352
978 0.0401979
979 0.0406953
980 0.0378127
981 0.0385905
982 0.0382238
983 0.0371071
984 0.0356953
985 0.0334002
986 0.0338389
987 0.0321709
988 0.0306057
989 0.0281515
990 0.0290078
991 0.0293215
992 0.0261684
993 0.0260868
994 0.0255814
995 0.0242091
996 0.0240721
997 0.0228559
998 0.0240601
999 0.0232843
1000 0.0244137
1001 0.0234107
1002 0.0252942
1003 0.024909
1004 0.0238307
1005 0.0235723
1006 0.023764
1007 0.0249101
1008 0.0233625
1009 0.0218002
1010 0.0214777
1011 0.0197824
1012 0.0167446
1013 0.0138079
1014 0.0153092
1015 0.0136579
1016 0.0134327
1017 0.0149348
1018 0.0122869 
1019 0.0133299
1020 0.0125632
1021 0.0132765
1022 0.0122492
1023 0.00710259
1024 0.00885404
1025 0.00870509
1026 0.0104008
1027 0.00869668
1028 0.0106398
1029 0.0105202
1030 0.00850343
1031 0.00739691 
1032 0.00813313
1033 0.0072939
1034 0.00474479
1035 0.00632518
1036 0.00661086
1037 0.00472841
1038 0.00550062
1039 0.00494537
1040 0.0061645
1041 0.00123452
1042 0.00257331
1043 0.00416991
1044 0.00527408 
1045 0.00438951
1046 0.00633652
1047 0.00387268
1048 0.00415682
1049 0.00357528
1050 0.00576694
1051 0.0040377
1052 0.00301119
1053 0.00489933
1054 0.00302911
1055 0.00639529
1056 0.00403687
1057 0.0063824 
1058 0.00672792
1059 0.0120763
1060 0.0300263
1061 0.0606581
1062 0.0830985
1063 0.0888389
1064 0.0823254
1065 0.0767183
1066 0.0675744
1067 0.0633407
1068 0.0564549
1069 0.0511488
1070 0.0480527
1071 0.0424863
1072 0.0384553
1073 0.0336975
1074 0.0311497
1075 0.0294757
1076 0.0247143
1077 0.0251326
1078 0.0225426
1079 0.0210697
1080 0.0208313
1081 0.0194687
1082 0.0217058
1083 0.0253474
1084 0.0279129 
1085 0.0313978
1086 0.0382982
1087 0.0385943
1088 0.0391573
1089 0.041032
1090 0.045083
1091 0.0496536
1092 0.0532608
1093 0.063857
1094 0.0774915
1095 0.0834113
1096 0.0759866
1097 0.055681
1098 0.033043 
1099 0.0171152
1100 0.00582875
1101 0.00492148
1102 0.00455082
1103 0.00204741
1104 0.0058808
1105 0.00203261
1106 0.000929786
1107 0.0029866
1108 0.00315085
1109 -0.00176321
1110 -0.00543229
1111 -0.00355291 
1112 0.0110352
1113 -0.0141178
1114 0.00800925
1115 0.00381906
1116 0.00920679
1117 0.0217431
1118 0.0468494
1119 0.0762802
1120 0.113779
1121 0.140979
1122 0.152949
1123 0.151489
1124 0.13432
1125 0.117193 
1126 0.103037
1127 0.0809602
1128 0.062534
1129 0.0521148
1130 0.0416865
1131 0.0406523
1132 0.0399584
1133 0.033582
1134 0.0316703
1135 0.0279245
1136 0.0252964
1137 0.0304545
1138 0.0165
1139 0.020592 
1140 0.0130103
1141 0.0156372
1142 0.00991709
1143 0.00713959
1144 0.00701636
1145 0.00641075
1146 0.00156999
1147 0.0021239
1148 0.00266209
1149 0.00141669
1150 -0.00278844
1151 -0.00438737
1152 -0.00445668 
1153 -0.00476089
1154 -0.00568833
1155 -0.00741215
1156 -0.00868447
1157 -0.0112629
1158 -0.0114874
1159 -0.0121268
1160 -0.00894222
1161 -0.0126432
1162 -0.0117757
1163 -0.016986
1164 -0.0185785
1165 -0.015463
1166 -0.012693
1167 -0.0117421
1168 -0.0151243
1169 -0.0160115
1170 -0.0146864
1171 -0.00719825
1172 -0.0101328
1173 -0.00965506
1174 -0.00540102
1175 -0.000660197
1176 0.0178377
1177 0.0508084 
1178 0.087493
1179 0.113145
1180 0.135068
1181 0.163362
1182 0.193925
1183 0.183116
1184 0.160288
1185 0.142597
1186 0.131531
1187 0.109148
1188 0.0934776
1189 0.087231
1190 0.107125
1191 0.150626
1192 0.199373
1193 0.206514
1194 0.17376
1195 0.151019
1196 0.132591
1197 0.11812
1198 0.107771
1199 0.0940208
1200 0.084569
1201 0.0773097
1202 0.0712957
1203 0.0647795
1204 0.0583399
1205 0.0541853
1206 0.0606374 
1207 0.0728466
1208 0.0874365
1209 0.0836942
1210 0.0752996
1211 0.065138
1212 0.0566997
1213 0.0509779
1214 0.0404709
1215 0.0322013
1216 0.022796
1217 0.020366
1218 0.0167778
1219 0.0122433
1220 0.00799378 
1221 0.00761214
1222 0.00585759
1223 0.00428043
1224 -0.0264681
1225 -0.0564671
1226 -0.0554573
1227 0.0219083
1228 0.0451231
1229 0.0757846
1230 0.118064
1231 0.117788
1232 0.133636
1233 0.142979
1234 0.149787
1235 0.157695
1236 0.137336
1237 0.132436
1238 0.169216
1239 0.160557
1240 0.129314
