:runabs2_sun  from pixel 0 to 1240 from stripe 4 to 14
:I0 number of accum:  10
:Sample number of accum: 10
:Sample position : alfie
:I0 position  : i0_alfie
:Integration time sample (ms) : 20
:Integration time I0 (ms) : 0.5
:file_descriptor : gete
:background substraction YES
:background acquisition YES
:N 
: Sun Oct  5 23:32:56 2003
0 -0.102709
1 -0.105892
2 -0.102302
3 -0.104204
4 -0.104918
5 -0.107526
6 -0.107809
7 -0.110299
8 -0.109658
9 -0.11037
10 -0.111916
11 -0.112039
12 -0.114804
13 -0.116633
14 -0.115487
15 -0.114635
16 -0.115179 
17 -0.116081
18 -0.116872
19 -0.115336
20 -0.115614
21 -0.116918
22 -0.119745
23 -0.118839
24 -0.119163
25 -0.11796
26 -0.117112
27 -0.11778
28 -0.11689
29 -0.118962
30 -0.118414
31 -0.119058
32 -0.114292 
33 -0.114908
34 -0.118799
35 -0.11606
36 -0.110995
37 -0.112379
38 -0.112308
39 -0.108755
40 -0.106581
41 -0.106445
42 -0.105242
43 -0.101563
44 -0.0945765
45 -0.0847259
46 -0.0689777
47 -0.0413342
48 0.00186767
49 0.0374025
50 0.052546
51 0.0587052
52 0.0482013
53 0.0363461
54 0.0118014
55 -0.0567897
56 -0.0897726
57 -0.0938969
58 -0.0941579
59 -0.092136
60 -0.091329
61 -0.0902429
62 -0.0885089
63 -0.0840704
64 -0.0790733
65 -0.0724241
66 -0.064244
67 -0.056706
68 -0.0458157
69 -0.033278
70 -0.0193385
71 0.00239104
72 0.0179708
73 0.0473568
74 0.0861861
75 0.131056
76 0.171905
77 0.200003
78 0.219462 
79 0.231833
80 0.236686
81 0.221714
82 0.172839
83 0.0919792
84 0.00914498
85 -0.0523774
86 -0.082716
87 -0.0927469
88 -0.0982448
89 -0.103803
90 -0.107205
91 -0.105888
92 -0.113372
93 -0.114779
94 -0.115614 
95 -0.117442
96 -0.117913
97 -0.12041
98 -0.12283
99 -0.124963
100 -0.125653
101 -0.126191
102 -0.128333
103 -0.129983
104 -0.133096
105 -0.131219
106 -0.132354
107 -0.13042
108 -0.133005
109 -0.133298 
110 -0.135893
111 -0.136182
112 -0.136861
113 -0.13933
114 -0.138494
115 -0.139398
116 -0.140648
117 -0.138949
118 -0.137434
119 -0.139214
120 -0.138219
121 -0.141628
122 -0.140574
123 -0.140517
124 -0.142279 
125 -0.141371
126 -0.141194
127 -0.141489
128 -0.141858
129 -0.142214
130 -0.141929
131 -0.143098
132 -0.143426
133 -0.142295
134 -0.142064
135 -0.141795
136 -0.14143
137 -0.14196
138 -0.139605
139 -0.137955 
140 -0.135847
141 -0.133389
142 -0.129708
143 -0.127326
144 -0.121667
145 -0.114952
146 -0.107992
147 -0.0980858
148 -0.0824125
149 -0.0625995
150 -0.0326216
151 0.0149215
152 0.0905494
153 0.208647
154 0.340244
155 0.467888
156 0.549607
157 0.586474
158 0.587
159 0.565976
160 0.536423
161 0.503001
162 0.460187
163 0.412677
164 0.37349
165 0.336885
166 0.305617
167 0.279302
168 0.258825
169 0.245194
170 0.234724
171 0.229044
172 0.224426
173 0.219017
174 0.215264
175 0.212162
176 0.209856
177 0.207679
178 0.20786
179 0.206492
180 0.207088
181 0.208343
182 0.209215
183 0.208683
184 0.211643
185 0.214234 
186 0.219717
187 0.223559
188 0.227401
189 0.232596
190 0.234912
191 0.238622
192 0.236439
193 0.238699
194 0.227079
195 0.233795
196 0.231148
197 0.226056
198 0.22151
199 0.21617
200 0.212635
201 0.208209 
202 0.206126
203 0.2036
204 0.20437
205 0.203937
206 0.204781
207 0.204279
208 0.204196
209 0.202374
210 0.201973
211 0.200943
212 0.197881
213 0.196124
214 0.194226
215 0.192269
216 0.189938
217 0.187005 
218 0.185692
219 0.186862
220 0.188751
221 0.187115
222 0.190355
223 0.195801
224 0.199431
225 0.202101
226 0.207134
227 0.210578
228 0.215144
229 0.221848
230 0.228582
231 0.233399
232 0.236717
233 0.2403 
234 0.241486
235 0.244902
236 0.246723
237 0.247329
238 0.247718
239 0.247293
240 0.247292
241 0.244593
242 0.245272
243 0.245598
244 0.23984
245 0.24001
246 0.238659
247 0.237524
248 0.236058
249 0.232735 
250 0.231203
251 0.230091
252 0.228782
253 0.226652
254 0.226008
255 0.224463
256 0.223802
257 0.22185
258 0.222698
259 0.219594
260 0.218029
261 0.217545
262 0.216958
263 0.216672
264 0.21625
265 0.214651 
266 0.213551
267 0.212446
268 0.212947
269 0.209941
270 0.212161
271 0.210187
272 0.209714
273 0.210537
274 0.209855
275 0.208547
276 0.209205
277 0.209044
278 0.207572
279 0.209866
280 0.211397
281 0.213193 
282 0.214178
283 0.213115
284 0.214173
285 0.212785
286 0.215947
287 0.217386
288 0.21793
289 0.218626
290 0.219589
291 0.21972
292 0.220051
293 0.221461
294 0.221583
295 0.220602
296 0.223656
297 0.223711 
298 0.225347
299 0.225411
300 0.226425
301 0.22713
302 0.227278
303 0.224037
304 0.225296
305 0.225602
306 0.225593
307 0.224672
308 0.225797
309 0.225184
310 0.226632
311 0.227361
312 0.220719
313 0.22578 
314 0.225441
315 0.223347
316 0.223989
317 0.222259
318 0.221113
319 0.221763
320 0.222002
321 0.222159
322 0.220182
323 0.218959
324 0.217407
325 0.216763
326 0.218226
327 0.216615
328 0.214171
329 0.214974 
330 0.211941
331 0.214032
332 0.211655
333 0.208209
334 0.211891
335 0.208948
336 0.208796
337 0.206256
338 0.205054
339 0.204206
340 0.205978
341 0.204767
342 0.21064
343 0.192434
344 0.205237
345 0.201046 
346 0.201625
347 0.200256
348 0.197914
349 0.200387
350 0.202458
351 0.194597
352 0.201577
353 0.202191
354 0.200537
355 0.199839
356 0.202806
357 0.20192
358 0.200643
359 0.19961
360 0.199132
361 0.199121 
362 0.199814
363 0.199515
364 0.19996
365 0.199903
366 0.200139
367 0.201489
368 0.201688
369 0.201628
370 0.203581
371 0.199503
372 0.199825
373 0.19987
374 0.199167
375 0.199881
376 0.198941
377 0.200853 
378 0.200995
379 0.200649
380 0.200522
381 0.200761
382 0.200018
383 0.201082
384 0.198889
385 0.199893
386 0.201504
387 0.201127
388 0.200886
389 0.199342
390 0.197279
391 0.201599
392 0.199201
393 0.202262 
394 0.201916
395 0.200839
396 0.199416
397 0.199742
398 0.199707
399 0.199907
400 0.199819
401 0.198101
402 0.198664
403 0.198353
404 0.197681
405 0.197315
406 0.197231
407 0.197647
408 0.198122
409 0.19524 
410 0.194444
411 0.193226
412 0.193654
413 0.193874
414 0.192849
415 0.19212
416 0.191554
417 0.191596
418 0.189944
419 0.188901
420 0.188687
421 0.18792
422 0.187601
423 0.187294
424 0.184928
425 0.186779 
426 0.185138
427 0.186099
428 0.183554
429 0.183767
430 0.182193
431 0.18065
432 0.180081
433 0.179467
434 0.180679
435 0.180599
436 0.179754
437 0.179351
438 0.181545
439 0.177338
440 0.177264
441 0.175919 
442 0.186217
443 0.175568
444 0.170558
445 0.176756
446 0.17611
447 0.176556
448 0.176292
449 0.175595
450 0.175851
451 0.174168
452 0.174749
453 0.174662
454 0.173167
455 0.17146
456 0.171372
457 0.171562 
458 0.172754
459 0.174587
460 0.173441
461 0.172429
462 0.172006
463 0.173674
464 0.174586
465 0.172476
466 0.172655
467 0.17345
468 0.171852
469 0.175562
470 0.173258
471 0.173083
472 0.172609
473 0.173787 
474 0.171923
475 0.171283
476 0.172882
477 0.170631
478 0.171781
479 0.170383
480 0.170255
481 0.168994
482 0.171032
483 0.169884
484 0.170508
485 0.17185
486 0.170235
487 0.169306
488 0.170787
489 0.170907 
490 0.171084
491 0.169623
492 0.16997
493 0.169223
494 0.167689
495 0.17407
496 0.160852
497 0.172882
498 0.168414
499 0.167325
500 0.16854
501 0.167605
502 0.16841
503 0.164604
504 0.172794
505 0.167657 
506 0.169846
507 0.167334
508 0.16838
509 0.167758
510 0.165742
511 0.16582
512 0.165852
513 0.165015
514 0.166226
515 0.162059
516 0.164507
517 0.164015
518 0.165132
519 0.165481
520 0.163765
521 0.163756 
522 0.16454
523 0.164284
524 0.162458
525 0.16363
526 0.164636
527 0.162409
528 0.164858
529 0.164828
530 0.1642
531 0.163756
532 0.167126
533 0.166729
534 0.166785
535 0.165377
536 0.165165
537 0.16736 
538 0.168806
539 0.168087
540 0.169554
541 0.168726
542 0.168631
543 0.169869
544 0.169963
545 0.170997
546 0.173244
547 0.173978
548 0.174257
549 0.175134
550 0.178271
551 0.179404
552 0.179445
553 0.18074 
554 0.183836
555 0.185255
556 0.185607
557 0.188449
558 0.190083
559 0.195215
560 0.199839
561 0.207073
562 0.215765
563 0.233273
564 0.248106
565 0.266821
566 0.294591
567 0.321322
568 0.343934
569 0.361965 
570 0.378987
571 0.415985
572 0.472244
573 0.538611
574 0.593846
575 0.622926
576 0.641245
577 0.667602
578 0.68763
579 0.643342
580 0.517535
581 0.381317
582 0.296918
583 0.258535
584 0.244522
585 0.238378 
586 0.234544
587 0.233972
588 0.232291
589 0.233649
590 0.233739
591 0.235919
592 0.235964
593 0.237343
594 0.237529
595 0.236636
596 0.235381
597 0.23228
598 0.230708
599 0.225818
600 0.221891
601 0.209021 
602 0.208227
603 0.219116
604 0.209898
605 0.208071
606 0.207837
607 0.206694
608 0.205151
609 0.205301
610 0.202802
611 0.201555
612 0.201687
613 0.200323
614 0.199972
615 0.201409
616 0.200356
617 0.20188 
618 0.199453
619 0.198669
620 0.20014
621 0.203159
622 0.20559
623 0.214856
624 0.249559
625 0.33005
626 0.431523
627 0.464679
628 0.408908
629 0.37135
630 0.345923
631 0.322665
632 0.311774
633 0.296505 
634 0.282546
635 0.275862
636 0.266863
637 0.25788
638 0.25071
639 0.247617
640 0.240027
641 0.235105
642 0.227958
643 0.232515
644 0.228806
645 0.226064
646 0.222557
647 0.225774
648 0.207452
649 0.213947 
650 0.208134
651 0.210512
652 0.210027
653 0.207264
654 0.203559
655 0.200986
656 0.203293
657 0.199997
658 0.199485
659 0.198622
660 0.196225
661 0.194798
662 0.195992
663 0.191912
664 0.190964
665 0.188145 
666 0.187453
667 0.185693
668 0.184764
669 0.183089
670 0.182126
671 0.180942
672 0.178825
673 0.1783
674 0.178789
675 0.178464
676 0.177444
677 0.175312
678 0.173676
679 0.17297
680 0.172156
681 0.17264 
682 0.172306
683 0.175035
684 0.167883
685 0.172409
686 0.16893
687 0.16927
688 0.169482
689 0.166411
690 0.170478
691 0.166088
692 0.165629
693 0.165176
694 0.16369
695 0.162963
696 0.164197
697 0.164543 
698 0.164135
699 0.168404
700 0.167938
701 0.1712
702 0.170288
703 0.172476
704 0.170833
705 0.17306
706 0.170394
707 0.165346
708 0.164538
709 0.168983
710 0.17063
711 0.17118
712 0.186615
713 0.225875 
714 0.29935
715 0.38367
716 0.396104
717 0.420221
718 0.375872
719 0.350616
720 0.32453
721 0.302756
722 0.284491
723 0.270152
724 0.259693
725 0.248665
726 0.24162
727 0.234295
728 0.228108
729 0.223934 
730 0.221528
731 0.218433
732 0.213604
733 0.208727
734 0.205492
735 0.202936
736 0.199274
737 0.197912
738 0.195241
739 0.190763
740 0.187029
741 0.184218
742 0.182569
743 0.179235
744 0.178342
745 0.17641 
746 0.177241
747 0.177389
748 0.177398
749 0.176677
750 0.175963
751 0.174393
752 0.1737
753 0.17455
754 0.173058
755 0.17254
756 0.170147
757 0.170294
758 0.169094
759 0.168607
760 0.1668
761 0.168267 
762 0.166336
763 0.166015
764 0.166507
765 0.167032
766 0.165777
767 0.166375
768 0.163368
769 0.162772
770 0.166498
771 0.164748
772 0.163388
773 0.162789
774 0.169114
775 0.188067
776 0.242759
777 0.323797 
778 0.389729
779 0.390041
780 0.353297
781 0.323472
782 0.302002
783 0.286688
784 0.271293
785 0.264456
786 0.255801
787 0.24536
788 0.237089
789 0.231178
790 0.221227
791 0.223476
792 0.213021
793 0.215465 
794 0.214436
795 0.211837
796 0.210211
797 0.21302
798 0.219312
799 0.247006
800 0.309306
801 0.374737
802 0.384736
803 0.341434
804 0.309915
805 0.287661
806 0.275184
807 0.266653
808 0.259294
809 0.251161 
810 0.245122
811 0.235715
812 0.225586
813 0.224272
814 0.216861
815 0.212571
816 0.205452
817 0.200221
818 0.19579
819 0.193521
820 0.18889
821 0.186019
822 0.182422
823 0.180328
824 0.177969
825 0.176397 
826 0.173936
827 0.169741
828 0.169803
829 0.167918
830 0.165176
831 0.163117
832 0.159809
833 0.160128
834 0.158356
835 0.158484
836 0.158395
837 0.1554
838 0.157002
839 0.159313
840 0.164078
841 0.166045 
842 0.169447
843 0.170788
844 0.172218
845 0.173566
846 0.174523
847 0.177213
848 0.176677
849 0.176059
850 0.174908
851 0.173781
852 0.167655
853 0.168722
854 0.167514
855 0.167542
856 0.164561
857 0.165744 
858 0.165088
859 0.16583
860 0.165561
861 0.167648
862 0.167237
863 0.167467
864 0.166961
865 0.167614
866 0.169055
867 0.170149
868 0.171931
869 0.178298
870 0.184421
871 0.185212
872 0.195038
873 0.204918 
874 0.218818
875 0.238478
876 0.274261
877 0.295026
878 0.346195
879 0.392847
880 0.432528
881 0.451807
882 0.4553
883 0.451216
884 0.434819
885 0.404853
886 0.360097
887 0.297548
888 0.231191
889 0.177858 
890 0.14597
891 0.133302
892 0.125441
893 0.121601
894 0.120487
895 0.11549
896 0.114923
897 0.111956
898 0.111314
899 0.109239
900 0.106467
901 0.107716
902 0.104434
903 0.0993063
904 0.0996926
905 0.0980525 
906 0.0986071
907 0.097247
908 0.0963154
909 0.0961742
910 0.0949321
911 0.096639
912 0.0928202
913 0.093768
914 0.093616
915 0.0939119
916 0.0941108
917 0.0951997
918 0.0947137
919 0.0964686
920 0.0972539 
921 0.0960079
922 0.0997794
923 0.0975477
924 0.100921
925 0.100748
926 0.104022
927 0.105469
928 0.106651
929 0.111637
930 0.119244
931 0.127472
932 0.14336
933 0.162288
934 0.185554
935 0.216013
936 0.257717
937 0.307703
938 0.363413
939 0.418092
940 0.472082
941 0.525546
942 0.576513
943 0.612537
944 0.603496
945 0.531207
946 0.422669
947 0.307321
948 0.222555
949 0.175462
950 0.146868
951 0.127161 
952 0.113578
953 0.103374
954 0.0993267
955 0.0953797
956 0.0911382
957 0.0913284
958 0.0877914
959 0.0847471
960 0.0822108
961 0.08143
962 0.0816058
963 0.0769716
964 0.0765222
965 0.0748304
966 0.0731341 
967 0.0694737
968 0.0695243
969 0.0670144
970 0.0647306
971 0.0618686
972 0.0651127
973 0.0625237
974 0.0609716
975 0.0574809
976 0.0547492
977 0.0535507
978 0.0545487
979 0.0552001
980 0.0509616
981 0.0518436
982 0.0513485
983 0.0532889
984 0.0509021
985 0.0490406
986 0.048865
987 0.0476699
988 0.0450742
989 0.0430555
990 0.0432129
991 0.0425234
992 0.0425489
993 0.041674
994 0.0410276
995 0.0406761 
996 0.039946
997 0.0378412
998 0.0383454
999 0.0355645
1000 0.0341213
1001 0.035776
1002 0.0331786
1003 0.0335189
1004 0.0321251
1005 0.0310436
1006 0.0301843
1007 0.0311914
1008 0.0295678
1009 0.0293731 
1010 0.0266251
1011 0.0236414
1012 0.0233966
1013 0.0218316
1014 0.0222512
1015 0.0202817
1016 0.0257977
1017 0.0228496
1018 0.0200203
1019 0.0188287
1020 0.0222688
1021 0.0169111
1022 0.0217908
1023 0.0189639
1024 0.0186635
1025 0.0179828
1026 0.0185876
1027 0.017
1028 0.0182144
1029 0.0196623
1030 0.0223733
1031 0.0200176
1032 0.0167023
1033 0.0163486
1034 0.0164513
1035 0.0143346
1036 0.0153175 
1037 0.0135069
1038 0.0134466
1039 0.0123521
1040 0.0113519
1041 0.0104814
1042 0.00807538
1043 0.0120049
1044 0.0102814
1045 0.00821248
1046 0.00889695
1047 0.00683782
1048 0.00776472
1049 0.00613134 
1050 0.00794594
1051 0.00651614
1052 0.00632924
1053 0.00499968
1054 0.00365575
1055 0.00591396
1056 0.00500467
1057 0.00647209
1058 0.00462832
1059 0.00719751
1060 0.0209043
1061 0.0477493
1062 0.082288 
1063 0.0985632
1064 0.0939549
1065 0.0838432
1066 0.0728808
1067 0.0646923
1068 0.058355
1069 0.0509601
1070 0.0441822
1071 0.0392506
1072 0.0347411
1073 0.0294914
1074 0.0270655
1075 0.0218554
1076 0.0208124 
1077 0.0188689
1078 0.0177591
1079 0.0197318
1080 0.0207717
1081 0.0248801
1082 0.0258166
1083 0.0314198
1084 0.0353052
1085 0.0317835
1086 0.0419018
1087 0.0477638
1088 0.0524214
1089 0.0501296
1090 0.0557167
1091 0.063581
1092 0.0604505
1093 0.0751831
1094 0.0721474
1095 0.0625305
1096 0.0468379
1097 0.0229132
1098 0.00274024
1099 0.000302773
1100 -0.00569915
1101 -0.0109972
1102 -0.0110356
1103 -0.0109663
1104 -0.00733599
1105 -0.0154841
1106 -0.0164818
1107 -0.00961943
1108 -0.0189821
1109 -0.0110007
1110 -0.0149071
1111 -0.00621766
1112 -0.0173175
1113 -0.0151703
1114 -0.00898329
1115 -0.0140273 
1116 -0.00280326
1117 0.004233
1118 0.0330767
1119 0.0637013
1120 0.107568
1121 0.143811
1122 0.166103
1123 0.163376
1124 0.129454
1125 0.0900331
1126 0.0619463
1127 0.0489291
1128 0.0371986
1129 0.0323333 
1130 0.0288396
1131 0.0248234
1132 0.0229618
1133 0.0154924
1134 0.0128673
1135 0.0052286
1136 -0.00179191
1137 0.0167435
1138 0.00697518
1139 0.0022772
1140 -0.00278357
1141 -0.00350588
1142 -0.00882784 
1143 -0.00999823
1144 -0.00898193
1145 -0.00930065
1146 -0.0140853
1147 -0.0157949
1148 -0.0137657
1149 -0.0141409
1150 -0.0171463
1151 -0.0194337
1152 -0.0212643
1153 -0.0210789
1154 -0.0180923
1155 -0.0220369
1156 -0.020044
1157 -0.0220447
1158 -0.0248764
1159 -0.0280936
1160 -0.0255826
1161 -0.0262192
1162 -0.0262993
1163 -0.0281698
1164 -0.0258679
1165 -0.0289941
1166 -0.0309122
1167 -0.0253274 
1168 -0.0258498
1169 -0.0262695
1170 -0.0269047
1171 -0.022385
1172 -0.0222119
1173 -0.0184007
1174 -0.0180267
1175 -0.0143439
1176 -0.00468605
1177 0.0115675
1178 0.0509855
1179 0.10081
1180 0.138797 
1181 0.172624
1182 0.202113
1183 0.201983
1184 0.180934
1185 0.160145
1186 0.12679
1187 0.0944385
1188 0.0825969
1189 0.0879189
1190 0.122551
1191 0.178429
1192 0.224722
1193 0.208167
1194 0.175635
1195 0.152409
1196 0.136131
1197 0.119458
1198 0.108353
1199 0.0899773
1200 0.0767674
1201 0.0739541
1202 0.0646047
1203 0.0605974
1204 0.057096
1205 0.0511194
1206 0.0533254
1207 0.057835
1208 0.0768142
1209 0.0894557
1210 0.0910649
1211 0.0786429
1212 0.0683817
1213 0.0577357
1214 0.0513579
1215 0.0443196
1216 0.0384652
1217 0.0335781
1218 0.0282002
1219 0.0218468
1220 0.0235298
1221 0.0190438
1222 0.0160418 
1223 0.0110394
1224 0.0112369
1225 0.0130558
1226 0.192994
1227 0.34872
1228 0.388501
1229 0.466146
1230 0.476457
1231 0.482386
1232 0.503178
1233 0.51955
1234 0.555566
1235 0.572179
1236 0.532079
1237 0.557689
1238 0.56135
1239 0.571218
1240 0.530528
