:runabs2_sun  from pixel 0 to 1240 from stripe 4 to 14
:I0 number of accum:  10
:Sample number of accum: 10
:Sample position : alfie
:I0 position  : i0_alfie
:Integration time sample (ms) : 20
:Integration time I0 (ms) : 0.3
:file_descriptor : gete
:background substraction YES
:background acquisition YES
:N 
: Mon Oct  6 03:14:28 2003
0 -0.182394
1 -0.17881
2 -0.162185
3 -0.139165
4 -0.0913299
5 -0.0241252
6 0.00799022
7 -0.0274786
8 -0.0837439
9 -0.111424
10 -0.126161
11 -0.131446
12 -0.134878
13 -0.137788
14 -0.138378
15 -0.136975 
16 -0.135208
17 -0.133884
18 -0.129232
19 -0.122122
20 -0.112913
21 -0.100234
22 -0.0828023
23 -0.0559469
24 -0.0240966
25 0.0186801
26 0.0531721
27 0.0466686
28 -0.00695897
29 -0.086983
30 -0.149509 
31 -0.170226
32 -0.172997
33 -0.182931
34 -0.186734
35 -0.18336
36 -0.186171
37 -0.189356
38 -0.19428
39 -0.192688
40 -0.195709
41 -0.197916
42 -0.199355
43 -0.202452
44 -0.203126
45 -0.20527
46 -0.207596 
47 -0.205255
48 -0.20735
49 -0.207979
50 -0.209517
51 -0.20931
52 -0.211098
53 -0.212726
54 -0.213216
55 -0.212994
56 -0.214883
57 -0.214462
58 -0.212829
59 -0.213052
60 -0.213174
61 -0.214908
62 -0.212001 
63 -0.207517
64 -0.200737
65 -0.189417
66 -0.172262
67 -0.135587
68 -0.0765643
69 -0.0402367
70 -0.0480024
71 -0.0899207
72 -0.160249
73 -0.205417
74 -0.218671
75 -0.220084
76 -0.220889
77 -0.225067
78 -0.223648
79 -0.224293
80 -0.224889
81 -0.227008
82 -0.228032
83 -0.228624
84 -0.227805
85 -0.231534
86 -0.234402
87 -0.234732
88 -0.233681
89 -0.235726
90 -0.238052
91 -0.236925
92 -0.243094
93 -0.237094 
94 -0.241392
95 -0.241708
96 -0.243135
97 -0.24394
98 -0.244963
99 -0.245868
100 -0.246728
101 -0.247995
102 -0.251155
103 -0.251352
104 -0.249891
105 -0.252496
106 -0.252134
107 -0.252864
108 -0.253205 
109 -0.253876
110 -0.253878
111 -0.255154
112 -0.252814
113 -0.259995
114 -0.254421
115 -0.25589
116 -0.258259
117 -0.257839
118 -0.257551
119 -0.257021
120 -0.255901
121 -0.256135
122 -0.255188
123 -0.255336 
124 -0.256465
125 -0.257926
126 -0.254457
127 -0.2549
128 -0.254561
129 -0.254939
130 -0.254309
131 -0.253917
132 -0.253758
133 -0.255481
134 -0.253569
135 -0.252556
136 -0.252065
137 -0.252857
138 -0.249718 
139 -0.247559
140 -0.244739
141 -0.242654
142 -0.239196
143 -0.235206
144 -0.231333
145 -0.223381
146 -0.215441
147 -0.203276
148 -0.186077
149 -0.165286
150 -0.130546
151 -0.0771231
152 0.0111098
153 0.148618
154 0.316769
155 0.485538
156 0.566554
157 0.562801
158 0.516432
159 0.466547
160 0.42041
161 0.370096
162 0.319263
163 0.267008
164 0.223504
165 0.173473
166 0.14415
167 0.119102
168 0.103671 
169 0.0940262
170 0.0923168
171 0.0953083
172 0.0953321
173 0.0936135
174 0.0911859
175 0.0874477
176 0.0860032
177 0.0830907
178 0.081517
179 0.0804255
180 0.0797914
181 0.0811687
182 0.0819684
183 0.0849329 
184 0.086819
185 0.0883471
186 0.0945586
187 0.0953469
188 0.10401
189 0.105882
190 0.106579
191 0.107278
192 0.106039
193 0.103428
194 0.0957448
195 0.103018
196 0.0895686
197 0.0918836
198 0.0862899 
199 0.0836524
200 0.0803554
201 0.0792651
202 0.0777154
203 0.0752926
204 0.0746549
205 0.0718164
206 0.0673167
207 0.0616229
208 0.0541257
209 0.046467
210 0.0412485
211 0.0362039
212 0.0334008
213 0.0303446 
214 0.0278962
215 0.0301803
216 0.0337039
217 0.0378091
218 0.0424658
219 0.047238
220 0.0527391
221 0.0600807
222 0.0682622
223 0.0742086
224 0.0825285
225 0.0866077
226 0.0918368
227 0.0925901
228 0.096141 
229 0.0971163
230 0.0969052
231 0.0938608
232 0.0870471
233 0.0854752
234 0.0777196
235 0.0779945
236 0.0729753
237 0.070106
238 0.0693677
239 0.064934
240 0.0621951
241 0.0616768
242 0.0623547
243 0.0618081 
244 0.0594181
245 0.0585585
246 0.0571977
247 0.0557323
248 0.0533288
249 0.0503983
250 0.0491863
251 0.0472511
252 0.0456776
253 0.0423565
254 0.0429874
255 0.0386921
256 0.0381428
257 0.0369983
258 0.0354789
259 0.033747
260 0.0303106
261 0.0289222
262 0.0275024
263 0.0281263
264 0.0267768
265 0.0259073
266 0.0246765
267 0.025222
268 0.0269576
269 0.0273506
270 0.0273077
271 0.028699
272 0.0295038 
273 0.0309647
274 0.0320867
275 0.0337465
276 0.0343091
277 0.0356008
278 0.0352851
279 0.0359445
280 0.0371245
281 0.0396321
282 0.0405354
283 0.0407569
284 0.0394996
285 0.0373208
286 0.0381875
287 0.0380144
288 0.0376561
289 0.0368726
290 0.0343738
291 0.0334269
292 0.033519
293 0.0316325
294 0.0310349
295 0.0301473
296 0.0301572
297 0.0299411
298 0.0308674
299 0.0294587
300 0.0282614
301 0.026548 
302 0.0258077
303 0.0235117
304 0.0248357
305 0.0245542
306 0.0248181
307 0.0235021
308 0.0221623
309 0.022059
310 0.0181323
311 0.0290467
312 0.0117197
313 0.0191277
314 0.017948
315 0.0184458
316 0.0165249 
317 0.0136233
318 0.0131322
319 0.0133837
320 0.0114375
321 0.0121603
322 0.00975338
323 0.00936072
324 0.00763372
325 0.00782911
326 0.00724183
327 0.00715329
328 0.00468655
329 0.00637935
330 0.00518005 
331 0.00456168
332 0.00437504
333 0.00246969
334 0.00303075
335 0.00106923
336 0.00151568
337 -0.00125548
338 -0.00130504
339 -0.00221722
340 -0.00376182
341 -0.00761905
342 -0.00450313
343 -0.0101763 
344 0.000326943
345 -0.00457477
346 -0.00457937
347 -0.00499337
348 -0.00576241
349 -0.00526019
350 -0.00588102
351 -0.0136833
352 -0.00205
353 -0.00197789
354 -0.00485585
355 -0.00442908
356 -0.00322406 
357 -0.00541301
358 -0.00379458
359 -0.00594711
360 -0.0057086
361 -0.00632302
362 -0.00522302
363 -0.00482832
364 -0.00547873
365 -0.00530359
366 -0.00533479
367 -0.00518885
368 -0.00641944
369 -0.00738612 
370 -0.00782254
371 -0.0113273
372 -0.00651731
373 -0.00794964
374 -0.00773177
375 -0.00844334
376 -0.0105541
377 -0.0102346
378 -0.0101085
379 -0.010312
380 -0.0120543
381 -0.0127845
382 -0.0140203
383 -0.0141334
384 -0.0149611
385 -0.0148357
386 -0.0148979
387 -0.0155989
388 -0.0155027
389 -0.0188416
390 -0.0197833
391 -0.0169372
392 -0.0189344
393 -0.0189202
394 -0.0200032
395 -0.0221033
396 -0.0231748 
397 -0.0234404
398 -0.0227222
399 -0.0237203
400 -0.0238944
401 -0.0247319
402 -0.0241019
403 -0.0258869
404 -0.0255098
405 -0.0264933
406 -0.0273474
407 -0.0269444
408 -0.0281499
409 -0.0294091
410 -0.0306052 
411 -0.0315209
412 -0.0295087
413 -0.0287105
414 -0.0302029
415 -0.0303984
416 -0.0308411
417 -0.0323625
418 -0.0335367
419 -0.034969
420 -0.034536
421 -0.0353594
422 -0.0349713
423 -0.0351111
424 -0.035851 
425 -0.0370229
426 -0.0361456
427 -0.0362725
428 -0.0374559
429 -0.0370161
430 -0.0383876
431 -0.0385923
432 -0.0381762
433 -0.0404569
434 -0.0407622
435 -0.0426534
436 -0.0420243
437 -0.0407444
438 -0.0413211 
439 -0.0422014
440 -0.0439335
441 -0.0463452
442 -0.0405089
443 -0.0421224
444 -0.0553868
445 -0.0444105
446 -0.0444497
447 -0.0448406
448 -0.045188
449 -0.0451918
450 -0.0460327
451 -0.0462409
452 -0.0459517 
453 -0.0456544
454 -0.0479712
455 -0.0514368
456 -0.0533961
457 -0.0505391
458 -0.0481564
459 -0.0485611
460 -0.0499748
461 -0.0515865
462 -0.0514909
463 -0.0516467
464 -0.05202
465 -0.051111
466 -0.0512009 
467 -0.0520202
468 -0.05414
469 -0.0497188
470 -0.0551661
471 -0.0523925
472 -0.0529718
473 -0.0548638
474 -0.0560362
475 -0.0570202
476 -0.0580045
477 -0.0590096
478 -0.0600649
479 -0.0595327
480 -0.0608161 
481 -0.0598581
482 -0.0591763
483 -0.0596363
484 -0.0606358
485 -0.0622974
486 -0.0640167
487 -0.0633826
488 -0.0625938
489 -0.0646837
490 -0.065403
491 -0.064844
492 -0.0647841
493 -0.0644176
494 -0.0671179 
495 -0.0645391
496 -0.0678016
497 -0.0663485
498 -0.0624689
499 -0.0664197
500 -0.0665591
501 -0.0670491
502 -0.0707305
503 -0.0767477
504 -0.0671691
505 -0.0659574
506 -0.0683925
507 -0.0664304
508 -0.0691748 
509 -0.0682562
510 -0.0678853
511 -0.0681598
512 -0.0689601
513 -0.0705158
514 -0.0707032
515 -0.0704173
516 -0.0699439
517 -0.0738815
518 -0.0695551
519 -0.0669906
520 -0.0605191
521 -0.0534846
522 -0.0477858 
523 -0.0452302
524 -0.0469486
525 -0.0506835
526 -0.0554516
527 -0.0539857
528 -0.0539608
529 -0.054442
530 -0.0533216
531 -0.0531141
532 -0.0594052
533 -0.0683987
534 -0.068586
535 -0.0695902
536 -0.069982 
537 -0.0699872
538 -0.0688513
539 -0.0677387
540 -0.0664487
541 -0.0665786
542 -0.0652171
543 -0.0639226
544 -0.0636092
545 -0.0613976
546 -0.0603725
547 -0.0586055
548 -0.0560468
549 -0.0534372
550 -0.0468765 
551 -0.0378963
552 -0.0283072
553 -0.0126228
554 0.0149827
555 0.0674133
556 0.158224
557 0.298252
558 0.431309
559 0.438039
560 0.29324
561 0.13391
562 0.0367183
563 -0.0138656
564 -0.0312911
565 -0.0364444 
566 -0.0416435
567 -0.0461559
568 -0.0461933
569 -0.0503555
570 -0.0524749
571 -0.0548905
572 -0.0578137
573 -0.0607434
574 -0.0614984
575 -0.0655182
576 -0.071017
577 -0.0751094
578 -0.0786153
579 -0.0817065 
580 -0.0846793
581 -0.0882944
582 -0.090293
583 -0.0942135
584 -0.0958038
585 -0.0993563
586 -0.101204
587 -0.102693
588 -0.105075
589 -0.107595
590 -0.1096
591 -0.112224
592 -0.115341
593 -0.116572
594 -0.117588
595 -0.118759
596 -0.119864
597 -0.122704
598 -0.123438
599 -0.126274
600 -0.127834
601 -0.130014
602 -0.133936
603 -0.136838
604 -0.136822
605 -0.138328
606 -0.139169
607 -0.139609
608 -0.141977 
609 -0.142093
610 -0.142878
611 -0.144997
612 -0.147615
613 -0.148995
614 -0.150586
615 -0.150406
616 -0.149225
617 -0.150154
618 -0.148124
619 -0.145291
620 -0.144592
621 -0.14051
622 -0.1332
623 -0.122272 
624 -0.0886525
625 0.0153923
626 0.177662
627 0.282849
628 0.193104
629 0.0865195
630 0.0251964
631 -0.0152086
632 -0.0427938
633 -0.0628684
634 -0.0813418
635 -0.0966959
636 -0.108844
637 -0.118925
638 -0.128699
639 -0.136659
640 -0.143424
641 -0.154079
642 -0.162137
643 -0.163195
644 -0.164946
645 -0.168706
646 -0.174661
647 -0.175399
648 -0.187427
649 -0.184687
650 -0.182401
651 -0.184399
652 -0.187406 
653 -0.189292
654 -0.192756
655 -0.195129
656 -0.194053
657 -0.194509
658 -0.197812
659 -0.201282
660 -0.201244
661 -0.201898
662 -0.20236
663 -0.205429
664 -0.204921
665 -0.206669
666 -0.20898
667 -0.209891 
668 -0.210817
669 -0.213496
670 -0.21538
671 -0.21661
672 -0.215339
673 -0.217731
674 -0.217335
675 -0.219685
676 -0.224093
677 -0.225456
678 -0.225695
679 -0.227822
680 -0.227775
681 -0.230465
682 -0.233369 
683 -0.244462
684 -0.232236
685 -0.239216
686 -0.242432
687 -0.240289
688 -0.243555
689 -0.239195
690 -0.246391
691 -0.243703
692 -0.244477
693 -0.244341
694 -0.245123
695 -0.248668
696 -0.249684
697 -0.249256
698 -0.249987
699 -0.253052
700 -0.255045
701 -0.257136
702 -0.259188
703 -0.261542
704 -0.256284
705 -0.259026
706 -0.265443
707 -0.266699
708 -0.265774
709 -0.266917
710 -0.268495
711 -0.267103 
712 -0.265076
713 -0.267779
714 -0.27313
715 -0.260321
716 -0.242161
717 -0.262063
718 -0.250698
719 -0.232439
720 -0.185055
721 -0.0850001
722 0.0647379
723 0.163666
724 0.114834
725 -4.97856e-05
726 -0.0795023
727 -0.12588
728 -0.157634
729 -0.179221
730 -0.198542
731 -0.216299
732 -0.230629
733 -0.246648
734 -0.259362
735 -0.272402
736 -0.280439
737 -0.289291
738 -0.297853
739 -0.304055
740 -0.310304 
741 -0.315637
742 -0.319161
743 -0.326256
744 -0.331395
745 -0.334974
746 -0.342922
747 -0.346567
748 -0.346988
749 -0.352371
750 -0.357535
751 -0.358997
752 -0.362341
753 -0.367348
754 -0.367771
755 -0.369258
756 -0.374208
757 -0.37556
758 -0.377886
759 -0.376724
760 -0.379354
761 -0.381831
762 -0.382848
763 -0.387037
764 -0.388244
765 -0.391232
766 -0.386555
767 -0.397978
768 -0.394741
769 -0.394818 
770 -0.398835
771 -0.398917
772 -0.396867
773 -0.40227
774 -0.403951
775 -0.415288
776 -0.401144
777 -0.405127
778 -0.398187
779 -0.400791
780 -0.393707
781 -0.395385
782 -0.392338
783 -0.396527
784 -0.37743 
785 -0.38309
786 -0.376551
787 -0.344701
788 -0.25328
789 -0.11566
790 0.000708609
791 -0.0778327
792 -0.152445
793 -0.22698
794 -0.269384
795 -0.294135
796 -0.31065
797 -0.323399
798 -0.332974
799 -0.340423 
800 -0.343682
801 -0.347198
802 -0.350686
803 -0.347947
804 -0.340218
805 -0.326508
806 -0.283652
807 -0.155492
808 -0.000724991
809 0.0219115
810 -0.101216
811 -0.177884
812 -0.21809
813 -0.24985
814 -0.268706
815 -0.281333
816 -0.294383
817 -0.303626
818 -0.31013
819 -0.314024
820 -0.313831
821 -0.308871
822 -0.2976
823 -0.275025
824 -0.23153
825 -0.167198
826 -0.0931473
827 -0.0392318
828 -0.0248846 
829 -0.0518345
830 -0.0684677
831 -0.0719473
832 -0.0899362
833 -0.143767
834 -0.221876
835 -0.288657
836 -0.320876
837 -0.329869
838 -0.335566
839 -0.33567
840 -0.339113
841 -0.344679
842 -0.346114
843 -0.34928
844 -0.354399
845 -0.347302
846 -0.349338
847 -0.34963
848 -0.34848
849 -0.351404
850 -0.353107
851 -0.350359
852 -0.350884
853 -0.353438
854 -0.358115
855 -0.356545
856 -0.355864
857 -0.35368 
858 -0.354257
859 -0.357138
860 -0.355027
861 -0.355089
862 -0.358312
863 -0.36185
864 -0.360835
865 -0.364228
866 -0.360997
867 -0.358616
868 -0.357927
869 -0.358572
870 -0.357572
871 -0.357982
872 -0.353534 
873 -0.351901
874 -0.352357
875 -0.356409
876 -0.36023
877 -0.358658
878 -0.34417
879 -0.352345
880 -0.358029
881 -0.342036
882 -0.349087
883 -0.353123
884 -0.356043
885 -0.360953
886 -0.349905
887 -0.358086 
888 -0.358806
889 -0.358413
890 -0.357712
891 -0.36383
892 -0.354191
893 -0.359373
894 -0.361054
895 -0.362267
896 -0.357534
897 -0.356592
898 -0.357591
899 -0.357639
900 -0.354314
901 -0.354313
902 -0.354719 
903 -0.355621
904 -0.353744
905 -0.354133
906 -0.353114
907 -0.352274
908 -0.353207
909 -0.348914
910 -0.358349
911 -0.35651
912 -0.359083
913 -0.360213
914 -0.362184
915 -0.360085
916 -0.361454
917 -0.359857 
918 -0.35789
919 -0.358754
920 -0.360581
921 -0.361652
922 -0.359581
923 -0.363099
924 -0.361237
925 -0.362424
926 -0.36036
927 -0.357025
928 -0.357967
929 -0.356045
930 -0.355448
931 -0.354527
932 -0.35754 
933 -0.35177
934 -0.352808
935 -0.353155
936 -0.351329
937 -0.348525
938 -0.344617
939 -0.343592
940 -0.344231
941 -0.345974
942 -0.345818
943 -0.347124
944 -0.345151
945 -0.343591
946 -0.342242
947 -0.340411 
948 -0.335782
949 -0.324132
950 -0.308191
951 -0.278453
952 -0.226703
953 -0.148008
954 -0.0555719
955 -0.00411813
956 -0.0208686
957 -0.0885517
958 -0.171261
959 -0.234007
960 -0.273355
961 -0.292763 
962 -0.302393
963 -0.312714
964 -0.319528
965 -0.324278
966 -0.330887
967 -0.329865
968 -0.331828
969 -0.334003
970 -0.335108
971 -0.337152
972 -0.337193
973 -0.344269
974 -0.343415
975 -0.344428
976 -0.347273
977 -0.350599
978 -0.350478
979 -0.346178
980 -0.346336
981 -0.348543
982 -0.351145
983 -0.351087
984 -0.350792
985 -0.353462
986 -0.353181
987 -0.355202
988 -0.356551
989 -0.356785
990 -0.358644 
991 -0.358258
992 -0.360293
993 -0.362549
994 -0.362134
995 -0.363077
996 -0.366345
997 -0.367493
998 -0.368364
999 -0.368645
1000 -0.368885
1001 -0.36851
1002 -0.36927
1003 -0.367181
1004 -0.366734
1005 -0.366661
1006 -0.363594
1007 -0.360315
1008 -0.352351
1009 -0.340866
1010 -0.332487
1011 -0.319522
1012 -0.306285
1013 -0.294141
1014 -0.285614
1015 -0.296478
1016 -0.305261
1017 -0.342609
1018 -0.366318 
1019 -0.374924
1020 -0.369459
1021 -0.38136
1022 -0.370961
1023 -0.380168
1024 -0.379519
1025 -0.378886
1026 -0.378207
1027 -0.382011
1028 -0.379205
1029 -0.379387
1030 -0.383963
1031 -0.383109
1032 -0.383421 
1033 -0.386517
1034 -0.384394
1035 -0.385161
1036 -0.384245
1037 -0.384715
1038 -0.3841
1039 -0.381732
1040 -0.384392
1041 -0.382077
1042 -0.380758
1043 -0.376206
1044 -0.378747
1045 -0.37976
1046 -0.375384 
1047 -0.381719
1048 -0.379238
1049 -0.380877
1050 -0.381768
1051 -0.38108
1052 -0.382134
1053 -0.382932
1054 -0.389448
1055 -0.387467
1056 -0.385525
1057 -0.38372
1058 -0.386794
1059 -0.385358
1060 -0.386132 
1061 -0.386636
1062 -0.390798
1063 -0.404336
1064 -0.412536
1065 -0.401198
1066 -0.383612
1067 -0.383249
1068 -0.378411
1069 -0.378998
1070 -0.38118
1071 -0.370635
1072 -0.33883
1073 -0.258064
1074 -0.194652 
1075 -0.221201
1076 -0.291111
1077 -0.326794
1078 -0.339029
1079 -0.350751
1080 -0.355586
1081 -0.360265
1082 -0.364826
1083 -0.366928
1084 -0.370745
1085 -0.37445
1086 -0.374651
1087 -0.372208
1088 -0.376548 
1089 -0.372304
1090 -0.372847
1091 -0.372125
1092 -0.366616
1093 -0.372921
1094 -0.365595
1095 -0.364097
1096 -0.361869
1097 -0.361368
1098 -0.364147
1099 -0.361097
1100 -0.357761
1101 -0.350577
1102 -0.316193
1103 -0.26582
1104 -0.172005
1105 -0.0699991
1106 -0.0422128
1107 -0.0723924
1108 -0.169042
1109 -0.244934
1110 -0.273869
1111 -0.285551
1112 -0.313272
1113 -0.314406
1114 -0.315207
1115 -0.327275 
1116 -0.328708
1117 -0.335566
1118 -0.337296
1119 -0.338195
1120 -0.344587
1121 -0.347673
1122 -0.352252
1123 -0.354933
1124 -0.357696
1125 -0.362053
1126 -0.362323
1127 -0.36356
1128 -0.365254
1129 -0.366938 
1130 -0.369244
1131 -0.36793
1132 -0.36856
1133 -0.369418
1134 -0.369355
1135 -0.372656
1136 -0.373741
1137 -0.362108
1138 -0.390459
1139 -0.373452
1140 -0.373901
1141 -0.372464
1142 -0.372561
1143 -0.37134 
1144 -0.375361
1145 -0.375145
1146 -0.37284
1147 -0.375822
1148 -0.37651
1149 -0.375852
1150 -0.37267
1151 -0.373812
1152 -0.375946
1153 -0.372273
1154 -0.369598
1155 -0.368625
1156 -0.368004
1157 -0.364887 
1158 -0.362283
1159 -0.358325
1160 -0.353184
1161 -0.347421
1162 -0.337973
1163 -0.328363
1164 -0.308781
1165 -0.241707
1166 -0.0896306
1167 0.0785784
1168 0.0916005
1169 -0.0309781
1170 -0.134408
1171 -0.14233
1172 -0.0767065
1173 -0.00240502
1174 0.0333164
1175 -0.0424411
1176 -0.124277
1177 -0.173199
1178 -0.208858
1179 -0.234244
1180 -0.253577
1181 -0.269386
1182 -0.281596
1183 -0.298894
1184 -0.310786 
1185 -0.321429
1186 -0.335531
1187 -0.353934
1188 -0.361063
1189 -0.357064
1190 -0.357059
1191 -0.354076
1192 -0.35159
1193 -0.354068
1194 -0.352841
1195 -0.356103
1196 -0.354412
1197 -0.352578
1198 -0.354151 
1199 -0.355845
1200 -0.357308
1201 -0.354136
1202 -0.356273
1203 -0.353604
1204 -0.354746
1205 -0.352254
1206 -0.352276
1207 -0.352647
1208 -0.351939
1209 -0.351707
1210 -0.349542
1211 -0.351368
1212 -0.349043
1213 -0.350637
1214 -0.3522
1215 -0.354484
1216 -0.355233
1217 -0.354217
1218 -0.353792
1219 -0.358042
1220 -0.358597
1221 -0.356721
1222 -0.356758
1223 -0.355882
1224 -0.355168
1225 -0.349973 
1226 -0.191642
1227 -0.0946139
1228 -0.0749084
1229 -0.048629
1230 -0.0142495
1231 -0.0178178
1232 -0.00238263
1233 -0.0128767
1234 -0.00684155
1235 0.00134479
1236 0.0205665
1237 0.0110097
1238 0.00474514 
1239 -0.00687236
1240 9.76402e-05
