:runabs2_sun  from pixel 0 to 1240 from stripe 4 to 14
:I0 number of accum:  10
:Sample number of accum: 10
:Sample position : alfie
:I0 position  : i0_alfie
:Integration time sample (ms) : 20
:Integration time I0 (ms) : 0.5
:file_descriptor : gete
:background substraction YES
:background acquisition YES
:N 
: Mon Oct  6 02:31:44 2003
0 0.125545
1 0.0731361
2 0.0319384
3 0.00420117
4 -0.00986019
5 -0.0199894
6 -0.0292566
7 -0.036199
8 -0.041294
9 -0.045034
10 -0.0505548
11 -0.0537293
12 -0.0557502
13 -0.0572763
14 -0.0592174
15 -0.0564255 
16 -0.0581939
17 -0.0578304
18 -0.0582925
19 -0.0537914
20 -0.0511523
21 -0.0466071
22 -0.0454165
23 -0.0367928
24 -0.0271208
25 -0.0163176
26 -0.00878759
27 -0.000877889
28 0.0114434
29 0.022836
30 0.0401227 
31 0.0590995
32 0.0877459
33 0.111019
34 0.137991
35 0.169965
36 0.172732
37 0.122934
38 0.0377123
39 -0.0384539
40 -0.0748011
41 -0.0843782
42 -0.0895481
43 -0.0938677
44 -0.0986791
45 -0.100018
46 -0.103016 
47 -0.103442
48 -0.106185
49 -0.107261
50 -0.109959
51 -0.111459
52 -0.114006
53 -0.113659
54 -0.115713
55 -0.116342
56 -0.117413
57 -0.117878
58 -0.117896
59 -0.117624
60 -0.11695
61 -0.11681
62 -0.117761 
63 -0.115068
64 -0.11167
65 -0.104539
66 -0.0869937
67 -0.0396476
68 0.0154366
69 0.0222187
70 0.00886749
71 0.0200048
72 -0.0171473
73 -0.0754642
74 -0.0983323
75 -0.104933
76 -0.109958
77 -0.116149 
78 -0.117293
79 -0.118083
80 -0.119723
81 -0.12195
82 -0.125552
83 -0.126908
84 -0.129591
85 -0.134642
86 -0.137876
87 -0.139531
88 -0.140214
89 -0.14149
90 -0.143864
91 -0.141022
92 -0.150954
93 -0.147856 
94 -0.150034
95 -0.148935
96 -0.150093
97 -0.150312
98 -0.151548
99 -0.152175
100 -0.153415
101 -0.155346
102 -0.155509
103 -0.156514
104 -0.154447
105 -0.153675
106 -0.153983
107 -0.154701
108 -0.155078 
109 -0.156489
110 -0.15881
111 -0.159456
112 -0.158308
113 -0.162849
114 -0.159149
115 -0.159687
116 -0.16146
117 -0.160865
118 -0.164024
119 -0.168364
120 -0.164472
121 -0.165051
122 -0.164899
123 -0.161317 
124 -0.165891
125 -0.167508
126 -0.167373
127 -0.164435
128 -0.163444
129 -0.163197
130 -0.164985
131 -0.164749
132 -0.166459
133 -0.168401
134 -0.168274
135 -0.167792
136 -0.168306
137 -0.168135
138 -0.16661
139 -0.164079
140 -0.160727
141 -0.158014
142 -0.154867
143 -0.153971
144 -0.152725
145 -0.148784
146 -0.143948
147 -0.137369
148 -0.127862
149 -0.114379
150 -0.0886404
151 -0.051774
152 0.00895968 
153 0.101151
154 0.198782
155 0.292465
156 0.340954
157 0.348629
158 0.328793
159 0.302054
160 0.268424
161 0.234759
162 0.202012
163 0.164788
164 0.139152
165 0.108507
166 0.0923887
167 0.0785606
168 0.0670002
169 0.0598066
170 0.0548452
171 0.0551679
172 0.0513265
173 0.0517225
174 0.0503175
175 0.0469964
176 0.0459029
177 0.0450358
178 0.0458482
179 0.0465023
180 0.0454897
181 0.043604
182 0.0392502 
183 0.0382398
184 0.0430239
185 0.0388721
186 0.0414883
187 0.0428598
188 0.0434746
189 0.043956
190 0.0453703
191 0.0456829
192 0.0437103
193 0.0441697
194 0.0348714
195 0.0482168
196 0.0317312
197 0.0315175 
198 0.0300318
199 0.0273563
200 0.0252795
201 0.0236283
202 0.0210552
203 0.0182928
204 0.0192458
205 0.0162743
206 0.0155276
207 0.0185938
208 0.0169041
209 0.0151792
210 0.0100262
211 0.00610645
212 0.00376447
213 0.00324445
214 0.00188596
215 0.00802783
216 -0.00315333
217 -0.000532917
218 -0.002464
219 0.00253129
220 0.00443598
221 0.00496699
222 0.00984428
223 0.0126202
224 0.0174314
225 0.0207179 
226 0.0230924
227 0.0228054
228 0.0217888
229 0.0225856
230 0.0245784
231 0.0249352
232 0.0233191
233 0.0285551
234 0.0227703
235 0.0214601
236 0.0253011
237 0.0245962
238 0.0261503
239 0.0259098
240 0.0247046
241 0.0253146
242 0.0200743
243 0.0211915
244 0.0201405
245 0.0193921
246 0.0208353
247 0.0213794
248 0.0216789
249 0.0204199
250 0.0206809
251 0.0223893
252 0.0243923
253 0.0231704
254 0.0245591 
255 0.0250958
256 0.0268739
257 0.0251118
258 0.0227872
259 0.0219721
260 0.0221245
261 0.0232041
262 0.0210104
263 0.0196503
264 0.021916
265 0.0221963
266 0.0217707
267 0.0233711
268 0.0217975
269 0.0236691 
270 0.0211202
271 0.0238571
272 0.0235617
273 0.0212068
274 0.0250948
275 0.0271133
276 0.0261948
277 0.0283186
278 0.0285471
279 0.0332439
280 0.0302167
281 0.0243566
282 0.0266323
283 0.0270989
284 0.029159
285 0.0283014
286 0.0269874
287 0.02873
288 0.028349
289 0.0261588
290 0.0261283
291 0.0291068
292 0.0262774
293 0.0247944
294 0.0294468
295 0.0286486
296 0.0261723
297 0.0263358
298 0.0271724 
299 0.0275852
300 0.0272754
301 0.023058
302 0.0239775
303 0.0224946
304 0.0241593
305 0.0261957
306 0.025714
307 0.0258304
308 0.0253565
309 0.0282019
310 0.0248401
311 0.0313814
312 0.0210947
313 0.0276224 
314 0.0271362
315 0.0269724
316 0.0284336
317 0.0259784
318 0.028299
319 0.0304933
320 0.0250354
321 0.0269392
322 0.0286157
323 0.0275425
324 0.0261383
325 0.0277861
326 0.030569
327 0.0280717
328 0.0293186 
329 0.0266267
330 0.024829
331 0.0252878
332 0.0253801
333 0.0310319
334 0.0282501
335 0.0259181
336 0.0305884
337 0.0305594
338 0.0367133
339 0.0337824
340 0.0301383
341 0.0341707
342 0.0414464
343 0.0487653 
344 0.0361807
345 0.0347198
346 0.033216
347 0.0332101
348 0.0383158
349 0.0410179
350 0.0393371
351 0.0332143
352 0.048992
353 0.0367307
354 0.0389899
355 0.0372324
356 0.0362175
357 0.036951
358 0.0375632 
359 0.0349337
360 0.0367524
361 0.0342931
362 0.0333736
363 0.0303225
364 0.0307546
365 0.0297883
366 0.0322986
367 0.0352106
368 0.0347483
369 0.0346379
370 0.0348838
371 0.0510367
372 0.0372206
373 0.0377561
374 0.0396818
375 0.0378204
376 0.0418535
377 0.0441463
378 0.0444386
379 0.0420923
380 0.0428942
381 0.0452012
382 0.0449112
383 0.0447578
384 0.0428009
385 0.0429305
386 0.0456687
387 0.042238 
388 0.0405096
389 0.0414684
390 0.0405461
391 0.0447004
392 0.0431277
393 0.0439541
394 0.0427262
395 0.0446992
396 0.044984
397 0.045011
398 0.0460595
399 0.0437862
400 0.0435338
401 0.0418468
402 0.041896 
403 0.0416948
404 0.0412737
405 0.0421453
406 0.0425988
407 0.0431801
408 0.0445414
409 0.0436815
410 0.0409046
411 0.0465259
412 0.043701
413 0.0434522
414 0.0449716
415 0.043875
416 0.04358
417 0.0442026 
418 0.0436982
419 0.0449708
420 0.0471917
421 0.0439641
422 0.0432703
423 0.0451984
424 0.0443119
425 0.0476717
426 0.0481196
427 0.0462573
428 0.0482783
429 0.0495511
430 0.0464591
431 0.045556
432 0.0473357 
433 0.047795
434 0.0483359
435 0.0481184
436 0.0478361
437 0.0475021
438 0.0528745
439 0.047791
440 0.048015
441 0.0442881
442 0.0489394
443 0.0583077
444 0.0491583
445 0.0489559
446 0.0425152
447 0.0432377 
448 0.0447324
449 0.0435031
450 0.0460048
451 0.0429527
452 0.0438866
453 0.0441505
454 0.0426336
455 0.0435421
456 0.0478156
457 0.0436705
458 0.0452259
459 0.0465521
460 0.0470804
461 0.0483661
462 0.0476634
463 0.0462497
464 0.0458571
465 0.0407385
466 0.0398532
467 0.0407572
468 0.0393389
469 0.043833
470 0.0402948
471 0.0421151
472 0.0388681
473 0.0407508
474 0.041205
475 0.0419009
476 0.0426272 
477 0.0416306
478 0.0407847
479 0.0416155
480 0.0426042
481 0.0418907
482 0.0425459
483 0.0417872
484 0.0398184
485 0.0421169
486 0.0395646
487 0.0390568
488 0.0375185
489 0.0379595
490 0.0410685
491 0.0389725
492 0.0371378
493 0.0383066
494 0.0378468
495 0.0404084
496 0.0337984
497 0.0383999
498 0.0358606
499 0.0345915
500 0.0378875
501 0.0411756
502 0.036134
503 0.0342118
504 0.0606321
505 0.0464216 
506 0.0447412
507 0.0431843
508 0.0418588
509 0.0418523
510 0.0416967
511 0.0391177
512 0.0397577
513 0.0416917
514 0.0467549
515 0.0466524
516 0.0476755
517 0.0482952
518 0.0508897
519 0.0494072
520 0.049149
521 0.048197
522 0.0478806
523 0.0522332
524 0.0535077
525 0.0546346
526 0.058216
527 0.0614514
528 0.0632679
529 0.0666772
530 0.0652414
531 0.0603251
532 0.0582829
533 0.0555042
534 0.059052 
535 0.0596415
536 0.0589699
537 0.0633101
538 0.0661156
539 0.0577953
540 0.0540973
541 0.0526788
542 0.0525834
543 0.0546134
544 0.054997
545 0.0559766
546 0.0579942
547 0.0617895
548 0.0641678
549 0.0642033 
550 0.0668933
551 0.0711736
552 0.0759808
553 0.0758263
554 0.0791591
555 0.0842739
556 0.0925389
557 0.102269
558 0.112961
559 0.130949
560 0.161096
561 0.225252
562 0.328517
563 0.489412
564 0.612964 
565 0.627151
566 0.517467
567 0.368401
568 0.259989
569 0.202483
570 0.176543
571 0.161622
572 0.152157
573 0.144443
574 0.137811
575 0.132221
576 0.128058
577 0.124651
578 0.120982
579 0.118951
580 0.118484 
581 0.116311
582 0.118667
583 0.114255
584 0.114468
585 0.113908
586 0.113445
587 0.110628
588 0.112977
589 0.113333
590 0.113281
591 0.112635
592 0.110799
593 0.108163
594 0.101987
595 0.101246
596 0.102637 
597 0.102394
598 0.101098
599 0.102447
600 0.100241
601 0.0875125
602 0.0840666
603 0.104964
604 0.0984396
605 0.0955686
606 0.0957309
607 0.0965576
608 0.0928927
609 0.0941019
610 0.0938711
611 0.0932043 
612 0.0955732
613 0.0942875
614 0.0949869
615 0.0950817
616 0.0997207
617 0.0982777
618 0.0978341
619 0.098427
620 0.0966529
621 0.103956
622 0.112146
623 0.114304
624 0.134914
625 0.18175
626 0.326323 
627 0.480956
628 0.508687
629 0.399782
630 0.324542
631 0.2726
632 0.246211
633 0.223105
634 0.201866
635 0.18573
636 0.175538
637 0.168473
638 0.160172
639 0.155259
640 0.154024
641 0.147051
642 0.141296 
643 0.158248
644 0.149172
645 0.149548
646 0.14859
647 0.1416
648 0.156531
649 0.160104
650 0.138837
651 0.139658
652 0.127414
653 0.11904
654 0.113683
655 0.11294
656 0.118345
657 0.114679
658 0.114642 
659 0.114474
660 0.113227
661 0.114506
662 0.115689
663 0.111981
664 0.114047
665 0.113425
666 0.113399
667 0.112582
668 0.112609
669 0.111019
670 0.109798
671 0.109736
672 0.11031
673 0.109407
674 0.11152 
675 0.112105
676 0.111672
677 0.111212
678 0.110644
679 0.111562
680 0.113263
681 0.112502
682 0.110605
683 0.106444
684 0.109158
685 0.112229
686 0.102666
687 0.111789
688 0.112716
689 0.11441
690 0.118098 
691 0.115536
692 0.11456
693 0.115918
694 0.112197
695 0.110612
696 0.112402
697 0.114761
698 0.115423
699 0.115353
700 0.116504
701 0.116991
702 0.11833
703 0.11934
704 0.124393
705 0.126332
706 0.128366 
707 0.12854
708 0.127587
709 0.125305
710 0.123737
711 0.127623
712 0.133255
713 0.136086
714 0.135523
715 0.136992
716 0.124494
717 0.167859
718 0.154708
719 0.21162
720 0.311266
721 0.429677
722 0.487476 
723 0.422012
724 0.352792
725 0.318405
726 0.293312
727 0.271081
728 0.259225
729 0.246816
730 0.238078
731 0.229332
732 0.221233
733 0.211462
734 0.20608
735 0.200146
736 0.197073
737 0.192978
738 0.188392 
739 0.185034
740 0.181801
741 0.178547
742 0.180054
743 0.179185
744 0.177747
745 0.177883
746 0.175709
747 0.170171
748 0.163603
749 0.155601
750 0.14926
751 0.144605
752 0.143559
753 0.143052
754 0.142617 
755 0.140641
756 0.138292
757 0.138741
758 0.138199
759 0.137391
760 0.139401
761 0.140566
762 0.141586
763 0.14383
764 0.145402
765 0.145495
766 0.145325
767 0.145383
768 0.145746
769 0.146824
770 0.149505 
771 0.148224
772 0.149056
773 0.152286
774 0.151521
775 0.152857
776 0.159427
777 0.159413
778 0.160358
779 0.158578
780 0.16264
781 0.163576
782 0.169505
783 0.173844
784 0.183994
785 0.210815
786 0.276942 
787 0.398981
788 0.520269
789 0.510078
790 0.435068
791 0.368913
792 0.325739
793 0.299152
794 0.276758
795 0.258917
796 0.246915
797 0.236662
798 0.226651
799 0.219968
800 0.214979
801 0.211812
802 0.212353 
803 0.215506
804 0.218362
805 0.225179
806 0.268737
807 0.376135
808 0.486553
809 0.487389
810 0.41687
811 0.365499
812 0.330408
813 0.310359
814 0.293015
815 0.277714
816 0.265574
817 0.255436
818 0.246213 
819 0.237812
820 0.231046
821 0.226986
822 0.220768
823 0.218443
824 0.213659
825 0.211585
826 0.207154
827 0.205905
828 0.206438
829 0.209497
830 0.212329
831 0.217525
832 0.233484
833 0.263532
834 0.315524 
835 0.395904
836 0.484781
837 0.552174
838 0.581784
839 0.577589
840 0.549809
841 0.50238
842 0.440504
843 0.358963
844 0.28436
845 0.237975
846 0.217239
847 0.209314
848 0.205938
849 0.202926
850 0.198495 
851 0.196205
852 0.195224
853 0.195677
854 0.195462
855 0.196919
856 0.193324
857 0.193744
858 0.192885
859 0.191731
860 0.190522
861 0.190603
862 0.190508
863 0.189122
864 0.18919
865 0.189567
866 0.189212 
867 0.187597
868 0.186037
869 0.18637
870 0.186352
871 0.175082
872 0.179927
873 0.181431
874 0.182762
875 0.183733
876 0.189341
877 0.174323
878 0.183542
879 0.178046
880 0.171398
881 0.170676
882 0.169254 
883 0.170221
884 0.168321
885 0.164054
886 0.170011
887 0.167395
888 0.17079
889 0.173396
890 0.174555
891 0.172047
892 0.175463
893 0.174459
894 0.172654
895 0.168605
896 0.170095
897 0.169328
898 0.170411 
899 0.167949
900 0.168727
901 0.167982
902 0.164792
903 0.162669
904 0.163641
905 0.163855
906 0.163105
907 0.162258
908 0.158983
909 0.160675
910 0.159226
911 0.163524
912 0.161797
913 0.161394
914 0.161327 
915 0.161145
916 0.161216
917 0.161171
918 0.161387
919 0.16126
920 0.161183
921 0.161354
922 0.16406
923 0.160712
924 0.163012
925 0.162059
926 0.162927
927 0.161208
928 0.161888
929 0.164258
930 0.163416 
931 0.160694
932 0.159135
933 0.159853
934 0.159262
935 0.157291
936 0.158386
937 0.153214
938 0.152727
939 0.156072
940 0.163267
941 0.166548
942 0.170964
943 0.173277
944 0.176118
945 0.176297
946 0.178542 
947 0.187784
948 0.21345
949 0.261785
950 0.337986
951 0.440584
952 0.537106
953 0.568438
954 0.526906
955 0.442305
956 0.370399
957 0.310525
958 0.266947
959 0.236797
960 0.217982
961 0.205071
962 0.197915 
963 0.190541
964 0.188451
965 0.18182
966 0.178415
967 0.175952
968 0.173074
969 0.168298
970 0.169136
971 0.167764
972 0.169619
973 0.16634
974 0.168408
975 0.167169
976 0.162732
977 0.162514
978 0.164445 
979 0.163853
980 0.162742
981 0.165792
982 0.166201
983 0.165472
984 0.165955
985 0.165
986 0.164995
987 0.163584
988 0.161849
989 0.161647
990 0.160054
991 0.15537
992 0.155034
993 0.155616
994 0.156657 
995 0.157605
996 0.157373
997 0.155303
998 0.156925
999 0.156943
1000 0.15718
1001 0.158368
1002 0.157952
1003 0.158793
1004 0.157198
1005 0.156585
1006 0.156406
1007 0.156483
1008 0.156851
1009 0.157766 
1010 0.156296
1011 0.156301
1012 0.156926
1013 0.153707
1014 0.155935
1015 0.151392
1016 0.159189
1017 0.155134
1018 0.155303
1019 0.154534
1020 0.162147
1021 0.156588
1022 0.175167
1023 0.182739
1024 0.204052
1025 0.22679
1026 0.243404
1027 0.242819
1028 0.227551
1029 0.187157
1030 0.166186
1031 0.161402
1032 0.159619
1033 0.157498
1034 0.157324
1035 0.154117
1036 0.152434
1037 0.149585
1038 0.148514 
1039 0.146404
1040 0.146748
1041 0.145741
1042 0.144108
1043 0.149643
1044 0.151386
1045 0.150985
1046 0.153251
1047 0.152257
1048 0.152462
1049 0.153193
1050 0.153204
1051 0.15589
1052 0.15498
1053 0.156572 
1054 0.161891
1055 0.160974
1056 0.152943
1057 0.151181
1058 0.148835
1059 0.14826
1060 0.147717
1061 0.149376
1062 0.148578
1063 0.150335
1064 0.150269
1065 0.151172
1066 0.152966
1067 0.152505
1068 0.159744
1069 0.164801
1070 0.17866
1071 0.220627
1072 0.301515
1073 0.367611
1074 0.353819
1075 0.299191
1076 0.249265
1077 0.206587
1078 0.184144
1079 0.173978
1080 0.172339
1081 0.16869
1082 0.166513 
1083 0.164776
1084 0.16144
1085 0.159599
1086 0.158399
1087 0.15835
1088 0.157383
1089 0.157344
1090 0.157433
1091 0.157742
1092 0.157335
1093 0.15387
1094 0.157698
1095 0.15466
1096 0.152985
1097 0.154447 
1098 0.15284
1099 0.155161
1100 0.154579
1101 0.159874
1102 0.168856
1103 0.177211
1104 0.211967
1105 0.276515
1106 0.36944
1107 0.448807
1108 0.439836
1109 0.360973
1110 0.285909
1111 0.263997
1112 0.23634 
1113 0.234852
1114 0.230497
1115 0.218221
1116 0.217391
1117 0.209478
1118 0.204003
1119 0.201082
1120 0.199697
1121 0.1985
1122 0.193583
1123 0.194506
1124 0.192879
1125 0.191259
1126 0.189731
1127 0.181431 
1128 0.171928
1129 0.163402
1130 0.155112
1131 0.15182
1132 0.150112
1133 0.148651
1134 0.150303
1135 0.149891
1136 0.146448
1137 0.156238
1138 0.138913
1139 0.150686
1140 0.148652
1141 0.145464
1142 0.147318
1143 0.146134
1144 0.143954
1145 0.142394
1146 0.141665
1147 0.141187
1148 0.141022
1149 0.13741
1150 0.136698
1151 0.138497
1152 0.140367
1153 0.141722
1154 0.140565
1155 0.140007
1156 0.139455 
1157 0.139605
1158 0.141229
1159 0.142112
1160 0.139787
1161 0.137887
1162 0.142881
1163 0.149281
1164 0.152987
1165 0.159082
1166 0.164653
1167 0.191974
1168 0.253767
1169 0.370999
1170 0.500185
1171 0.522796
1172 0.426393
1173 0.348869
1174 0.348786
1175 0.406646
1176 0.483954
1177 0.540581
1178 0.491718
1179 0.412557
1180 0.36129
1181 0.324675
1182 0.296726
1183 0.274135
1184 0.25863
1185 0.248232 
1186 0.235456
1187 0.223037
1188 0.212823
1189 0.204774
1190 0.196698
1191 0.191402
1192 0.185244
1193 0.176649
1194 0.172088
1195 0.168423
1196 0.164112
1197 0.163414
1198 0.159846
1199 0.155598
1200 0.150144
1201 0.139762
1202 0.12842
1203 0.127524
1204 0.136082
1205 0.14407
1206 0.145338
1207 0.14884
1208 0.145659
1209 0.147997
1210 0.14764
1211 0.143809
1212 0.141934
1213 0.142569
1214 0.141718 
1215 0.136588
1216 0.132802
1217 0.131833
1218 0.129836
1219 0.128046
1220 0.123698
1221 0.123964
1222 0.122043
1223 0.116572
1224 0.0938027
1225 0.0907437
1226 0.172279
1227 0.219707
1228 0.260195
1229 0.271818
1230 0.314827
1231 0.314561
1232 0.353126
1233 0.364544
1234 0.39153
1235 0.420398
1236 0.408424
1237 0.426085
1238 0.462049
1239 0.454808
1240 0.417185
