:runabs2_sun  from pixel 0 to 1240 from stripe 4 to 14
:I0 number of accum:  10
:Sample number of accum: 10
:Sample position : ref
:I0 position  : i0_slit
:Integration time sample (ms) : 10
:Integration time I0 (ms) : 0.5
:file_descriptor : GeSbTe
:background substraction YES
:background acquisition YES
:N 
: Sun Oct  5 14:25:55 2003
0 -0.193148
1 -0.19329
2 -0.193519
3 -0.193918
4 -0.194462
5 -0.193981
6 -0.194372
7 -0.193777
8 -0.194596
9 -0.195655
10 -0.196881
11 -0.195919
12 -0.197006
13 -0.197423
14 -0.198109
15 -0.199397
16 -0.198829 
17 -0.200615
18 -0.201068
19 -0.200785
20 -0.201807
21 -0.201972
22 -0.202007
23 -0.201799
24 -0.202267
25 -0.20298
26 -0.203395
27 -0.204141
28 -0.202726
29 -0.203382
30 -0.203374
31 -0.203901
32 -0.203335 
33 -0.205623
34 -0.204886
35 -0.204505
36 -0.204981
37 -0.20507
38 -0.205743
39 -0.205137
40 -0.204833
41 -0.205549
42 -0.206104
43 -0.205502
44 -0.205847
45 -0.205914
46 -0.206353
47 -0.206584
48 -0.206597 
49 -0.207688
50 -0.207915
51 -0.208581
52 -0.208444
53 -0.208191
54 -0.208903
55 -0.209189
56 -0.209748
57 -0.209882
58 -0.210478
59 -0.210294
60 -0.210775
61 -0.210757
62 -0.211459
63 -0.211205
64 -0.211702 
65 -0.212393
66 -0.212391
67 -0.212384
68 -0.212614
69 -0.212069
70 -0.212427
71 -0.212319
72 -0.212801
73 -0.21304
74 -0.213447
75 -0.213408
76 -0.212956
77 -0.212425
78 -0.21261
79 -0.212689
80 -0.213148 
81 -0.213218
82 -0.212999
83 -0.213322
84 -0.21443
85 -0.21356
86 -0.213246
87 -0.213209
88 -0.212083
89 -0.212579
90 -0.212242
91 -0.212582
92 -0.212254
93 -0.210978
94 -0.212677
95 -0.21251
96 -0.212513 
97 -0.211862
98 -0.211316
99 -0.212255
100 -0.212401
101 -0.212494
102 -0.213322
103 -0.213201
104 -0.213384
105 -0.214105
106 -0.214793
107 -0.214734
108 -0.214728
109 -0.21602
110 -0.214895
111 -0.216171 
112 -0.215849
113 -0.216692
114 -0.216566
115 -0.216018
116 -0.216489
117 -0.216646
118 -0.216863
119 -0.216501
120 -0.216028
121 -0.215136
122 -0.215541
123 -0.215392
124 -0.214625
125 -0.21316
126 -0.212112 
127 -0.211188
128 -0.210337
129 -0.210237
130 -0.209525
131 -0.208165
132 -0.206559
133 -0.206504
134 -0.204293
135 -0.201706
136 -0.199484
137 -0.196305
138 -0.194081
139 -0.190571
140 -0.185703
141 -0.181642
142 -0.176836
143 -0.171062
144 -0.162581
145 -0.152838
146 -0.139341
147 -0.124512
148 -0.10153
149 -0.0697091
150 -0.0249227
151 0.0425007
152 0.149499
153 0.315175
154 0.554269
155 0.843179 
156 1.1094
157 1.25314
158 1.2763
159 1.22099
160 1.12814
161 1.02541
162 0.926412
163 0.848219
164 0.794864
165 0.7586
166 0.736461
167 0.718873
168 0.703558
169 0.687311
170 0.672412
171 0.656259
172 0.641617
173 0.627453
174 0.612225
175 0.600599
176 0.588456
177 0.576421
178 0.567958
179 0.560179
180 0.552903
181 0.547813
182 0.546481
183 0.544026
184 0.542492
185 0.545723
186 0.546707
187 0.548971 
188 0.551801
189 0.555157
190 0.557876
191 0.560404
192 0.564084
193 0.567286
194 0.571958
195 0.570369
196 0.57211
197 0.574584
198 0.57504
199 0.575049
200 0.573881
201 0.572446
202 0.570191
203 0.567048 
204 0.563513
205 0.560084
206 0.555825
207 0.55106
208 0.547125
209 0.540146
210 0.535723
211 0.531866
212 0.526576
213 0.521729
214 0.519289
215 0.512448
216 0.513189
217 0.510501
218 0.507599
219 0.508402 
220 0.507658
221 0.50713
222 0.507264
223 0.508096
224 0.509208
225 0.511696
226 0.512193
227 0.515736
228 0.518146
229 0.520784
230 0.523948
231 0.527429
232 0.530227
233 0.532685
234 0.538604
235 0.540487 
236 0.543266
237 0.544866
238 0.54984
239 0.553187
240 0.553924
241 0.558048
242 0.559973
243 0.560435
244 0.561561
245 0.563516
246 0.564265
247 0.566439
248 0.566455
249 0.565913
250 0.565699
251 0.565913 
252 0.564674
253 0.563363
254 0.56263
255 0.562167
256 0.560139
257 0.558471
258 0.55697
259 0.556334
260 0.553597
261 0.551998
262 0.55008
263 0.548063
264 0.547091
265 0.545821
266 0.543352
267 0.54179 
268 0.538736
269 0.53767
270 0.536103
271 0.534338
272 0.533704
273 0.532792
274 0.530651
275 0.528837
276 0.528421
277 0.527415
278 0.527292
279 0.525065
280 0.525247
281 0.5243
282 0.523768
283 0.524202 
284 0.523842
285 0.523292
286 0.523205
287 0.523233
288 0.523611
289 0.523269
290 0.52326
291 0.523417
292 0.524123
293 0.524329
294 0.525051
295 0.525922
296 0.526322
297 0.526052
298 0.527915
299 0.527148 
300 0.528263
301 0.528751
302 0.528459
303 0.528045
304 0.5284
305 0.528727
306 0.528598
307 0.529351
308 0.528201
309 0.528231
310 0.528719
311 0.529072
312 0.528448
313 0.527014
314 0.52737
315 0.526745 
316 0.527541
317 0.527473
318 0.526468
319 0.525088
320 0.525402
321 0.524442
322 0.523453
323 0.523337
324 0.523384
325 0.523411
326 0.520966
327 0.521645
328 0.520794
329 0.520169
330 0.51963
331 0.518518 
332 0.517453
333 0.516591
334 0.516023
335 0.515415
336 0.514467
337 0.514346
338 0.513776
339 0.512608
340 0.511823
341 0.511485
342 0.509875
343 0.512144
344 0.508968
345 0.508612
346 0.507447
347 0.507036 
348 0.506607
349 0.504618
350 0.504187
351 0.505752
352 0.503478
353 0.502666
354 0.50259
355 0.502164
356 0.502692
357 0.501871
358 0.500852
359 0.50111
360 0.501311
361 0.500292
362 0.501108
363 0.499792 
364 0.501097
365 0.500852
366 0.501225
367 0.501542
368 0.500563
369 0.502836
370 0.501447
371 0.502083
372 0.502118
373 0.502843
374 0.503336
375 0.503076
376 0.503521
377 0.503933
378 0.505004
379 0.505588 
380 0.505617
381 0.50532
382 0.506036
383 0.507923
384 0.507657
385 0.508185
386 0.508634
387 0.509454
388 0.510092
389 0.509714
390 0.510557
391 0.509596
392 0.510823
393 0.510709
394 0.511368
395 0.51053 
396 0.510481
397 0.511293
398 0.510578
399 0.50969
400 0.509748
401 0.509384
402 0.508219
403 0.508665
404 0.507829
405 0.506831
406 0.506262
407 0.506995
408 0.505339
409 0.505375
410 0.504493
411 0.502923 
412 0.502222
413 0.502492
414 0.500498
415 0.499932
416 0.499037
417 0.498528
418 0.497699
419 0.49628
420 0.496576
421 0.496581
422 0.494567
423 0.494587
424 0.492412
425 0.491626
426 0.492188
427 0.491354 
428 0.491004
429 0.490002
430 0.489018
431 0.489715
432 0.488683
433 0.488461
434 0.487756
435 0.487359
436 0.485808
437 0.486251
438 0.484646
439 0.48501
440 0.484251
441 0.483841
442 0.483646
443 0.483198 
444 0.482303
445 0.482821
446 0.481334
447 0.481247
448 0.480756
449 0.481481
450 0.480756
451 0.479723
452 0.479125
453 0.478595
454 0.478136
455 0.477786
456 0.477399
457 0.476726
458 0.476671
459 0.476937 
460 0.476841
461 0.477114
462 0.475991
463 0.476592
464 0.475535
465 0.476486
466 0.476005
467 0.475485
468 0.47578
469 0.476809
470 0.475921
471 0.476465
472 0.475991
473 0.475836
474 0.477521
475 0.476322 
476 0.477047
477 0.476819
478 0.476725
479 0.478053
480 0.477544
481 0.477194
482 0.478192
483 0.476324
484 0.476781
485 0.477256
486 0.477689
487 0.478002
488 0.478721
489 0.477702
490 0.4786
491 0.478502 
492 0.47867
493 0.479365
494 0.479667
495 0.478169
496 0.480141
497 0.477554
498 0.476637
499 0.479531
500 0.47886
501 0.478294
502 0.476843
503 0.47699
504 0.477063
505 0.476537
506 0.476578
507 0.476653 
508 0.476544
509 0.47667
510 0.475587
511 0.475772
512 0.47487
513 0.474831
514 0.474087
515 0.474635
516 0.472783
517 0.474294
518 0.472283
519 0.47186
520 0.471584
521 0.470756
522 0.468344
523 0.468164 
524 0.468221
525 0.467125
526 0.466325
527 0.46549
528 0.464914
529 0.464475
530 0.463666
531 0.461528
532 0.46142
533 0.462041
534 0.460158
535 0.459346
536 0.459296
537 0.456831
538 0.456784
539 0.456341 
540 0.455201
541 0.45346
542 0.452724
543 0.452661
544 0.451503
545 0.450788
546 0.450411
547 0.449366
548 0.448275
549 0.448657
550 0.446743
551 0.446896
552 0.444309
553 0.443787
554 0.443859
555 0.442787 
556 0.441289
557 0.441042
558 0.439654
559 0.439543
560 0.439409
561 0.439516
562 0.438395
563 0.436787
564 0.435409
565 0.436092
566 0.435135
567 0.435497
568 0.4335
569 0.432711
570 0.432348
571 0.43094 
572 0.43087
573 0.430655
574 0.429846
575 0.429074
576 0.428902
577 0.428024
578 0.42823
579 0.429078
580 0.428212
581 0.428236
582 0.427153
583 0.425988
584 0.425771
585 0.425624
586 0.425537
587 0.42356 
588 0.42387
589 0.422791
590 0.423039
591 0.423602
592 0.423166
593 0.423298
594 0.423485
595 0.421639
596 0.420925
597 0.420667
598 0.420853
599 0.420882
600 0.419153
601 0.429102
602 0.416569
603 0.417788 
604 0.419474
605 0.420368
606 0.421591
607 0.420388
608 0.420572
609 0.419923
610 0.420316
611 0.420169
612 0.420355
613 0.420426
614 0.418986
615 0.419689
616 0.418488
617 0.419231
618 0.419812
619 0.420377 
620 0.420179
621 0.420893
622 0.420053
623 0.421827
624 0.421207
625 0.421365
626 0.420574
627 0.420925
628 0.421417
629 0.420593
630 0.420672
631 0.421221
632 0.420247
633 0.420454
634 0.420679
635 0.421154 
636 0.419939
637 0.420688
638 0.42023
639 0.420814
640 0.419217
641 0.421305
642 0.421492
643 0.416025
644 0.417879
645 0.416371
646 0.418293
647 0.420278
648 0.41189
649 0.416284
650 0.418812
651 0.414872 
652 0.414436
653 0.415066
654 0.415929
655 0.413546
656 0.412528
657 0.411738
658 0.412731
659 0.411976
660 0.411476
661 0.411138
662 0.409982
663 0.410656
664 0.408873
665 0.409015
666 0.407653
667 0.407229 
668 0.40638
669 0.406188
670 0.405275
671 0.403952
672 0.402766
673 0.402743
674 0.403421
675 0.403965
676 0.403709
677 0.403184
678 0.40218
679 0.401771
680 0.401361
681 0.400453
682 0.400683
683 0.398382 
684 0.400166
685 0.398171
686 0.396809
687 0.396677
688 0.394792
689 0.395185
690 0.392744
691 0.394051
692 0.393115
693 0.393834
694 0.394187
695 0.393726
696 0.392624
697 0.392587
698 0.392526
699 0.391474 
700 0.390573
701 0.389206
702 0.389242
703 0.388719
704 0.388482
705 0.387614
706 0.386756
707 0.388255
708 0.386417
709 0.38557
710 0.383194
711 0.384448
712 0.384575
713 0.38294
714 0.382946
715 0.381936 
716 0.394018
717 0.376553
718 0.37997
719 0.378914
720 0.382981
721 0.380711
722 0.379399
723 0.37858
724 0.378404
725 0.378476
726 0.377796
727 0.377601
728 0.377963
729 0.378056
730 0.378971
731 0.376877 
732 0.376548
733 0.376602
734 0.375862
735 0.376511
736 0.375835
737 0.375855
738 0.375494
739 0.37504
740 0.374815
741 0.374435
742 0.373819
743 0.375346
744 0.373941
745 0.37232
746 0.374273
747 0.374183 
748 0.372966
749 0.372649
750 0.373726
751 0.372132
752 0.372202
753 0.371977
754 0.372467
755 0.371284
756 0.371405
757 0.371493
758 0.371824
759 0.370905
760 0.370675
761 0.370328
762 0.371037
763 0.370478 
764 0.37052
765 0.369843
766 0.3681
767 0.3704
768 0.368646
769 0.36891
770 0.369622
771 0.368111
772 0.367847
773 0.368338
774 0.367623
775 0.368419
776 0.367104
777 0.368432
778 0.368008
779 0.367757 
780 0.367429
781 0.367206
782 0.366855
783 0.368054
784 0.366593
785 0.367138
786 0.367343
787 0.36674
788 0.366468
789 0.367014
790 0.365603
791 0.365979
792 0.365218
793 0.365609
794 0.366265
795 0.365215 
796 0.36551
797 0.364046
798 0.364506
799 0.364133
800 0.363783
801 0.363535
802 0.363265
803 0.362827
804 0.361932
805 0.361932
806 0.362497
807 0.362134
808 0.360531
809 0.361101
810 0.360897
811 0.360581 
812 0.3599
813 0.359421
814 0.359713
815 0.358809
816 0.359018
817 0.357649
818 0.356904
819 0.357826
820 0.356189
821 0.356278
822 0.356036
823 0.355818
824 0.355623
825 0.354121
826 0.353905
827 0.353648 
828 0.352557
829 0.352794
830 0.35158
831 0.351313
832 0.351383
833 0.350296
834 0.350306
835 0.350553
836 0.349004
837 0.348935
838 0.348304
839 0.347096
840 0.347396
841 0.346253
842 0.346832
843 0.346014 
844 0.345193
845 0.345157
846 0.34475
847 0.344422
848 0.344163
849 0.343918
850 0.342792
851 0.343783
852 0.341998
853 0.342693
854 0.341654
855 0.339713
856 0.340123
857 0.340177
858 0.339572
859 0.3402 
860 0.339134
861 0.339267
862 0.33914
863 0.338374
864 0.337725
865 0.336353
866 0.336162
867 0.335702
868 0.335945
869 0.335034
870 0.334165
871 0.33367
872 0.332983
873 0.33279
874 0.332007
875 0.331862 
876 0.330922
877 0.330324
878 0.330392
879 0.330617
880 0.328848
881 0.329031
882 0.328243
883 0.328269
884 0.329095
885 0.326848
886 0.327457
887 0.325567
888 0.325347
889 0.324971
890 0.32485
891 0.324064 
892 0.324534
893 0.323144
894 0.322672
895 0.323987
896 0.322673
897 0.3227
898 0.321381
899 0.321244
900 0.321671
901 0.320879
902 0.320828
903 0.3196
904 0.319434
905 0.318542
906 0.319024
907 0.318942 
908 0.318141
909 0.317507
910 0.318253
911 0.317813
912 0.31816
913 0.316715
914 0.31645
915 0.317233
916 0.315551
917 0.316465
918 0.315975
919 0.315995
920 0.315428
921 0.314414
922 0.314229
923 0.314659 
924 0.313525
925 0.312959
926 0.313639
927 0.313667
928 0.312599
929 0.312158
930 0.311739
931 0.312256
932 0.311247
933 0.311032
934 0.309818
935 0.309533
936 0.31017
937 0.310578
938 0.309729
939 0.309895 
940 0.309304
941 0.30869
942 0.308809
943 0.308053
944 0.307694
945 0.307601
946 0.307328
947 0.306736
948 0.306549
949 0.307089
950 0.306814
951 0.306622
952 0.306596
953 0.305603
954 0.306597
955 0.305371 
956 0.303789
957 0.30528
958 0.304681
959 0.304504
960 0.305001
961 0.303841
962 0.303733
963 0.303203
964 0.304729
965 0.303849
966 0.302412
967 0.302894
968 0.302927
969 0.303507
970 0.303031
971 0.302313 
972 0.303533
973 0.301766
974 0.3011
975 0.300779
976 0.301497
977 0.30117
978 0.300528
979 0.300052
980 0.300179
981 0.301192
982 0.300726
983 0.299251
984 0.299875
985 0.298514
986 0.298553
987 0.298893 
988 0.298288
989 0.297722
990 0.298305
991 0.297336
992 0.29767
993 0.297873
994 0.296261
995 0.297429
996 0.297132
997 0.296092
998 0.297212
999 0.296432
1000 0.295619
1001 0.295259
1002 0.296354
1003 0.295842
1004 0.295064
1005 0.295259
1006 0.294545
1007 0.295037
1008 0.294662
1009 0.295235
1010 0.292435
1011 0.293384
1012 0.293768
1013 0.293107
1014 0.292552
1015 0.29264
1016 0.293808
1017 0.292844 
1018 0.293186
1019 0.291839
1020 0.29028
1021 0.292432
1022 0.289804
1023 0.290031
1024 0.289611
1025 0.289718
1026 0.288267
1027 0.289227
1028 0.287909
1029 0.285864
1030 0.286972
1031 0.286146
1032 0.284712
1033 0.284442
1034 0.282737
1035 0.282636
1036 0.282702
1037 0.281903
1038 0.281667
1039 0.282025
1040 0.282123
1041 0.280021
1042 0.279785
1043 0.279521
1044 0.27907
1045 0.278168
1046 0.277646 
1047 0.278612
1048 0.276938
1049 0.275955
1050 0.277104
1051 0.277381
1052 0.277078
1053 0.277576
1054 0.273739
1055 0.273638
1056 0.275357
1057 0.275566
1058 0.27485
1059 0.274748
1060 0.274925
1061 0.273861
1062 0.272663
1063 0.272507
1064 0.27259
1065 0.272015
1066 0.270936
1067 0.271903
1068 0.271149
1069 0.27174
1070 0.267864
1071 0.269574
1072 0.269021
1073 0.269601
1074 0.268788
1075 0.266462 
1076 0.268226
1077 0.266381
1078 0.265153
1079 0.26664
1080 0.266141
1081 0.266645
1082 0.264717
1083 0.26495
1084 0.26416
1085 0.263365
1086 0.263012
1087 0.264184
1088 0.262187
1089 0.263376
1090 0.263198 
1091 0.262978
1092 0.26379
1093 0.261576
1094 0.263483
1095 0.262866
1096 0.261126
1097 0.262103
1098 0.260525
1099 0.260622
1100 0.258913
1101 0.261945
1102 0.261094
1103 0.259169
1104 0.256808
1105 0.260743
1106 0.260785
1107 0.256922
1108 0.259881
1109 0.254265
1110 0.257808
1111 0.254972
1112 0.253118
1113 0.258678
1114 0.252823
1115 0.253629
1116 0.250598
1117 0.252928
1118 0.251837
1119 0.252634 
1120 0.251731
1121 0.249448
1122 0.24823
1123 0.248378
1124 0.247864
1125 0.24735
1126 0.247096
1127 0.245899
1128 0.246392
1129 0.244834
1130 0.245508
1131 0.244534
1132 0.24547
1133 0.245312
1134 0.24403 
1135 0.243597
1136 0.241121
1137 0.245634
1138 0.245596
1139 0.243338
1140 0.243517
1141 0.243741
1142 0.242698
1143 0.243218
1144 0.241634
1145 0.241564
1146 0.241942
1147 0.241569
1148 0.242405
1149 0.242051
1150 0.242732
1151 0.240726
1152 0.241398
1153 0.240113
1154 0.240388
1155 0.241199
1156 0.24158
1157 0.240038
1158 0.239089
1159 0.239875
1160 0.240111
1161 0.240555
1162 0.238736
1163 0.23805 
1164 0.236072
1165 0.239161
1166 0.235573
1167 0.236419
1168 0.237783
1169 0.238272
1170 0.236932
1171 0.236314
1172 0.236726
1173 0.234452
1174 0.233996
1175 0.236229
1176 0.235262
1177 0.232972
1178 0.233196
1179 0.232496
1180 0.232027
1181 0.233437
1182 0.234409
1183 0.233883
1184 0.232952
1185 0.232982
1186 0.229884
1187 0.230345
1188 0.229187
1189 0.23085
1190 0.230829
1191 0.229371
1192 0.231494 
1193 0.231101
1194 0.229142
1195 0.227892
1196 0.227783
1197 0.227677
1198 0.228166
1199 0.227356
1200 0.22673
1201 0.229614
1202 0.229736
1203 0.229365
1204 0.227659
1205 0.226401
1206 0.227784
1207 0.225826
1208 0.226136
1209 0.227552
1210 0.228719
1211 0.227246
1212 0.225503
1213 0.224849
1214 0.227772
1215 0.228398
1216 0.226703
1217 0.226764
1218 0.229022
1219 0.225689
1220 0.227934
1221 0.228035 
1222 0.23169
1223 0.229075
1224 0.238482
1225 0.244967
1226 0.325212
1227 0.358816
1228 0.402426
1229 0.424838
1230 0.434708
1231 0.44752
1232 0.459101
1233 0.455887
1234 0.496283
1235 0.488479
1236 0.490627 
1237 0.487089
1238 0.49738
1239 0.488039
1240 0.430868
