XDAC V1.2 Datafile V1
"fe.062" created on 10/3/02 at 11:15:47 PM on X-11A
Ring energy= 2.58 GeV
E0= 7112.00
NUM_REGIONS= 3
SRB= -200 -20 20 22k
SRSS= 5 0.5 0.05k
SPP= 2 2 2
Settling time= 0.50


Offsets= 9925.80 9914.40
Gains= 7.00 7.00
Iron foil, I0: 50%N2, It:N2


--------------------------------------------------------------------------------
        Energy            I0            It
    6911.98862    35987.4000    34398.2000
    6916.99353    35849.4000    34350.2000
    6922.00600    35737.4000    34323.2000
    6927.00070    35640.4000    34335.2000
    6932.00293    35519.4000    34311.2000
    6937.01271    35351.4000    34235.2000
    6942.00457    35485.4000    34462.2000
    6947.00394    35447.4000    34508.2000
    6952.01083    35379.4000    34533.2000
    6956.99966    35343.4000    34573.2000
    6961.99597    35323.4000    34655.2000
    6966.99978    35292.4000    34731.2000
    6972.01110    35261.4000    34783.2000
    6977.00420    35263.4000    34874.2000
    6982.00476    35193.4000    34902.2000
    6987.01281    35089.4000    34892.2000
    6992.00249    35002.4000    34899.2000
    6996.99961    34879.4000    34856.2000
    7002.00419    34739.4000    34807.2000
    7006.99026    34619.4000    34766.2000
    7012.00977    34514.4000    34769.2000
    7017.01072    34390.4000    34725.2000
    7021.99301    34318.4000    34733.2000
    7027.00883    34180.4000    34677.2000
    7032.00595    34032.4000    34617.2000
    7037.01049    33911.4000    34569.2000
    7041.99620    33809.4000    34542.2000
    7046.98928    33280.4000    34078.2000
    7051.98975    33456.4000    34330.2000
    7056.99763    33230.4000    34169.2000
    7062.01293    32976.4000    33967.2000
    7067.00921    32667.4000    33708.2000
    7072.01286    32265.4000    33336.2000
    7076.99738    32547.4000    33654.2000
    7081.98922    32292.4000    33401.2000
    7086.98841    32144.4000    33216.2000
    7091.99496    32055.4000    33025.2000
    7092.50135    32062.4000    33013.2000
    7093.00782    32042.4000    32969.2000
    7093.48770    32036.4000    32951.2000
    7093.99431    32040.4000    32911.2000
    7094.50100    32029.4000    32876.2000
    7095.00777    32017.4000    32848.2000
    7095.48793    32008.4000    32809.2000
    7095.99484    31985.4000    32736.2000
    7096.50183    31996.4000    32715.2000
    7097.00889    31996.4000    32665.2000
    7097.48933    31994.4000    32609.2000
    7097.99654    31990.4000    32550.2000
    7098.50383    31995.4000    32495.2000
    7099.01119    31992.4000    32413.2000
    7099.49192    31996.4000    32341.2000
    7099.99942    32000.4000    32235.2000
    7100.50701    32008.4000    32105.2000
    7100.98794    31991.4000    31950.2000
    7101.49568    31997.4000    31760.2000
    7102.00348    31987.4000    31527.2000
    7102.51136    31997.4000    31163.2000
    7102.99258    31993.4000    30733.2000
    7103.50061    31981.4000    29977.2000
    7104.00872    31971.4000    28702.2000
    7104.49015    31966.4000    26856.2000
    7104.99840    31950.4000    23501.2000
    7105.50673    31923.4000    20366.2000
    7105.98838    31894.4000    17940.2000
    7106.49685    31890.4000    16296.2000
    7107.00541    31887.4000    15167.2000
    7107.48726    31873.4000    14200.2000
    7107.99596    31893.4000    13443.2000
    7108.50474    31913.4000    12801.2000
    7108.98680    31880.4000    12441.2000
    7109.49573    31884.4000    12217.2000
    7110.00473    31900.4000    12060.2000
    7110.48701    31884.4000    11845.2000
    7110.99615    31871.4000    11373.2000
    7111.50538    31862.4000    10653.2000
    7111.98787    31851.4000     9738.2000
    7112.49724    31849.4000     8791.2000
    7113.00669    31838.4000     7919.2000
    7113.48939    31835.4000     7074.2000
    7113.99899    31829.4000     6337.2000
    7114.50866    31821.4000     5583.2000
    7114.99157    31813.4000     5047.2000
    7115.50139    31803.4000     4573.2000
    7116.01129    31797.4000     4208.2000
    7116.49442    31791.4000     3949.2000
    7117.00446    31795.4000     3700.2000
    7117.48773    31780.4000     3524.2000
    7117.99792    31782.4000     3347.2000
    7118.50819    31808.4000     3198.2000
    7118.99167    31785.4000     3072.2000
    7119.50209    31803.4000     2946.2000
    7120.01258    31822.4000     2835.2000
    7120.49628    31826.4000     2707.2000
    7121.00692    31801.4000     2577.2000
    7121.49076    31788.4000     2436.2000
    7122.00155    31769.4000     2276.2000
    7122.51241    31756.4000     2133.2000
    7122.99646    31726.4000     1986.2000
    7123.50748    31706.4000     1859.2000
    7123.99167    31693.4000     1754.2000
    7124.50283    31680.4000     1688.2000
    7124.98716    31663.4000     1670.2000
    7125.49848    31649.4000     1704.2000
    7126.00987    31651.4000     1773.2000
    7126.49441    31647.4000     1882.2000
    7127.00595    31647.4000     2003.2000
    7127.49064    31644.4000     2128.2000
    7128.00232    31645.4000     2248.2000
    7128.48715    31643.4000     2343.2000
    7128.99899    31651.4000     2434.2000
    7129.51090    31652.4000     2494.2000
    7129.99594    31657.4000     2535.2000
    7130.50800    31656.4000     2553.2000
    7130.99318    31633.4000     2549.2000
    7131.50540    31636.4000     2530.2000
    7132.88066    31650.4000     2412.2000
    7133.77083    31674.4000     2326.2000
    7134.71520    31679.4000     2263.2000
    7135.63284    31677.4000     2245.2000
    7136.60473    31641.4000     2262.2000
    7137.57689    31611.4000     2296.2000
    7138.57634    31611.4000     2314.2000
    7139.60311    31601.4000     2287.2000
    7140.63019    31567.4000     2209.2000
    7141.68462    31542.4000     2096.2000
    7142.76642    31518.4000     1982.2000
    7143.84856    31487.4000     1904.2000
    7144.95811    31461.4000     1858.2000
    7146.09509    31443.4000     1824.2000
    7147.23245    31406.4000     1803.2000
    7148.39729    31389.4000     1801.2000
    7149.58962    31371.4000     1822.2000
    7150.80947    31360.4000     1852.2000
    7152.02976    31358.4000     1873.2000
    7153.27762    31364.4000     1878.2000
    7154.52593    31334.4000     1879.2000
    7155.80184    31285.4000     1889.2000
    7157.10540    31283.4000     1916.2000
    7158.43662    31245.4000     1946.2000
    7159.76835    31214.4000     1970.2000
    7161.12780    31178.4000     1985.2000
    7162.51499    31144.4000     1998.2000
    7163.90273    31105.4000     2019.2000
    7165.31827    31071.4000     2059.2000
    7166.76163    31043.4000     2125.2000
    7168.20559    31020.4000     2215.2000
    7169.67742    30991.4000     2320.2000
    7171.17715    30968.4000     2431.2000
    7172.67754    30950.4000     2531.2000
    7174.23317    30940.4000     2584.2000
    7175.76220    30929.4000     2581.2000
    7177.34655    30911.4000     2548.2000
    7178.93164    30904.4000     2490.2000
    7180.54479    30894.4000     2390.2000
    7182.15871    30903.4000     2277.2000
    7183.80075    30884.4000     2170.2000
    7185.47096    30877.4000     2056.2000
    7187.14198    30909.4000     1956.2000
    7188.84122    30905.4000     1912.2000
    7190.56873    30880.4000     1941.2000
    7192.29710    30870.4000     2027.2000
    7194.08124    30834.4000     2156.2000
    7195.83884    30829.4000     2316.2000
    7197.65230    30821.4000     2501.2000
    7199.46671    30821.4000     2689.2000
    7201.28208    30817.4000     2813.2000
    7203.15345    30810.4000     2809.2000
    7205.02583    30805.4000     2639.2000
    7206.92679    30810.4000     2327.2000
    7208.82878    30788.4000     1974.2000
    7210.75942    30785.4000     1653.2000
    7212.69113    30794.4000     1428.2000
    7214.67915    30786.4000     1321.2000
    7216.66831    30785.4000     1334.2000
    7218.65862    30786.4000     1463.2000
    7220.67774    30783.4000     1686.2000
    7222.72571    30780.4000     1955.2000
    7224.80260    30768.4000     2253.2000
    7226.88073    30762.4000     2565.2000
    7228.98783    30749.4000     2824.2000
    7231.09622    30761.4000     2979.2000
    7233.23365    30758.4000     3024.2000
    7235.40018    30746.4000     2975.2000
    7237.56806    30759.4000     2854.2000
    7239.76511    30768.4000     2717.2000
    7241.99139    30779.4000     2612.2000
    7244.21909    30756.4000     2576.2000
    7246.47610    30655.4000     2601.2000
    7248.76245    30638.4000     2679.2000
    7251.05031    30503.4000     2738.2000
    7253.36760    29936.4000     2680.2000
    7255.68643    30708.4000     2670.2000
    7258.03477    30609.4000     2580.2000
    7260.41268    30535.4000     2528.2000
    7262.79220    30494.4000     2478.2000
    7265.20138    30446.4000     2365.2000
    7267.64025    30429.4000     2216.2000
    7270.08083    30424.4000     2122.2000
    7272.52312    30424.4000     2095.2000
    7275.02332    30424.4000     2052.2000
    7277.52530    29870.4000     1929.2000
    7280.02908    30490.4000     1863.2000
    7282.59097    30510.4000     1783.2000
    7285.12656    30523.4000     1799.2000
    7287.72039    30559.4000     1959.2000
    7290.31614    30550.4000     2201.2000
    7292.94206    30554.4000     2440.2000
    7295.56995    30538.4000     2634.2000
    7298.22810    30510.4000     2791.2000
    7300.88826    30506.4000     2912.2000
    7303.57877    30516.4000     2986.2000
    7306.29969    30462.4000     2978.2000
    7309.02273    30395.4000     2937.2000
    7311.77627    30362.4000     2936.2000
    7314.53197    30330.4000     2949.2000
    7317.31827    30275.4000     2955.2000
    7320.13525    30181.4000     2943.2000
    7322.95448    30101.4000     2928.2000
    7325.80448    30035.4000     2943.2000
    7328.68532    29991.4000     3020.2000
    7331.53996    29953.4000     3108.2000
    7334.45407    29892.4000     3142.2000
    7337.37059    29887.4000     3096.2000
    7340.31816    29888.4000     2951.2000
    7343.26818    29853.4000     2759.2000
    7346.24935    29818.4000     2579.2000
    7349.26173    29772.4000     2418.2000
    7352.27668    29721.4000     2272.2000
    7355.29420    29678.4000     2150.2000
    7358.34308    29645.4000     2071.2000
    7361.42338    29622.4000     2054.2000
    7364.53518    29609.4000     2097.2000
    7367.62087    29561.4000     2211.2000
    7370.76700    29489.4000     2447.2000
    7373.91592    29453.4000     2817.2000
    7377.06764    29420.4000     3207.2000
    7380.28006    29394.4000     3420.2000
    7383.46642    29372.4000     3426.2000
    7386.71364    29366.4000     3331.2000
    7389.93480    29321.4000     3222.2000
    7393.21699    29264.4000     3154.2000
    7396.50222    29168.4000     3146.2000
    7399.79047    28660.4000     3089.2000
    7403.11091    29713.4000     3173.2000
    7406.46361    29439.4000     3111.2000
    7409.81946    29272.4000     3085.2000
    7413.17847    29197.4000     3099.2000
    7416.59915    29148.4000     3158.2000
    7419.99383    29100.4000     3246.2000
    7423.45034    29027.4000     3280.2000
    7426.88087    28938.4000     3265.2000
    7430.37342    28849.4000     3235.2000
    7433.86938    28769.4000     3144.2000
    7437.36876    28709.4000     2993.2000
    7440.90100    28604.4000     2833.2000
    7444.43674    28507.4000     2732.2000
    7448.00547    28545.4000     2713.2000
    7451.60729    28263.4000     2704.2000
    7455.21272    28166.4000     2724.2000
    7458.85138    28242.4000     2795.2000
    7462.49373    28259.4000     2919.2000
    7466.13977    28250.4000     3047.2000
    7469.81919    28256.4000     3152.2000
    7473.53210    28245.4000     3218.2000
    7477.24885    28212.4000     3306.2000
    7480.99921    28205.4000     3429.2000
    7484.75347    28233.4000     3544.2000
    7488.54149    28239.4000     3605.2000
    7492.33349    28214.4000     3587.2000

    7496.12948    28153.4000     3522.2000
    7499.98933    28114.4000     3462.2000
    7503.82334    28094.4000     3429.2000
    7507.69142    28033.4000     3428.2000
    7511.59367    27959.4000     3452.2000
    7515.50013    27912.4000     3463.2000
    7519.44090    27873.4000     3450.2000
    7523.38596    27773.4000     3411.2000
    7527.36549    27798.4000     3390.2000
    7531.34938    27780.4000     3398.2000
    7535.33765    27761.4000     3435.2000
    7539.39083    27750.4000     3478.2000
    7543.41823    27764.4000     3512.2000
    7547.48043    27752.4000     3494.2000
    7551.57754    27759.4000     3419.2000
    7555.67926    27783.4000     3330.2000
    7559.78560    27783.4000     3287.2000
    7563.92704    27736.4000     3310.2000
    7568.10369    27541.4000     3372.2000
    7572.28512    27657.4000     3513.2000
    7576.47135    27591.4000     3635.2000
    7580.69299    27476.4000     3708.2000
    7584.91951    27387.4000     3740.2000
    7589.18159    27283.4000     3732.2000
    7593.44864    27248.4000     3705.2000
    7597.75142    27189.4000     3687.2000
    7602.05926    26955.4000     3685.2000
    7606.37216    27144.4000     3774.2000
    7610.72099    27099.4000     3815.2000
    7615.10588    27075.4000     3800.2000
    7619.49601    27070.4000     3746.2000
    7623.89139    27040.4000     3714.2000
    7628.32303    27029.4000     3738.2000
    7632.76001    26848.4000     3781.2000
    7637.23343    26907.4000     3873.2000
    7641.71229    26782.4000     3929.2000
    7646.22774    26785.4000     3969.2000
    7650.74873    26330.4000     3923.2000
    7655.27526    26568.4000     3969.2000
    7659.83862    26555.4000     3950.2000
    7664.40761    26596.4000     3917.2000
    7669.01361    26532.4000     3867.2000
    7673.62534    26530.4000     3833.2000
    7678.27425    26498.4000     3805.2000
    7682.92900    26449.4000     3819.2000
    7687.58960    26352.4000     3861.2000
    7692.28760    26280.4000     3907.2000
    7696.99156    26185.4000     3937.2000
    7701.73310    26124.4000     3964.2000
    7706.48069    25996.4000     3994.2000
    7711.23435    26330.4000     4107.2000
    7716.02584    26075.4000     4132.2000
    7720.82349    25945.4000     4143.2000
    7725.65916    25845.4000     4129.2000
    7730.50110    25762.4000     4113.2000
    7735.38124    25727.4000     4115.2000
    7740.26777    25714.4000     4135.2000
    7745.16069    25796.4000     4163.2000
    7750.06001    25405.4000     4101.2000
    7755.02992    23790.4000     3860.2000
    7759.97431    24108.4000     3950.2000
    7764.95739    24542.4000     4077.2000
    7769.94710    24609.4000     4140.2000
    7774.97571    24609.4000     4173.2000
    7780.01105    24568.4000     4194.2000
    7785.05314    24501.4000     4212.2000
    7790.13439    24464.4000     4231.2000
    7795.22250    24426.4000     4228.2000
    7800.34997    24480.4000     4236.2000
    7805.45190    24513.4000     4239.2000
    7810.62587    24522.4000     4249.2000
    7815.77432    24479.4000     4259.2000
    7820.96245    23627.4000     4131.2000
    7826.19041    24471.4000     4289.2000
    7831.39285    24366.4000     4280.2000
    7836.63525    24312.4000     4289.2000
    7841.91773    24256.4000     4306.2000
    7847.20759    24216.4000     4321.2000
    7852.50483    24171.4000     4337.2000
    7857.80947    24123.4000     4370.2000
    7863.15454    24099.4000     4412.2000
    7868.50713    24060.4000     4446.2000
    7873.90037    24008.4000     4479.2000
    7879.30126    23936.4000     4504.2000
    7884.70981    23818.4000     4509.2000
    7890.15930    23793.4000     4526.2000
    7895.61657    23706.4000     4543.2000
    7901.08166    23581.4000     4555.2000
    7906.55456    23495.4000     4561.2000
    7912.06876    23447.4000     4577.2000
    7917.62439    23401.4000     4600.2000
    7923.15456    23328.4000     4624.2000
    7928.72630    23227.4000     4627.2000
    7934.30614    23118.4000     4604.2000
    7939.92779    23047.4000     4592.2000
    7945.55767    22987.4000     4601.2000
    7951.19581    22972.4000     4629.2000
    7956.84222    22872.4000     4636.2000
    7962.53080    22806.4000     4643.2000
    7968.22780    22764.4000     4640.2000
    7973.96720    22758.4000     4638.2000
    7979.71515    22748.4000     4657.2000
    7985.47166    22860.4000     4718.2000
    7991.23676    22822.4000     4745.2000
    7997.04465    22745.4000     4756.2000
    8002.86126    22608.4000     4752.2000
    8008.68662    22498.4000     4760.2000
    8014.55508    22325.4000     4758.2000
    8020.43243    22200.4000     4761.2000
    8026.31868    22044.4000     4756.2000
    8032.21386    21907.4000     4758.2000
    8038.15254    21737.4000     4749.2000
    8044.10029    21474.4000     4723.2000
    8050.05714    21400.4000     4745.2000
    8056.05781    21292.4000     4759.2000
    8062.06771    21243.4000     4787.2000
    8068.08688    21141.4000     4811.2000
    8074.15021    21006.4000     4813.2000
    8080.18802    20900.4000     4815.2000
    8086.27014    20740.4000     4792.2000
    8092.39674    20727.4000     4790.2000
    8098.49785    20519.4000     4742.2000
    8104.64359    20403.4000     4728.2000
    8110.79897    20285.4000     4724.2000
    8116.99926    20198.4000     4740.2000
    8123.17402    20089.4000     4750.2000
    8129.39385    20021.4000     4756.2000
    8135.62351    19937.4000     4754.2000
    8141.89850    19855.4000     4756.2000
    8148.14795    19792.4000     4767.2000
    8154.44289    19701.4000     4773.2000
    8160.78353    19632.4000     4783.2000
    8167.09863    19597.4000     4797.2000
    8173.45958    19568.4000     4823.2000
    8179.83076    19523.4000     4851.2000
    8186.21219    19442.4000     4870.2000
    8192.60389    19166.4000     4829.2000
    8199.04188    19344.4000     4899.2000
    8205.49031    19248.4000     4902.2000
    8211.94921    19128.4000     4900.2000
    8218.41860    18984.4000     4899.2000
    8224.93473    18951.4000     4930.2000
    8231.46152    18879.4000     4948.2000
    8237.99900    18819.4000     4960.2000
    8244.54719    18831.4000     4984.2000
    8251.14258    18790.4000     4991.2000
    8257.71232    18697.4000     4986.2000
    8264.32945    18634.4000     4991.2000
    8270.99416    18532.4000     4990.2000
    8277.63324    18486.4000     5004.2000
    8284.32008    18447.4000     5021.2000
    8291.01807    18398.4000     5039.2000
    8297.72722    18361.4000     5055.2000
    8304.44757    18061.4000     4995.2000
    8311.17913    18263.4000     5071.2000
    8317.95903    18209.4000     5082.2000
    8324.75033    18094.4000     5083.2000
    8331.55306    17959.4000     5072.2000
    8338.40452    17838.4000     5067.2000
    8345.23026    17695.4000     5058.2000
    8352.10492    17625.4000     5073.2000
    8358.99124    17575.4000     5087.2000
    8365.88927    17562.4000     5110.2000
    8372.79903    17441.4000     5111.2000
    8379.75820    17506.4000     5166.2000
    8386.69158    17504.4000     5200.2000
    8393.67455    17467.4000     5220.2000
    8400.66951    17378.4000     5224.2000
    8407.67648    17346.4000     5241.2000
    8414.73346    17222.4000     5235.2000
    8421.80265    17238.4000     5269.2000
    8428.84596    17222.4000     5287.2000
    8435.93958    17248.4000     5318.2000
    8443.04550    17317.4000     5365.2000
    8450.20205    17373.4000     5411.2000
    8457.33273    17420.4000     5454.2000
    8464.51424    17404.4000     5484.2000
    8471.70830    17408.4000     5518.2000
    8478.91496    17341.4000     5526.2000
    8486.13424    17290.4000     5539.2000
    8493.36619    17241.4000     5554.2000
    8500.64959    17194.4000     5571.2000
    8507.94586    17162.4000     5595.2000
    8515.21611    17174.4000     5633.2000
    8522.53813    17148.4000     5651.2000
    8529.87311    17110.4000     5673.2000
    8537.26021    17066.4000     5690.2000
    8544.62129    17018.4000     5707.2000
    8552.03469    16964.4000     5722.2000
    8559.46133    16940.4000     5744.2000
    8566.86185    16900.4000     5764.2000
    8574.31501    16915.4000     5801.2000
    8581.82105    16930.4000     5842.2000
    8589.30100    16951.4000     5880.2000
    8596.79437    16881.4000     5890.2000
    8604.34094    16822.4000     5906.2000
    8611.90115    16738.4000     5911.2000
    8619.47502    16699.4000     5929.2000
    8627.06260    16679.4000     5952.2000
    8634.66392    16639.4000     5965.2000
    8642.27901    16585.4000     5973.2000
    8649.94812    16506.4000     5973.2000
    8657.59095    16404.4000     5963.2000
    8665.28802    16299.4000     5959.2000
    8672.99916    15974.4000     5870.2000
    8680.68393    15927.4000     5887.2000
    8688.42326    15837.4000     5886.2000
    8696.21741    15539.4000     5806.2000
    8703.98524    15374.4000     5772.2000
    8711.76733    15250.4000     5756.2000
    8719.60459    15097.4000     5730.2000
    8727.41541    14952.4000     5705.2000
    8735.28162    14894.4000     5713.2000
    8743.16242    14986.4000     5778.2000
    8751.05782    14761.4000     5718.2000
    8758.96789    14535.4000     5659.2000
    8766.89265    14658.4000     5737.2000
    8774.83215    14441.4000     5683.2000
    8782.82790    12519.4000     4956.2000
    8790.79708    14791.4000     5889.2000
    8798.82274    14541.4000     5823.2000
    8806.82176    14392.4000     5793.2000
    8814.87750    14240.4000     5763.2000
    8822.94838    14090.4000     5734.2000
    8831.03445    13878.4000     5674.2000
    8839.13575    13984.4000     5747.2000
    8847.25231    13685.4000     5654.2000
    8855.38419    13601.4000     5651.2000
    8863.53143    13583.4000     5675.2000
    8871.73639    12966.4000     5449.2000
    8879.91455    13342.4000     5635.2000
    8888.15068    13282.4000     5639.2000
    8896.35993    13178.4000     5624.2000
    8904.62741    13146.4000     5639.2000
    8912.91068    13032.4000     5618.2000
    8921.20976    12925.4000     5602.2000
    8929.52472    12962.4000     5645.2000
    8937.85559    12896.4000     5646.2000
    8946.20242    12832.4000     5645.2000
    8954.56525    12819.4000     5669.2000
    8962.94414    12788.4000     5686.2000
