XDAC V1.4 Datafile V1
"LZU1.002" created on 12/5/2011 at 2:15:13 AM on X-23A2
Diffraction element= Si (311).  Ring energy= 2.80 GeV
E0= 17166.00
NUM_REGIONS= 5
SRB= -200 -150 -125 -35 135 8k
SRSS= 10 1 5 0.5 0.05k
SPP= 1 1 1 1 0.33k
Settling time= 0.20


Offsets= 0.00 54.75 93.75 0.00
Gains= 8.00 9.00 10.00 1.00
LZU1.


--------------------------------------------------------------------------------
        Energy            I0            It            Ir       IntTime
   16966.00184    55881.0000    18063.2500     5951.2500        1.0000
   16975.99929    56327.0000    18264.2500     6022.2500        1.0000
   16985.99769    56475.0000    18362.2500     6062.2500        1.0000
   16995.99704    56644.0000    18470.2500     6099.2500        1.0000
   17005.99735    56703.0000    18538.2500     6118.2500        1.0000
   17015.99859    56779.0000    18614.2500     6126.2500        1.0000
   17016.99737    56795.0000    18623.2500     6128.2500        1.0000
   17018.00315    56790.0000    18625.2500     6125.2500        1.0000
   17019.00195    56780.0000    18628.2500     6121.2500        1.0000
   17020.00075    56732.0000    18617.2500     6115.2500        1.0000
   17020.99957    56675.0000    18604.2500     6104.2500        1.0000
   17021.99840    56605.0000    18588.2500     6090.2500        1.0000
   17022.99724    56590.0000    18586.2500     6073.2500        1.0000
   17024.00307    56604.0000    18594.2500     6064.2500        1.0000
   17025.00192    56628.0000    18607.2500     6056.2500        1.0000
   17026.00079    56638.0000    18618.2500     6045.2500        1.0000
   17026.99966    56653.0000    18627.2500     6028.2500        1.0000
   17027.99854    56703.0000    18648.2500     6012.2500        1.0000
   17028.99744    56712.0000    18654.2500     5982.2500        1.0000
   17030.00333    56723.0000    18665.2500     5941.2500        1.0000
   17031.00224    56750.0000    18681.2500     5856.2500        1.0000
   17032.00116    56795.0000    18703.2500     5752.2500        1.0000
   17033.00009    56850.0000    18729.2500     5648.2500        1.0000
   17033.99903    56950.0000    18766.2500     5535.2500        1.0000
   17034.99798    57062.0000    18807.2500     5423.2500        1.0000
   17035.99694    57100.0000    18823.2500     5311.2500        1.0000
   17037.00289    57099.0000    18831.2500     5153.2500        1.0000
   17038.00187    57136.0000    18847.2500     4983.2500        1.0000
   17039.00086    57151.0000    18856.2500     4807.2500        1.0000
   17039.99986    57134.0000    18858.2500     4651.2500        1.0000
   17040.99886    57067.0000    18842.2500     4478.2500        1.0000
   17046.00102    57106.0000    18876.2500     3657.2500        1.0000
   17051.00341    57127.0000    18912.2500     3768.2500        1.0000
   17055.99905    57123.0000    18934.2500     3728.2500        1.0000
   17061.00192    57079.0000    18945.2500     3982.2500        1.0000
   17065.99802    57029.0000    18948.2500     4228.2500        1.0000
   17071.00136    56942.0000    18941.2500     4369.2500        1.0000
   17075.99793    56837.0000    18929.2500     4373.2500        1.0000
   17081.00173    56778.0000    18932.2500     4286.2500        1.0000
   17085.99878    56711.0000    18933.2500     4264.2500        1.0000
   17091.00305    56641.0000    18933.2500     4209.2500        1.0000
   17096.00056    56581.0000    18937.2500     4128.2500        1.0000
   17100.99830    56446.0000    18918.2500     4060.2500        1.0000
   17106.00327    56449.0000    18940.2500     4064.2500        1.0000
   17111.00148    56343.0000    18924.2500     4133.2500        1.0000
   17115.99992    56266.0000    18918.2500     4194.2500        1.0000
   17120.99859    56172.0000    18902.2500     4236.2500        1.0000
   17125.99750    56120.0000    18905.2500     4289.2500        1.0000
   17130.99663    56064.0000    18902.2500     4325.2500        1.0000
   17131.50006    56024.0000    18888.2500     4325.2500        1.0000
   17132.00348    55996.0000    18876.2500     4323.2500        1.0000
   17132.49992    55980.0000    18872.2500     4321.2500        1.0000
   17133.00334    55967.0000    18873.2500     4324.2500        1.0000
   17133.49978    55960.0000    18873.2500     4322.2500        1.0000
   17134.00322    55947.0000    18866.2500     4321.2500        1.0000
   17134.49966    55933.0000    18863.2500     4319.2500        1.0000
   17135.00310    55933.0000    18867.2500     4320.2500        1.0000
   17135.49955    55917.0000    18861.2500     4318.2500        1.0000
   17136.00299    55912.0000    18859.2500     4314.2500        1.0000
   17136.49945    55907.0000    18855.2500     4314.2500        1.0000
   17137.00290    55912.0000    18861.2500     4312.2500        1.0000
   17137.49935    55917.0000    18863.2500     4311.2500        1.0000
   17138.00281    55894.0000    18855.2500     4308.2500        1.0000
   17138.49927    55889.0000    18852.2500     4304.2500        1.0000
   17139.00273    55904.0000    18860.2500     4305.2500        1.0000
   17139.49919    55893.0000    18859.2500     4303.2500        1.0000
   17140.00266    55914.0000    18862.2500     4303.2500        1.0000
   17140.49913    55892.0000    18858.2500     4299.2500        1.0000
   17141.00259    55897.0000    18861.2500     4298.2500        1.0000
   17141.49907    55880.0000    18852.2500     4295.2500        1.0000
   17142.00254    55888.0000    18858.2500     4295.2500        1.0000
   17142.49902    55877.0000    18852.2500     4292.2500        1.0000
   17143.00250    55885.0000    18856.2500     4290.2500        1.0000
   17143.49898    55885.0000    18852.2500     4289.2500        1.0000
   17144.00246    55884.0000    18858.2500     4288.2500        1.0000
   17144.49895    55888.0000    18857.2500     4287.2500        1.0000
   17145.00244    55873.0000    18851.2500     4284.2500        1.0000
   17145.49894    55873.0000    18848.2500     4281.2500        1.0000
   17146.00242    55860.0000    18842.2500     4278.2500        1.0000
   17146.49892    55854.0000    18837.2500     4278.2500        1.0000
   17147.00242    55859.0000    18837.2500     4275.2500        1.0000
   17147.49892    55858.0000    18832.2500     4273.2500        1.0000
   17148.00242    55840.0000    18821.2500     4269.2500        1.0000
   17148.49893    55861.0000    18833.2500     4271.2500        1.0000
   17149.00243    55857.0000    18825.2500     4266.2500        1.0000
   17149.49895    55843.0000    18815.2500     4264.2500        1.0000
   17150.00246    55831.0000    18805.2500     4263.2500        1.0000
   17150.49897    55802.0000    18796.2500     4258.2500        1.0000
   17151.00249    55831.0000    18801.2500     4259.2500        1.0000
   17151.49901    55847.0000    18801.2500     4259.2500        1.0000
   17152.00253    55841.0000    18793.2500     4259.2500        1.0000
   17152.49905    55823.0000    18777.2500     4254.2500        1.0000
   17153.00258    55823.0000    18769.2500     4254.2500        1.0000
   17153.49911    55816.0000    18754.2500     4251.2500        1.0000
   17154.00264    55824.0000    18751.2500     4249.2500        1.0000
   17154.49917    55812.0000    18732.2500     4248.2500        1.0000
   17155.00270    55801.0000    18717.2500     4245.2500        1.0000
   17155.49924    55819.0000    18709.2500     4244.2500        1.0000
   17156.00278    55804.0000    18683.2500     4238.2500        1.0000
   17156.49933    55811.0000    18664.2500     4236.2500        1.0000
   17157.00287    55805.0000    18639.2500     4231.2500        1.0000
   17157.49942    55788.0000    18611.2500     4227.2500        1.0000
   17158.00296    55783.0000    18582.2500     4220.2500        1.0000
   17158.49952    55789.0000    18552.2500     4213.2500        1.0000
   17159.00307    55770.0000    18508.2500     4204.2500        1.0000
   17159.49963    55782.0000    18471.2500     4195.2500        1.0000
   17160.00318    55773.0000    18432.2500     4186.2500        1.0000
   17160.49974    55765.0000    18389.2500     4177.2500        1.0000
   17161.00330    55755.0000    18337.2500     4163.2500        1.0000
   17161.49987    55761.0000    18280.2500     4152.2500        1.0000
   17162.00344    55769.0000    18234.2500     4141.2500        1.0000
   17162.50001    55765.0000    18169.2500     4129.2500        1.0000
   17162.99658    55790.0000    18110.2500     4116.2500        1.0000
   17163.50015    55782.0000    18033.2500     4099.2500        1.0000
   17163.99673    55747.0000    17938.2500     4077.2500        1.0000
   17164.50031    55790.0000    17866.2500     4062.2500        1.0000
   17164.99689    55775.0000    17766.2500     4040.2500        1.0000
   17165.50047    55819.0000    17693.2500     4023.2500        1.0000
   17165.99706    55835.0000    17630.2500     4009.2500        1.0000
   17166.50065    55849.0000    17558.2500     3995.2500        1.0000
   17166.99724    55847.0000    17482.2500     3977.2500        1.0000
   17167.50083    55818.0000    17422.2500     3964.2500        1.0000
   17167.99743    55835.0000    17391.2500     3957.2500        1.0000
   17168.50102    55840.0000    17361.2500     3950.2500        1.0000
   17168.99763    55853.0000    17332.2500     3942.2500        1.0000
   17169.50123    55860.0000    17306.2500     3937.2500        1.0000
   17169.99783    55859.0000    17276.2500     3931.2500        1.0000
   17170.50144    55846.0000    17244.2500     3923.2500        1.0000
   17170.99805    55855.0000    17210.2500     3915.2500        1.0000
   17171.50166    55878.0000    17193.2500     3911.2500        1.0000
   17171.99827    55884.0000    17159.2500     3903.2500        1.0000
   17172.50188    55865.0000    17127.2500     3897.2500        1.0000
   17172.99851    55888.0000    17113.2500     3890.2500        1.0000
   17173.50212    55913.0000    17104.2500     3891.2500        1.0000
   17173.99875    55886.0000    17092.2500     3887.2500        1.0000
   17174.50237    55895.0000    17100.2500     3889.2500        1.0000
   17174.99900    55905.0000    17117.2500     3891.2500        1.0000
   17175.50263    55925.0000    17143.2500     3898.2500        1.0000
   17175.99926    55923.0000    17178.2500     3905.2500        1.0000
   17176.50289    55902.0000    17211.2500     3913.2500        1.0000
   17176.99953    55933.0000    17250.2500     3920.2500        1.0000
   17177.50317    55921.0000    17284.2500     3928.2500        1.0000
   17177.99981    55937.0000    17322.2500     3935.2500        1.0000
   17178.50345    55940.0000    17357.2500     3942.2500        1.0000
   17179.00010    55934.0000    17397.2500     3949.2500        1.0000
   17179.49675    55958.0000    17439.2500     3957.2500        1.0000
   17180.00040    55971.0000    17468.2500     3963.2500        1.0000
   17180.49705    55976.0000    17498.2500     3969.2500        1.0000
   17181.00070    55988.0000    17534.2500     3973.2500        1.0000
   17181.49736    55973.0000    17551.2500     3978.2500        1.0000
   17182.00102    55989.0000    17577.2500     3983.2500        1.0000
   17182.49769    55965.0000    17600.2500     3986.2500        1.0000
   17183.00135    56011.0000    17641.2500     3996.2500        1.0000
   17183.49802    55991.0000    17655.2500     3997.2500        1.0000
   17184.00168    55988.0000    17677.2500     4001.2500        1.0000
   17184.49835    55996.0000    17701.2500     4008.2500        1.0000
   17185.00203    56003.0000    17723.2500     4011.2500        1.0000
   17185.49870    56004.0000    17745.2500     4017.2500        1.0000
   17186.00238    56004.0000    17769.2500     4021.2500        1.0000
   17186.49906    56014.0000    17789.2500     4026.2500        1.0000
   17187.00274    56012.0000    17810.2500     4029.2500        1.0000
   17187.49943    55995.0000    17820.2500     4032.2500        1.0000
   17188.00311    55999.0000    17842.2500     4036.2500        1.0000
   17188.49980    55985.0000    17848.2500     4040.2500        1.0000
   17189.00349    56005.0000    17867.2500     4043.2500        1.0000
   17189.50019    56006.0000    17885.2500     4047.2500        1.0000
   17189.99689    56000.0000    17895.2500     4051.2500        1.0000
   17190.50058    56034.0000    17919.2500     4059.2500        1.0000
   17190.99729    56032.0000    17928.2500     4061.2500        1.0000
   17191.50099    56028.0000    17933.2500     4064.2500        1.0000
   17191.99769    56001.0000    17937.2500     4067.2500        1.0000
   17192.50140    56008.0000    17944.2500     4072.2500        1.0000
   17192.99811    56003.0000    17948.2500     4075.2500        1.0000
   17193.50182    56025.0000    17959.2500     4080.2500        1.0000
   17193.99854    56026.0000    17967.2500     4083.2500        1.0000
   17194.50225    56040.0000    17979.2500     4089.2500        1.0000
   17194.99897    56023.0000    17978.2500     4094.2500        1.0000
   17195.50269    56047.0000    17993.2500     4099.2500        1.0000
   17195.99942    56036.0000    17999.2500     4102.2500        1.0000
   17196.50314    56024.0000    18000.2500     4106.2500        1.0000
   17196.99987    56046.0000    18012.2500     4114.2500        1.0000
   17197.49660    56036.0000    18018.2500     4117.2500        1.0000
   17198.00033    56023.0000    18018.2500     4121.2500        1.0000
   17198.49707    56040.0000    18031.2500     4127.2500        1.0000
   17199.00081    56028.0000    18034.2500     4133.2500        1.0000
   17199.49755    56033.0000    18042.2500     4139.2500        1.0000
   17200.00129    56032.0000    18044.2500     4142.2500        1.0000
   17200.49803    56039.0000    18051.2500     4149.2500        1.0000
   17201.00178    56036.0000    18057.2500     4155.2500        1.0000
   17201.49853    56042.0000    18064.2500     4162.2500        1.0000
   17202.00228    56052.0000    18070.2500     4166.2500        1.0000
   17202.49903    56050.0000    18075.2500     4171.2500        1.0000
   17203.00279    56071.0000    18087.2500     4176.2500        1.0000
   17203.49955    56102.0000    18096.2500     4183.2500        1.0000
   17204.00330    56093.0000    18096.2500     4188.2500        1.0000
   17204.50007    56117.0000    18110.2500     4195.2500        1.0000
   17204.99684    56121.0000    18113.2500     4202.2500        1.0000
   17205.50060    56136.0000    18119.2500     4206.2500        1.0000
   17205.99737    56136.0000    18120.2500     4210.2500        1.0000
   17206.50114    56129.0000    18122.2500     4212.2500        1.0000
   17206.99792    56143.0000    18123.2500     4216.2500        1.0000
   17207.50169    56156.0000    18131.2500     4222.2500        1.0000
   17207.99847    56155.0000    18130.2500     4223.2500        1.0000
   17208.50225    56169.0000    18133.2500     4226.2500        1.0000
   17208.99904    56183.0000    18137.2500     4231.2500        1.0000
   17209.50282    56192.0000    18139.2500     4233.2500        1.0000
   17209.99961    56217.0000    18144.2500     4237.2500        1.0000
   17210.50340    56238.0000    18148.2500     4239.2500        1.0000
   17211.00019    56237.0000    18147.2500     4239.2500        1.0000
   17211.49699    56275.0000    18155.2500     4244.2500        1.0000
   17212.00078    56292.0000    18159.2500     4246.2500        1.0000
   17212.49758    56315.0000    18162.2500     4247.2500        1.0000
   17213.00138    56310.0000    18154.2500     4249.2500        1.0000
   17213.49819    56320.0000    18152.2500     4249.2500        1.0000
   17214.00199    56345.0000    18161.2500     4250.2500        1.0000
   17214.49880    56364.0000    18158.2500     4251.2500        1.0000
   17215.00261    56365.0000    18160.2500     4251.2500        1.0000
   17215.49942    56371.0000    18152.2500     4250.2500        1.0000
   17216.00324    56376.0000    18154.2500     4249.2500        1.0000
   17216.50006    56360.0000    18145.2500     4250.2500        1.0000
   17216.99688    56383.0000    18151.2500     4250.2500        1.0000
   17217.50070    56395.0000    18148.2500     4250.2500        1.0000
   17217.99752    56399.0000    18145.2500     4249.2500        1.0000
   17218.50135    56414.0000    18147.2500     4247.2500        1.0000
   17218.99818    56431.0000    18151.2500     4246.2500        1.0000
   17219.50201    56439.0000    18149.2500     4246.2500        1.0000
   17219.99884    56422.0000    18144.2500     4243.2500        1.0000
   17220.50268    56425.0000    18146.2500     4242.2500        1.0000
   17220.99951    56429.0000    18145.2500     4240.2500        1.0000
   17221.50335    56425.0000    18145.2500     4236.2500        1.0000
   17222.00020    56430.0000    18142.2500     4235.2500        1.0000
   17222.49704    56432.0000    18143.2500     4234.2500        1.0000
   17223.00089    56448.0000    18151.2500     4232.2500        1.0000
   17223.49774    56445.0000    18149.2500     4230.2500        1.0000
   17224.00159    56423.0000    18140.2500     4224.2500        1.0000
   17224.49844    56416.0000    18141.2500     4221.2500        1.0000
   17225.00230    56419.0000    18139.2500     4220.2500        1.0000
   17225.49916    56400.0000    18137.2500     4216.2500        1.0000
   17226.00302    56393.0000    18136.2500     4211.2500        1.0000
   17226.49988    56386.0000    18133.2500     4209.2500        1.0000
   17226.99675    56400.0000    18135.2500     4208.2500        1.0000
   17227.50061    56408.0000    18141.2500     4208.2500        1.0000
   17227.99749    56396.0000    18141.2500     4205.2500        1.0000
   17228.50136    56367.0000    18129.2500     4200.2500        1.0000
   17228.99823    56368.0000    18133.2500     4199.2500        1.0000
   17229.50211    56382.0000    18139.2500     4198.2500        1.0000
   17229.99899    56377.0000    18139.2500     4196.2500        1.0000
   17230.50287    56356.0000    18139.2500     4193.2500        1.0000
   17230.99975    56349.0000    18135.2500     4191.2500        1.0000
   17231.49664    56370.0000    18146.2500     4193.2500        1.0000
   17232.00053    56344.0000    18144.2500     4188.2500        1.0000
   17232.49742    56337.0000    18145.2500     4188.2500        1.0000
   17233.00131    56312.0000    18140.2500     4184.2500        1.0000
   17233.49820    56299.0000    18138.2500     4182.2500        1.0000
   17234.00210    56294.0000    18140.2500     4180.2500        1.0000
   17234.49900    56276.0000    18139.2500     4179.2500        1.0000
   17235.00290    56280.0000    18146.2500     4178.2500        1.0000
   17235.49981    56281.0000    18149.2500     4179.2500        1.0000
   17235.99671    56252.0000    18146.2500     4176.2500        1.0000
   17236.50062    56266.0000    18156.2500     4177.2500        1.0000
   17236.99753    56260.0000    18164.2500     4177.2500        1.0000
   17237.50144    56230.0000    18158.2500     4176.2500        1.0000
   17237.99836    56222.0000    18158.2500     4175.2500        1.0000
   17238.50228    56224.0000    18163.2500     4174.2500        1.0000
   17238.99920    56216.0000    18164.2500     4176.2500        1.0000
   17239.50312    56218.0000    18171.2500     4177.2500        1.0000
   17240.00004    56219.0000    18177.2500     4177.2500        1.0000
   17240.49697    56184.0000    18172.2500     4176.2500        1.0000
   17241.00090    56178.0000    18173.2500     4177.2500        1.0000
   17241.49783    56181.0000    18180.2500     4179.2500        1.0000
   17242.00176    56187.0000    18186.2500     4182.2500        1.0000
   17242.49870    56183.0000    18190.2500     4183.2500        1.0000
   17243.00264    56199.0000    18203.2500     4187.2500        1.0000
   17243.49958    56209.0000    18213.2500     4188.2500        1.0000
   17243.99652    56200.0000    18213.2500     4190.2500        1.0000
   17244.50046    56181.0000    18217.2500     4192.2500        1.0000
   17244.99741    56177.0000    18220.2500     4194.2500        1.0000
   17245.50136    56172.0000    18223.2500     4197.2500        1.0000
   17245.99831    56175.0000    18228.2500     4200.2500        1.0000
   17246.50227    56167.0000    18228.2500     4202.2500        1.0000
   17246.99922    56165.0000    18233.2500     4203.2500        1.0000
   17247.50318    56139.0000    18229.2500     4205.2500        1.0000
   17248.00014    56113.0000    18224.2500     4207.2500        1.0000
   17248.49711    56131.0000    18235.2500     4212.2500        1.0000
   17249.00107    56113.0000    18232.2500     4213.2500        1.0000
   17249.49804    56095.0000    18229.2500     4216.2500        1.0000
   17250.00201    56092.0000    18236.2500     4219.2500        1.0000
   17250.49898    56069.0000    18231.2500     4220.2500        1.0000
   17251.00295    56047.0000    18226.2500     4221.2500        1.0000
   17251.49993    56031.0000    18223.2500     4224.2500        1.0000
   17251.99691    56025.0000    18226.2500     4227.2500        1.0000
   17252.50089    56015.0000    18229.2500     4230.2500        1.0000
   17252.99787    56001.0000    18224.2500     4232.2500        1.0000
   17253.50186    55974.0000    18222.2500     4232.2500        1.0000
   17253.99885    55969.0000    18221.2500     4235.2500        1.0000
   17254.50284    55959.0000    18221.2500     4239.2500        1.0000
   17254.99983    55929.0000    18213.2500     4239.2500        1.0000
   17255.49683    55931.0000    18220.2500     4242.2500        1.0000
   17256.00082    55922.0000    18219.2500     4244.2500        1.0000
   17256.49782    55886.0000    18209.2500     4245.2500        1.0000
   17257.00182    55886.0000    18216.2500     4248.2500        1.0000
   17257.49883    55880.0000    18217.2500     4251.2500        1.0000
   17258.00283    55892.0000    18223.2500     4255.2500        1.0000
   17258.49984    55893.0000    18224.2500     4255.2500        1.0000
   17258.99685    55864.0000    18221.2500     4257.2500        1.0000
   17259.50086    55851.0000    18218.2500     4257.2500        1.0000
   17259.99788    55855.0000    18222.2500     4259.2500        1.0000
   17260.50190    55839.0000    18219.2500     4262.2500        1.0000
   17260.99892    55790.0000    18204.2500     4261.2500        1.0000
   17261.50294    55804.0000    18212.2500     4262.2500        1.0000
   17261.99996    55781.0000    18203.2500     4263.2500        1.0000
   17262.49699    55783.0000    18210.2500     4264.2500        1.0000
   17263.00102    55765.0000    18207.2500     4264.2500        1.0000
   17263.49805    55748.0000    18202.2500     4265.2500        1.0000
   17264.00208    55752.0000    18206.2500     4267.2500        1.0000
   17264.49912    55772.0000    18217.2500     4270.2500        1.0000
   17265.00316    55766.0000    18218.2500     4269.2500        1.0000
   17265.50020    55696.0000    18191.2500     4264.2500        1.0000
   17265.99724    55688.0000    18189.2500     4265.2500        1.0000
   17266.50128    55676.0000    18187.2500     4264.2500        1.0000
   17266.99833    55626.0000    18171.2500     4262.2500        1.0000
   17267.50238    55638.0000    18177.2500     4264.2500        1.0000
   17267.99943    55633.0000    18179.2500     4264.2500        1.0000
   17268.50348    55650.0000    18188.2500     4266.2500        1.0000
   17269.00054    55684.0000    18201.2500     4268.2500        1.0000
   17269.49760    55696.0000    18208.2500     4268.2500        1.0000
   17270.00166    55687.0000    18205.2500     4269.2500        1.0000
   17270.49872    55676.0000    18199.2500     4268.2500        1.0000
   17271.00279    55628.0000    18188.2500     4264.2500        1.0000
   17271.49985    55615.0000    18185.2500     4266.2500        1.0000
   17271.99692    55597.0000    18176.2500     4262.2500        1.0000
   17272.50099    55551.0000    18166.2500     4259.2500        1.0000
   17272.99807    55535.0000    18160.2500     4257.2500        1.0000
   17273.50214    55531.0000    18158.2500     4256.2500        1.0000
   17273.99922    55539.0000    18163.2500     4257.2500        1.0000
   17274.50330    55534.0000    18158.2500     4256.2500        1.0000
   17275.00039    55526.0000    18158.2500     4255.2500        1.0000
   17275.49747    55516.0000    18155.2500     4255.2500        1.0000
   17276.00156    55509.0000    18154.2500     4254.2500        1.0000
   17276.49865    55527.0000    18161.2500     4257.2500        1.0000
   17277.00274    55537.0000    18166.2500     4257.2500        1.0000
   17277.49983    55524.0000    18162.2500     4255.2500        1.0000
   17277.99693    55523.0000    18163.2500     4255.2500        1.0000
   17278.50103    55549.0000    18175.2500     4257.2500        1.0000
   17278.99813    55541.0000    18175.2500     4257.2500        1.0000
   17279.50223    55535.0000    18174.2500     4255.2500        1.0000
   17279.99934    55573.0000    18188.2500     4260.2500        1.0000
   17280.50345    55548.0000    18182.2500     4256.2500        1.0000
   17281.00056    55566.0000    18190.2500     4256.2500        1.0000
   17281.49767    55525.0000    18177.2500     4254.2500        1.0000
   17282.00178    55528.0000    18179.2500     4255.2500        1.0000
   17282.49890    55510.0000    18174.2500     4253.2500        1.0000
   17283.00302    55477.0000    18170.2500     4252.2500        1.0000
   17283.50014    55512.0000    18182.2500     4255.2500        1.0000
   17283.99726    55492.0000    18179.2500     4254.2500        1.0000
   17284.50139    55494.0000    18177.2500     4255.2500        1.0000
   17284.99852    55502.0000    18182.2500     4255.2500        1.0000
   17285.50265    55484.0000    18179.2500     4254.2500        1.0000
   17285.99978    55499.0000    18187.2500     4255.2500        1.0000
   17286.49691    55429.0000    18161.2500     4251.2500        1.0000
   17287.00105    55479.0000    18182.2500     4256.2500        1.0000
   17287.49819    55434.0000    18171.2500     4254.2500        1.0000
   17288.00233    55414.0000    18166.2500     4252.2500        1.0000
   17288.49948    55424.0000    18170.2500     4253.2500        1.0000
   17288.99662    55427.0000    18173.2500     4252.2500        1.0000
   17289.50077    55379.0000    18156.2500     4248.2500        1.0000
   17289.99792    55368.0000    18160.2500     4252.2500        1.0000
   17290.50208    55347.0000    18149.2500     4250.2500        1.0000
   17290.99923    55321.0000    18146.2500     4248.2500        1.0000
   17291.50339    55338.0000    18150.2500     4248.2500        1.0000
   17292.00055    55309.0000    18146.2500     4247.2500        1.0000
   17292.49771    55313.0000    18144.2500     4246.2500        1.0000
   17293.00187    55311.0000    18142.2500     4247.2500        1.0000
   17293.49904    55284.0000    18134.2500     4246.2500        1.0000
   17294.00321    55297.0000    18142.2500     4248.2500        1.0000
   17294.50038    55272.0000    18134.2500     4246.2500        1.0000
   17294.99755    55242.0000    18124.2500     4244.2500        1.0000
   17295.50173    55268.0000    18135.2500     4247.2500        1.0000
   17295.99890    55275.0000    18141.2500     4249.2500        1.0000
   17296.50309    55264.0000    18137.2500     4250.2500        1.0000
   17297.00027    55269.0000    18138.2500     4251.2500        1.0000
   17297.49745    55317.0000    18158.2500     4256.2500        1.0000
   17298.00164    55290.0000    18150.2500     4257.2500        1.0000
   17298.49883    55267.0000    18141.2500     4255.2500        1.0000
   17299.00302    55262.0000    18144.2500     4257.2500        1.0000
   17299.50021    55274.0000    18147.2500     4260.2500        1.0000
   17299.99741    55264.0000    18147.2500     4259.2500        1.0000
   17300.50161    55234.0000    18138.2500     4260.2500        1.0000
   17303.27474   109368.0000    35926.5402     8450.2812        1.9810
   17305.57174   110082.0000    36173.6643     8522.7812        1.9970
   17307.88979   110698.0000    36386.7335     8582.1875        2.0140
   17310.22190   111378.0000    36624.8575     8650.6875        2.0300
   17312.57506   112340.0000    36970.9267     8749.0937        2.0470
   17314.94929   113087.0000    37245.0508     8831.5937        2.0630
   17317.34458   114044.0000    37591.1200     8928.0000        2.0800
   17319.75393   114839.0000    37887.2440     9013.5000        2.0960
   17322.18434   115706.0000    38200.3132     9102.9062        2.1130
   17324.62882   116538.0000    38517.4373     9195.4062        2.1290
   17327.10136   117366.0000    38820.5065     9281.8125        2.1460
   17329.58797   118092.0000    39095.6305     9356.3125        2.1620
   17332.09565   118982.0000    39417.6997     9431.7187        2.1790
   17334.61740   119789.0000    39707.8238     9499.2187        2.1950
   17337.16022   120618.0000    40009.8930     9565.6250        2.2120
   17339.72411   121431.0000    40297.0170     9633.1250        2.2280
   17342.30908   122233.0000    40589.0863     9696.5312        2.2450
   17344.90811   123173.0000    40927.2102     9770.0312        2.2610
   17347.52823   124079.0000    41257.2795     9840.4375        2.2780
   17350.16942   124959.0000    41576.4035     9910.9375        2.2940
   17352.82469   125955.0000    41946.4728     9995.3437        2.3110
   17355.50804   126833.0000    42265.5967    10075.8437        2.3270
   17358.19847   127730.0000    42597.6660    10159.2500        2.3440
   17360.91699   128556.0000    42900.7900    10243.7500        2.3600
   17363.64958   129418.0000    43223.8593    10330.1562        2.3770
   17366.40327   130189.0000    43512.9832    10417.6562        2.3930
   17369.17804   131041.0000    43831.0525    10504.0625        2.4100
   17371.96689   131770.0000    44096.1765    10577.5625        2.4260
   17374.78385   132614.0000    44408.2458    10663.9687        2.4430
   17377.60788   133510.0000    44736.3697    10750.4687        2.4590
   17380.46001   134479.0000    45089.4390    10840.8750        2.4760
   17383.32624   135224.0000    45355.5630    10910.3750        2.4920
   17386.21355   136203.0000    45713.6323    10999.7812        2.5090
   17389.12197   136918.0000    45972.7562    11067.2812        2.5250
   17392.04448   137943.0000    46347.8255    11165.6875        2.5420
   17394.98809   138835.0000    46667.9495    11256.1875        2.5580
   17397.95281   139618.0000    46957.0188    11341.5937        2.5750
   17400.93863   140460.0000    47270.1427    11438.0937        2.5910
   17403.93854   141364.0000    47607.2120    11533.5000        2.6080
   17406.95957   142185.0000    47920.3360    11621.0000        2.6240
   17409.99469   143085.0000    48267.4053    11715.4062        2.6410
