MRCAT_XAFS V0.3 Datafile
"mn3o4.202" created at APS Sector 10-ID on Mon Jun 13 21:11:12 2005
Ring energy= 7.00 GeV
E0= 21044.00
NUM_REGIONS= 1
SRB= 6340
SRSS= 0.5
SPP= 0.05
Settling time= 0


Offsets= 11416.00 11323.00 10625.00 11669.00 0.00 0.00 0.00 0.00 0.00 0.00 0.00 0.00 0.00 0.00 0.00 0.00 
Gains= 8.00 7.00 7.00 8.00 1.00 1.00 1.00 1.00 1.00 1.00 1.00 1.00 1.00 1.00 1.00 1.00
Mn edge Hausmannite, Mn3O4
10%N2 in I0, 100%N2 in It
4 layers on tape
------------------------------------------------------------------------------------------------
   energy     mcs3     mcs4     mcs5     mcs6 
 6339.8026  190340 84640 55300 0
 6340.0133  191160 85060 55580 0
 6340.4263  191220 85140 55660 20
 6340.831   190380 84800 55440 0
 6341.2357  191340 85240 55780 0
 6341.6404  191620 85440 55880 0
 6342.0537  191700 85520 55980 0
 6342.467   191680 85560 56020 0
 6342.872   192380 85920 56260 0
 6343.2769  191920 85760 56180 0
 6343.6904  191340 85540 56100 20
 6344.104   191300 85580 56120 0
 6344.5091  191680 85780 56260 0
 6344.9143  191760 85840 56300 0
 6345.3196  191580 85820 56340 0
 6345.7334  192080 86080 56500 0
 6346.1472  191720 85960 56440 0
 6346.5526  190840 85580 56240 0
 6346.9665  191300 85860 56460 20
 6347.3721  192180 86300 56700 0
 6347.7777  192280 86380 56840 0
 6348.1918  192100 86360 56800 0
 6348.5975  192720 86660 57040 0
 6349.0032  192760 86740 57060 0
 6349.4091  192380 86580 57020 0
 6349.8149  190940 85960 56640 0
 6350.2293  191760 86400 56940 20
 6350.6437  191800 86440 57020 0
 6351.0582  192540 86860 57280 0
 6351.4728  192540 86900 57320 0
 6351.8705  192640 86980 57420 0
 6352.2682  192780 87100 57520 0
 6352.6829  192300 86920 57400 0
 6353.0977  193240 87380 57700 0
 6353.5125  193720 87660 57940 0
 6353.9274  193660 87680 57920 20
 6354.3339  193920 87800 58100 0
 6354.7405  193280 87560 57960 0
 6355.147   192760 87320 57860 0
 6355.5622  192080 87040 57660 0
 6355.9773  193400 87740 58140 0
 6356.3841  192960 87580 58060 0
 6356.7909  193240 87780 58160 0
 6357.2062  194260 88280 58540 0
 6357.6132  193880 88140 58440 20
 6358.0201  194720 88580 58800 0
 6358.4356  194940 88740 58840 0
 6358.8427  194580 88600 58800 0
 6359.2499  192780 87760 58300 0
 6359.6655  193520 88180 58560 0
 6360.0813  193740 88320 58720 0
 6360.4886  193520 88220 58680 0
 6360.896   192600 87800 58420 0
 6361.3119  194140 88600 58980 0
 6361.7193  194660 88960 59180 0
 6362.1184  195240 89240 59420 0
 6362.5344  194700 89020 59320 20
 6362.9591  194180 88800 59200 0
 6363.3753  194500 89040 59320 0
 6363.783   195000 89320 59560 0
 6364.1908  195400 89560 59720 0
 6364.5987  195700 89720 59840 0
 6365.0066  195660 89740 59880 0
 6365.4231  195420 89700 59900 0
 6365.8396  192960 88500 59140 0
 6366.2477  188740 86460 57840 0
 6366.6558  190500 87340 58420 20
 6367.064   192740 88600 59260 0
 6367.4808  193240 88880 59500 0
 6367.8976  193440 89040 59600 0
 6368.306   192980 88860 59460 0
 6368.7144  192560 88660 59440 0
 6369.1229  192960 88900 59560 0
 6369.5399  193320 89140 59740 0
 6369.957   193780 89400 59920 0
 6370.3656  194000 89560 60040 0
 6370.7743  193660 89420 60020 0
 6371.1831  193460 89400 60020 0
 6371.6004  193260 89300 59980 20
 6372.0178  192960 89180 59960 0
 6372.4267  192280 88900 59720 0
 6372.8357  190780 88120 59260 0
 6373.2532  191180 88380 59440 0
 6373.6709  190180 87860 59120 0
 6374.08    191720 88720 59740 0
 6374.4892  192440 89180 60060 0
 6374.8985  193500 89760 60480 0
 6375.3163  194080 90080 60680 0
 6375.7342  194500 90320 60840 0
 6376.1436  194940 90600 61040 20
 6376.5531  195300 90800 61220 0
 6376.9626  195100 90720 61180 0
 6377.3807  194520 90500 61060 0
 6377.7989  192760 89620 60500 0
 6378.2086  193480 90000 60780 0
 6378.6184  194900 90780 61300 0
 6379.0282  196540 91640 61900 0
 6379.4381  195300 91080 61560 0
 6379.8565  192960 89900 60820 0
 6380.2751  194320 90620 61280 0
 6380.6851  194220 90600 61320 0
 6381.1037  195400 91260 61800 0
 6381.5224  197260 92240 62440 0
 6381.9326  197340 92340 62500 20
 6382.3429  196520 91980 62320 0
 6382.7532  197540 92520 62700 0
 6383.1636  197500 92540 62720 0
 6383.5826  197980 92820 62960 0
 6384.0016  197520 92680 62860 0
 6384.4121  198620 93220 63220 0
 6384.8313  198520 93220 63220 0
 6385.2505  198420 93220 63240 0
 6385.6527  198300 93180 63240 0
 6386.0634  198900 93520 63540 0
 6386.4828  199400 93800 63740 0
 6386.9023  198400 93380 63460 0
 6387.3217  197940 93180 63360 0
 6387.7327  199280 93880 63860 20
 6388.1438  199420 94000 63960 0
 6388.5549  198380 93540 63620 0
 6388.966   199840 94280 64180 0
 6389.3773  200220 94540 64400 0
 6389.7971  199000 93960 64000 0
 6390.217   197980 93520 63740 0
 6390.6284  199460 94320 64260 0
 6391.0484  199620 94440 64380 0
 6391.4685  199660 94480 64460 0
 6391.88    199640 94540 64500 0
 6392.2916  200500 94980 64860 0
 6392.7033  200040 94800 64760 0
 6393.1236  199720 94680 64680 0
 6393.544   200240 95020 64920 0
 6393.9558  200080 94960 64960 0
 6394.3763  200480 95220 65140 0
 6394.7882  200480 95280 65160 20
 6395.1916  200840 95480 65320 0
 6395.6123  199920 95080 65100 0
 6396.033   198860 94560 64780 0
 6396.4452  197300 93780 64260 0
 6396.866   197760 94060 64460 0
 6397.2868  200260 95440 65420 0
 6397.6992  200840 95780 65680 0
 6398.1116  201000 95900 65800 0
 6398.5326  201740 96320 66060 0
 6398.9451  201800 96400 66160 0
 6399.3491  202300 96680 66360 0
 6399.7703  202140 96660 66360 0
 6400.1916  201100 96180 66080 0
 6400.6044  199420 95280 65500 20
 6401.0258  201300 96360 66220 0
 6401.4472  202160 96840 66560 0
 6401.8601  203360 97460 67040 0
 6402.2731  203520 97600 67160 0
 6402.6947  203620 97700 67200 0
 6403.1164  204560 98200 67600 0
 6403.5295  204200 98060 67560 0
 6403.9427  204120 98080 67560 0
 6404.356   204500 98320 67780 0
 6404.7693  202760 97480 67240 0
 6405.1912  202840 97580 67340 0
 6405.6133  204360 98380 67900 0
 6406.0267  203480 97980 67640 0
 6406.4403  202960 97800 67500 20
 6406.8625  203420 98060 67760 0
 6407.2847  204020 98420 67980 0
 6407.6984  204160 98540 68100 0
 6408.1122  204100 98560 68120 0
 6408.5346  204740 98900 68400 0
 6408.9571  203740 98400 68040 0
 6409.3711  202940 98020 67860 0
 6409.7764  203000 98120 67980 0
 6410.1905  203360 98440 68180 0
 6410.6132  203820 98700 68380 0
 6411.036   201900 97780 67800 0
 6411.4502  200480 97040 67300 0
 6411.8644  202400 98120 68060 0
 6412.2874  202900 98460 68340 0
 6412.7018  203320 98700 68500 0
 6413.1249  203840 99020 68760 0
 6413.548   202140 98140 68220 0
 6413.9625  202280 98300 68320 20
 6414.3771  203960 99240 68960 0
 6414.7918  204480 99520 69140 0
 6415.2152  204200 99420 69120 0
 6415.6386  204120 99420 69200 0
 6416.0534  203760 99320 69060 0
 6416.4683  204480 99720 69400 0
 6416.8833  204580 99800 69480 0
 6417.3069  205420 100260 69820 0
 6417.7306  205340 100280 69880 0
 6418.1458  205620 100460 69980 0
 6418.5696  205500 100460 70040 0
 6418.9935  203140 99200 69280 0
 6419.4088  203440 99420 69400 0
 6419.8241  206040 100860 70400 0
 6420.2395  205720 100740 70340 20
 6420.655   206740 101300 70740 0
 6421.0792  206320 101160 70620 0
 6421.5034  207100 101580 70980 0
 6421.9191  208000 102100 71360 0
 6422.3434  208140 102200 71460 0
 6422.7678  208180 102280 71520 0
 6423.1836  208220 102340 71600 0
 6423.5995  208140 102360 71640 0
 6424.0154  207300 101960 71380 0
 6424.4314  207620 102180 71580 0
 6424.8561  207460 102140 71580 0
 6425.2809  207100 101980 71420 0
 6425.7057  208200 102640 71900 0
 6426.1219  207920 102520 71860 0
 6426.5295  208460 102840 72160 0
 6426.9545  207780 102520 71980 0
 6427.3795  206760 102020 71620 0
 6427.796   208980 103260 72500 0
 6428.2125  209380 103520 72680 20
 6428.629   209200 103480 72680 0
 6429.0543  209100 103480 72680 0
 6429.4796  209480 103700 72920 0
 6429.8964  208500 103220 72580 0
 6430.3132  209780 103980 73140 0
 6430.73    210920 104600 73640 0
 6431.1556  210720 104560 73600 0
 6431.5812  210440 104440 73540 0
 6432.0069  210540 104560 73620 0
 6432.424   209540 104060 73280 0
 6432.8411  210000 104400 73540 0
 6433.267   209260 104060 73340 0
 6433.6842  207920 103400 72920 0
 6434.1015  208740 103860 73300 0
 6434.5276  209040 104080 73460 0
 6434.945   209240 104240 73580 0
 6435.3624  210020 104720 73960 0
 6435.7887  209520 104500 73840 0
 6436.215   207660 103620 73240 0
 6436.6326  205920 102820 72600 0
 6437.0503  207680 103740 73340 0
 6437.4768  209640 104780 74120 0
 6437.8946  210180 105100 74340 20
 6438.3124  209580 104860 74240 0
 6438.7391  210220 105220 74440 0
 6439.1658  211040 105700 74840 0
 6439.5838  210940 105700 74880 0
 6440.0019  211300 105940 75060 0
 6440.4288  211820 106220 75300 0
 6440.847   211800 106240 75360 0
 6441.2566  211100 105940 75120 0
 6441.6836  211420 106180 75300 0
 6442.1107  210540 105700 75060 0
 6442.5379  209540 105200 74700 0
 6442.9564  211840 106540 75680 0
 6443.375   211640 106480 75640 0
 6443.8023  210780 106040 75360 0
 6444.221   212520 107040 76100 0
 6444.6397  212620 107120 76180 0
 6445.0672  211580 106580 75820 0
 6445.4948  212480 107160 76280 0
 6445.9137  213060 107540 76520 0
 6446.3327  214020 108040 76940 0
 6446.7605  212760 107480 76580 0
 6447.1883  211280 106760 76120 0
 6447.6074  209840 106060 75620 0
 6448.0266  210760 106600 76020 0
 6448.4459  207940 105080 75000 0
 6448.8739  207060 104480 74660 0
 6449.302   207860 105080 75020 0
 6449.7215  210360 106560 76100 0
 6450.141   208680 105620 75460 0
 6450.5605  211980 107520 76780 20
 6450.9801  212240 107680 77000 0
 6451.4085  209700 106460 76120 -20
 6451.837   209480 106400 76100 20
 6452.2568  210080 106780 76360 0
 6452.6766  211580 107580 76980 0
 6453.1052  212620 108140 77440 0
 6453.5339  211660 107700 77100 0
 6453.9539  212380 108100 77440 0
 6454.374   213540 108800 77940 0
 6454.8029  213420 108740 77920 0
 6455.2318  212320 108240 77560 0
 6455.6521  212360 108220 77600 0
 6456.0724  213120 108720 78000 0
 6456.4927  213460 108940 78220 0
 6456.9131  214300 109420 78560 0
 6457.3424  215100 109900 78920 0
 6457.7717  214520 109640 78700 0
 6458.1923  215120 110020 79020 0
 6458.6129  215600 110360 79280 0
 6459.0336  214800 109960 79000 0
 6459.4632  214520 109860 79000 0
 6459.8927  215180 110240 79300 0
 6460.3136  215960 110700 79660 0
 6460.7433  216440 111020 79920 0
 6461.1731  216120 110900 79800 0
 6461.5942  216140 110940 79920 0
 6462.0153  217120 111520 80340 0
 6462.4364  217600 111840 80580 0
 6462.8577  217800 111980 80700 0
 6463.2877  216540 111400 80280 0
 6463.7091  216500 111440 80340 0
 6464.1305  218400 112500 81140 0
 6464.5607  218180 112380 81100 0
 6464.9823  218500 112640 81280 0
 6465.4126  218220 112520 81200 0
 6465.843   218440 112660 81420 0
 6466.2647  217360 112160 81020 0
 6466.6953  218360 112760 81480 0
 6467.1259  218500 112860 81600 0
 6467.5478  216020 111500 80660 0
 6467.9697  216020 111640 80780 0
 6468.4005  218120 112860 81640 0
 6468.8225  217480 112540 81500 0
 6469.2446  218480 113140 81900 0
 6469.6756  219260 113600 82260 20
 6470.0978  217260 112480 81500 0
 6470.5201  218280 113180 82020 -20
 6470.9512  220320 114320 82840 20
 6471.3824  220180 114300 82820 0
 6471.8049  219500 114000 82660 0
 6472.2274  219740 114140 82820 0
 6472.65    217880 113120 82100 0
 6473.0814  219440 114100 82800 0
 6473.5041  219740 114340 82940 0
 6473.9269  219940 114460 83120 0
 6474.3585  219600 114300 83000 0
 6474.7813  219660 114440 83060 0
 6475.2043  221080 115260 83740 0
 6475.6361  221240 115380 83840 0
 6476.0679  221100 115380 83880 0
 6476.491   221860 115800 84160 0
 6476.923   220420 115040 83640 0
 6477.355   221080 115500 83960 0
 6477.7783  221380 115720 84220 0
 6478.2016  220160 115060 83760 0
 6478.625   220020 115040 83760 0
 6479.0485  221880 116160 84560 0
 6479.472   222680 116660 84920 0
 6479.9044  222920 116820 85080 0
 6480.3369  222560 116700 85000 0
 6480.7605  221580 116220 84640 0
 6481.1843  222160 116560 84940 0
 6481.6169  223040 117120 85380 0
 6482.0496  222620 116940 85280 0
 6482.4735  222320 116820 85220 0
 6482.9064  222720 117080 85440 0
 6483.3304  222920 117280 85580 0
 6483.7545  223460 117600 85820 0
 6484.1875  223560 117720 85880 0
 6484.6117  223840 117920 86080 0
 6485.036   223900 117980 86160 0
 6485.4603  223480 117780 86040 0
 6485.8936  223120 117640 85960 0
 6486.3268  224180 118320 86440 0
 6486.7514  224580 118560 86660 0
 6487.1848  223940 118260 86400 0
 6487.6183  224460 118640 86720 0
 6488.0429  225040 118980 86980 0
 6488.4677  225060 119020 87060 0
 6488.9013  225100 119120 87100 0
 6489.3351  225320 119260 87220 0
 6489.76    224600 118880 86960 0
 6490.185   226240 119900 87700 0
 6490.61    226740 120220 87980 0
 6491.0351  226680 120260 88020 0
 6491.4691  225940 119900 87780 0
 6491.9032  226300 120160 87960 0
 6492.3285  225260 119600 87580 0
 6492.7538  225080 119600 87560 0
 6493.1792  225620 119940 87800 0
 6493.6135  226000 120180 88020 0
 6494.0479  226000 120220 88040 0
 6494.4735  226360 120480 88240 0
 6494.908   226040 120320 88140 20
 6495.3426  226120 120460 88260 -20
 6495.7683  226600 120780 88500 0
 6496.1941  227400 121280 88840 20
 6496.62    225860 120420 88260 -20
 6497.0459  225920 120500 88340 0
 6497.4808  226360 120800 88520 20
 6497.9157  226440 120900 88600 0
 6498.3418  227460 121520 89040 -20
 6498.768   227700 121720 89140 0
 6499.2031  227260 121520 89020 0
 6499.6294  226860 121340 88860 0
 6500.0468  227180 121540 89020 0
 6500.4821  227800 122000 89320 0
 6500.9175  229080 122720 89900 0
 6501.344   228260 122280 89580 0
 6501.7795  228300 122380 89600 0
 6502.215   229020 122820 89960 0
 6502.6417  228260 122480 89600 0
 6503.0685  228140 122460 89560 0
 6503.5042  227020 121760 89120 0
 6503.9399  226020 121240 88700 0
 6504.3669  229020 123100 89960 0
 6504.7939  228820 123040 89920 0
 6505.2209  227700 122440 89400 0
 6505.6481  227000 122040 89100 0
 6506.0841  228700 123080 89840 0
 6506.5292  230080 123940 90400 0
 6506.9565  229420 123600 90100 0
 6507.3749  229440 123700 90100 0
 6507.8112  230360 124220 90420 0
 6508.2476  230720 124460 90560 0
 6508.6751  230520 124400 90400 0
 6509.1027  231220 124860 90640 0
 6509.5304  230880 124680 90460 0
 6509.967   230720 124640 90300 0
 6510.4037  227920 122960 89040 0
 6510.8315  228500 123360 89160 0
 6511.2594  229860 124240 89640 0
 6511.6874  231380 125200 90180 0
 6512.1154  232140 125680 90380 0
 6512.5524  232220 125760 90220 0
 6512.9894  230780 124920 89440 0
 6513.4176  229980 124460 88860 0
 6513.8548  230700 124940 88940 0
 6514.292   231200 125300 88860 0
 6514.7204  232280 125960 89000 0
 6515.1488  232920 126340 88900 0
 6515.5862  232480 126140 88240 0
 6516.0147  232340 126100 87620 0
 6516.4434  232600 126240 87040 0
 6516.8809  232940 126480 86340 0
 6517.3097  233120 126540 85300 0
 6517.7385  232920 126420 83860 0
 6518.1673  233940 127000 82300 0
 6518.6051  234420 127220 79720 0
 6519.043   234700 127280 75380 0
 6519.4721  233780 126640 67680 0
 6519.9101  233460 126300 57160 0
 6520.3392  232640 125320 46300 0
 6520.7684  233600 124940 38880 0
 6521.2067  233440 123580 34120 0
 6521.636   231260 121660 30740 0
 6522.0654  232780 122980 28800 0
 6522.4948  234320 124420 27260 0
 6522.9333  234760 124680 25900 0
 6523.3718  234700 124360 25040 0
 6523.8014  234680 123940 24700 0
 6524.24    234820 123580 24600 0
 6524.6787  235260 123320 24200 0
 6525.1085  235980 123120 23480 0
 6525.5384  234620 121500 22340 0
 6525.9683  233940 120000 21240 0
 6526.4073  234080 118540 20380 0
 6526.8463  234920 117140 19620 0
 6527.2764  236060 115280 18940 0
 6527.7065  236000 112100 17940 0
 6528.1368  234880 108000 16700 0
 6528.576   234920 104680 15520 20
 6529.0153  236160 102460 14460 0
 6529.4457  236000 100080 13400 0
 6529.8762  235220 97620 12320 0
 6530.3067  236840 96260 11480 0
 6530.7463  237260 94280 10580 0
 6531.1859  237360 92160 9760 0
 6531.6166  237140 89820 8960 0
 6532.0473  237040 87700 8280 0
 6532.4782  237400 85840 7720 0
 6532.918   236640 83820 7120 0
 6533.358   236020 82240 6660 0
 6533.789   236220 81560 6280 0
 6534.22    237280 81520 5960 0
 6534.6601  238180 81480 5700 20
 6535.1003  237240 80740 5380 0
 6535.5316  237540 80300 5140 0
 6535.9629  237040 79400 4920 0
 6536.3942  237160 78460 4720 0
 6536.8347  236500 76980 4560 0
 6537.2751  234400 74660 4400 0
 6537.7067  235740 73400 4300 0
 6538.1383  237100 72020 4240 0
 6538.57    236540 70080 4180 0
 6539.0107  237500 68780 4200 0
 6539.4515  238920 67940 4220 0
 6539.8833  237280 66640 4260 20
 6540.3152  236380 66280 4340 0
 6540.7472  236660 66920 4440 0
 6541.1882  233580 67060 4560 0
 6541.6203  234980 69120 4740 0
 6542.0525  238280 72020 4960 0
 6542.4937  239660 74280 5160 0
 6542.935   239900 75940 5280 0
 6543.3763  237040 76320 5300 0
 6543.8087  236380 77220 5380 0
 6544.2412  237780 78860 5440 0
 6544.6737  237740 79780 5500 0
 6545.1153  238700 80840 5540 0
 6545.5479  240080 81800 5600 20
 6545.9806  239740 81960 5580 0
 6546.4224  239440 81920 5580 0
 6546.8642  239680 81980 5540 0
 6547.2971  239840 81880 5540 0
 6547.721   240120 81780 5500 0
 6548.1631  240200 81520 5500 0
 6548.6051  240180 81240 5460 0
 6549.0383  239800 80820 5420 0
 6549.4805  237980 79900 5380 0
 6549.9227  234820 78480 5300 0
 6550.3651  235500 78640 5320 0
 6550.7984  237640 79420 5340 20
 6551.2319  239980 80340 5420 0
 6551.6744  239520 80320 5420 0
 6552.1079  240160 80860 5460 0
 6552.5415  241060 81560 5480 0
 6552.9752  240700 81860 5520 0
 6553.418   240080 82080 5520 0
 6553.8608  240280 82520 5560 0
 6554.2947  240260 82880 5580 0
 6554.7286  240000 83060 5600 0
 6555.1625  238600 82840 5600 0
 6555.6056  239340 83420 5620 20
 6556.0488  241340 84400 5680 0
 6556.4829  240940 84500 5680 0
 6556.9171  240440 84560 5660 0
 6557.3514  240720 84880 5660 0
 6557.7948  242040 85580 5700 0
 6558.2382  241340 85560 5680 0
 6558.6727  241560 85940 5720 0
 6559.1163  242500 86600 5720 0
 6559.5509  242340 86880 5740 0
 6559.9855  243500 87680 5760 0
 6560.4293  242780 87820 5740 20
 6560.864   241680 87780 5760 0
 6561.2989  242440 88480 5760 0
 6561.7338  242320 88840 5760 0
 6562.1687  241880 89120 5740 0
 6562.6128  242480 89780 5780 0
 6563.0569  241480 89780 5740 0
 6563.492   240820 89900 5720 0
 6563.9363  241920 90680 5760 0
 6564.3806  242120 91060 5740 0
 6564.8159  241880 91220 5740 0
 6565.2513  242960 91860 5760 0
 6565.6868  243360 92140 5740 0
 6566.1313  243840 92460 5740 20
 6566.576   243080 92220 5720 0
 6567.0116  242380 91960 5740 0
 6567.4473  241300 91480 5700 0
 6567.8921  241780 91680 5720 0
 6568.3279  243480 92320 5760 0
 6568.7638  243020 92040 5760 0
 6569.2088  243520 92160 5820 0
 6569.6448  243260 92040 5840 0
 6570.0899  242000 91440 5840 0
 6570.5351  242120 91500 5900 0
 6570.9622  243200 91980 5960 0
 6571.4075  243520 92120 6020 20
 6571.862   243740 92220 6080 0
 6572.2983  243660 92200 6080 0
 6572.7257  244640 92580 6140 0
 6573.1621  244760 92580 6180 0
 6573.6078  242800 91740 6160 0
 6574.0444  243720 91980 6200 0
 6574.4901  244040 91980 6220 0
 6574.936   245140 92180 6280 0
 6575.3728  244520 91740 6260 0
 6575.8096  244000 91240 6260 0
 6576.2465  244180 91060 6260 0
 6576.6835  243800 90620 6280 0
 6577.1296  244280 90580 6300 0
 6577.5758  245060 90600 6340 0
 6578.013   245760 90640 6380 0
 6578.4593  244960 90120 6360 0
 6578.9057  243780 89500 6380 20
 6579.343   244980 89840 6420 0
 6579.7804  244600 89600 6440 0
 6580.2179  245120 89760 6460 0
 6580.6554  245640 89940 6540 0
 6581.1021  245940 90060 6540 0
 6581.5489  245720 89980 6540 0
 6581.9957  246480 90300 6600 0
 6582.4335  245660 90000 6580 0
 6582.8622  243800 89360 6520 0
 6583.3092  242160 88800 6500 0
 6583.7563  242360 88840 6500 0
 6584.1943  242240 88820 6500 0
 6584.6415  242560 88960 6500 0
 6585.0888  240420 88020 6440 20
 6585.527   243420 89300 6480 0
 6585.9653  244220 89600 6500 0
 6586.4127  244380 89660 6480 0
 6586.8511  244060 89500 6460 0
 6587.2804  243100 89100 6420 0
 6587.7281  243020 89060 6400 0
 6588.1758  241860 88600 6340 0
 6588.6236  240660 88100 6280 0
 6589.0623  243640 89140 6320 0
 6589.501   245580 89780 6380 0
 6589.949   245560 89700 6320 0
 6590.3879  245220 89500 6300 0
 6590.836   246140 89800 6320 20
 6591.275   244940 89260 6240 0
 6591.714   243740 88700 6220 0
 6592.1623  245560 89420 6220 0
 6592.6015  246480 89760 6220 0
 6593.0499  245940 89500 6160 0
 6593.4984  246700 89800 6160 0
 6593.9378  247500 90140 6160 0
 6594.3772  247100 89980 6140 0
 6594.8167  247780 90240 6140 0
 6595.2563  247140 90000 6120 0
 6595.7051  246440 89820 6080 0
 6596.1539  246220 89800 6080 20
 6596.5937  246900 90100 6080 0
 6597.0335  246400 89980 6040 0
 6597.4825  246440 90060 6060 0
 6597.9316  246640 90220 6060 0
 6598.3625  247120 90500 6080 0
 6598.8117  246760 90460 6060 0
 6599.261   247900 91020 6080 0
 6599.7012  247780 91040 6100 0
 6600.1506  246420 90640 6060 0
 6600.5909  247720 91220 6120 0
 6601.0313  246060 90620 6080 0
 6601.4717  244540 90080 6060 0
 6601.9122  246620 91100 6120 0
 6602.3619  245360 90660 6100 20
 6602.8117  246080 91060 6160 0
 6603.2524  247080 91560 6160 0
 6603.6932  247860 91960 6220 0
 6604.1432  248780 92400 6260 0
 6604.5932  247280 91920 6220 0
 6605.0341  246640 91700 6240 0
 6605.4751  248000 92360 6280 0
 6605.9162  247740 92360 6300 0
 6606.3665  248240 92640 6340 0
 6606.8169  248060 92620 6340 0
 6607.2581  246840 92220 6340 0
 6607.6994  246460 92140 6380 0
 6608.1408  247640 92680 6400 0
 6608.5914  248440 93080 6440 0
 6609.0421  248200 93060 6460 0
 6609.4837  248280 93160 6460 20
 6609.9253  247260 92800 6480 0
 6610.3762  248140 93200 6520 0
 6610.8271  248000 93220 6520 0
 6611.2689  247460 93060 6560 0
 6611.7108  246220 92560 6540 0
 6612.1527  247840 93320 6600 0
 6612.6039  247280 93200 6580 0
 6613.0552  248840 93880 6640 0
 6613.4973  249840 94340 6660 0
 6613.9395  248400 93800 6660 0
 6614.391   248000 93700 6640 0
 6614.8425  249000 94180 6660 0
 6615.2848  249740 94520 6700 0
 6615.7273  249040 94280 6680 0
 6616.1698  247720 93820 6660 20
 6616.6123  249320 94480 6660 0
 6617.0642  249640 94620 6680 0
 6617.5161  249700 94620 6660 0
 6617.9588  248940 94360 6640 0
 6618.4016  249960 94800 6660 0
 6618.8537  249380 94560 6620 0
 6619.3059  247820 93960 6580 0
 6619.7489  247980 94060 6580 0
 6620.1919  249240 94620 6600 0
 6620.6351  248860 94520 6600 0
 6621.0875  249260 94700 6580 0
 6621.54    248360 94380 6560 0
 6621.9833  248320 94460 6580 0
 6622.4266  249620 95120 6600 0
 6622.8793  249740 95240 6600 0
 6623.3321  249500 95220 6600 0
 6623.7756  250600 95840 6620 20
 6624.2192  250940 96080 6660 0
 6624.6629  249420 95600 6640 0
 6625.1067  249780 95860 6660 0
 6625.5597  249800 96020 6680 0
 6626.0129  249700 96100 6700 0
 6626.4568  250900 96740 6760 0
 6626.9008  249200 96180 6720 0
 6627.3541  249220 96320 6740 0
 6627.8075  249500 96560 6780 0
 6628.2517  249860 96840 6800 0
 6628.6959  250860 97360 6880 0
 6629.1495  249280 96840 6840 0
 6629.5939  249720 97140 6900 0
 6630.0383  250540 97560 6960 20
 6630.4921  247880 96480 6900 0
 6630.9367  248200 96760 6920 0
 6631.3813  250100 97660 7020 0
 6631.8353  249060 97340 7000 0
 6632.2893  248760 97300 7040 0
 6632.7341  250980 98300 7100 0
 6633.179   249600 97800 7080 0
 6633.6332  249500 97820 7120 0
 6634.0875  251200 98580 7180 0
 6634.5326  249920 98060 7180 0
 6634.9777  247000 96900 7120 0
 6635.4229  247800 97240 7160 0
 6635.8774  247620 97200 7160 0
 6636.332   246480 96700 7180 0
 6636.7774  249360 98040 7240 0
 6637.2229  250340 98460 7300 20
 6637.6777  250500 98540 7320 0
 6638.1325  250380 98460 7320 0
 6638.5782  249160 98020 7300 0
 6639.0239  249140 98000 7320 0
 6639.4697  250340 98520 7360 0
 6639.9155  249980 98400 7360 0
 6640.3707  250260 98480 7380 0
 6640.8259  249920 98360 7400 0
 6641.272   250340 98560 7400 0
 6641.718   251260 98940 7440 0
 6642.1735  251840 99200 7460 0
 6642.6197  250740 98760 7440 0
 6643.066   248940 98020 7400 0
 6643.5216  251120 98980 7460 20
 6643.968   252200 99480 7480 0
 6644.4145  251300 99160 7480 0
 6644.8703  251580 99300 7480 0
 6645.3262  251640 99380 7480 0
 6645.7729  251240 99280 7480 0
 6646.2196  250200 98920 7440 0
 6646.6664  251320 99440 7480 0
 6647.1225  251760 99700 7500 0
 6647.5788  250300 99140 7440 0
 6648.0257  250280 99220 7420 0
 6648.4728  251340 99720 7460 0
 6648.9292  251640 99900 7460 0
 6649.3857  250180 99340 7420 0
 6649.8329  251320 99880 7460 20
 6650.2802  251720 100160 7460 0
 6650.7275  250980 99900 7420 0
 6651.1843  251440 100200 7440 0
 6651.6411  249540 99420 7380 0
 6652.0886  250680 100060 7400 0
 6652.5362  251140 100340 7400 0
 6652.9839  252660 101080 7460 0
 6653.441   251500 100700 7380 0
 6653.8981  251080 100600 7380 0
 6654.346   250260 100400 7380 0
 6654.7939  251260 100940 7400 0
 6655.2419  251060 100960 7380 0
 6655.69    252020 101500 7420 0
 6656.1474  251600 101440 7400 0
 6656.6049  250520 101100 7380 0
 6657.0625  251020 101420 7380 20
 6657.5108  251660 101860 7420 0
 6657.9592  251240 101800 7420 0
 6658.417   251420 101980 7420 0
 6658.8655  250140 101480 7380 0
 6659.3141  249660 101360 7360 0
 6659.7721  250580 101900 7400 0
 6660.2301  251580 102380 7440 0
 6660.6789  250280 101860 7420 0
 6661.1277  249720 101700 7380 0
 6661.5859  251220 102380 7440 0
 6662.0349  250160 101960 7420 0
 6662.4839  251620 102660 7460 0
 6662.9423  249820 101880 7420 0
 6663.4008  251040 102460 7420 0
 6663.8594  252140 102920 7500 0
 6664.3087  251460 102620 7460 20
 6664.758   251140 102480 7460 0
 6665.2074  250260 102120 7420 0
 6665.6569  250680 102280 7460 0
 6666.1158  251540 102660 7480 0
 6666.5747  251860 102840 7500 0
 6667.0244  252100 102920 7500 0
 6667.4741  250420 102220 7460 0
 6667.9239  250120 102040 7460 0
 6668.3831  250520 102240 7480 0
 6668.8424  251480 102640 7480 0
 6669.2924  249640 101860 7440 0
 6669.7424  249340 101760 7440 0
 6670.2019  249620 101860 7480 0
 6670.6521  250300 102160 7500 0
 6671.1023  251600 102720 7540 0
 6671.562   251360 102620 7560 20
 6672.0123  251900 102880 7580 0
 6672.4628  250540 102240 7540 0
 6672.9226  250680 102340 7560 0
 6673.3826  252220 103060 7640 0
 6673.8332  251800 102900 7640 0
 6674.2839  251860 103000 7660 0
 6674.744   252280 103180 7660 0
 6675.2042  253120 103600 7720 0
 6675.6551  251620 102980 7680 0
 6676.1061  251780 103120 7720 0
 6676.5665  252780 103560 7740 0
 6677.0175  250720 102740 7720 0
 6677.4687  251140 102960 7740 20
 6677.9293  251520 103200 7780 0
 6678.3805  251740 103300 7780 0
 6678.8413  252200 103560 7840 0
 6679.3021  251120 103120 7800 0
 6679.7535  250940 103060 7820 0
 6680.205   251260 103220 7840 0
 6680.6566  251780 103480 7880 0
 6681.1177  250920 103100 7860 0
 6681.5694  249620 102560 7840 0
 6682.0212  251640 103460 7940 0
 6682.4824  252700 103960 7960 0
 6682.9343  251160 103320 7940 0
 6683.3957  251740 103600 7980 0
 6683.8572  251220 103380 8000 0
 6684.3093  250840 103240 7980 0
 6684.7615  251280 103460 8000 0
 6685.2137  252080 103860 8060 20
 6685.6754  252380 104000 8080 0
 6686.1372  252320 103980 8080 0
 6686.5896  252400 104080 8100 0
 6687.0421  251080 103500 8080 0
 6687.4947  250840 103480 8120 0
 6687.9473  252260 104100 8160 0
 6688.4094  252240 104120 8200 0
 6688.8716  251260 103740 8140 0
 6689.3244  252120 104140 8200 0
 6689.7773  253520 104740 8240 0
 6690.2397  253500 104800 8260 0
 6690.7021  252800 104500 8240 20
 6691.1552  253140 104680 8260 0
 6691.6083  252900 104600 8280 0
 6692.071   252660 104540 8260 0
 6692.5337  251300 103960 8220 0
 6692.987   250040 103420 8200 0
 6693.4404  252880 104740 8280 0
 6693.8939  252980 104860 8280 0
 6694.3569  253300 105040 8300 0
 6694.8199  254280 105520 8340 0
 6695.2736  253520 105240 8340 0
 6695.7368  251560 104380 8280 0
 6696.1905  252340 104840 8280 0
 6696.6444  254000 105660 8340 0
 6697.1078  252440 105000 8320 20
 6697.5618  251460 104640 8280 0
 6698.0158  252680 105300 8340 0
 6698.4699  252320 105180 8340 0
 6698.9241  253620 105840 8360 0
 6699.3878  252920 105580 8360 0
 6699.8516  253240 105840 8360 0
 6700.306   253500 106060 8380 0
 6700.7604  253700 106200 8400 0
 6701.2244  254140 106460 8420 0
 6701.6884  252580 105900 8380 0
 6702.143   251860 105600 8380 0
 6702.5977  252700 106100 8400 0
 6703.062   252480 106100 8420 0
 6703.5263  252860 106380 8420 0
 6703.9812  251100 105620 8400 0
 6704.4362  251360 105900 8420 0
 6704.8912  253600 106960 8460 20
 6705.3463  253340 106960 8480 0
 6705.8109  253300 107060 8480 0
 6706.2756  252260 106680 8480 0
 6706.7309  251500 106400 8460 0
 6707.1957  252300 106920 8480 0
 6707.6607  255180 108320 8580 0
 6708.1066  254740 108280 8580 0
 6708.5622  254100 108100 8560 0
 6709.0368  254420 108360 8580 0
 6709.502   254300 108380 8600 0
 6709.9577  253860 108320 8580 0
 6710.4135  254740 108800 8640 0
 6710.8694  253220 108240 8600 0
 6711.3253  254500 108960 8620 0
 6711.7814  253440 108560 8600 0
 6712.2469  252000 107980 8600 0
 6712.7126  255920 109900 8700 0
 6713.1688  257100 110580 8760 0
 6713.6345  256000 110180 8740 20
 6714.1004  256160 110360 8740 0
 6714.5568  256020 110380 8760 0
 6715.0133  254460 109820 8700 0
 6715.4698  254680 110020 8740 0
 6715.9264  255240 110360 8740 0
 6716.3926  256000 110800 8780 0
 6716.8588  255000 110400 8780 0
 6717.3156  255940 110940 8800 0
 6717.7725  256060 111060 8820 0
 6718.2294  253200 109740 8740 0
 6718.6864  251880 109220 8700 0
 6719.153   252920 109800 8720 0
 6719.6196  250220 108560 8660 0
 6720.0863  252220 109560 8720 0
 6720.5531  255280 111060 8840 0
 6721.0104  255740 111280 8840 0
 6721.4678  255780 111400 8860 0
 6721.9252  256640 111800 8900 0
 6722.3828  256020 111540 8880 20
 6722.8403  256020 111560 8880 0
 6723.3075  256540 111860 8900 0
 6723.7748  256980 112060 8940 0
 6724.2326  256940 112080 8940 0
 6724.6999  254120 110760 8880 0
 6725.1674  254200 110820 8880 0
 6725.6254  255740 111600 8940 0
 6726.0834  255160 111380 8920 0
 6726.5415  255840 111740 8940 0
 6727.0093  257140 112380 9000 0
 6727.477   256800 112240 9020 0
 6727.9353  254640 111260 8960 0
 6728.3937  256480 112180 9020 0
 6728.8522  256640 112300 9060 0
 6729.3107  255740 111920 9020 0
 6729.7788  256860 112500 9100 0
 6730.247   256580 112400 9080 0
 6730.7057  256520 112460 9080 0
 6731.1645  257820 113060 9140 0
 6731.6329  256800 112660 9120 0
 6732.1013  257580 113080 9160 0
 6732.5603  257380 113020 9180 0
 6733.0193  257780 113240 9220 0
 6733.4784  257780 113280 9240 0
 6733.9471  256500 112760 9180 0
 6734.4159  255120 112140 9180 0
 6734.8752  256140 112680 9220 0
 6735.3346  257880 113520 9280 0
 6735.794   258380 113800 9320 0
 6736.2631  258740 114000 9340 0
 6736.7323  256740 113120 9280 20
 6737.1919  257860 113700 9340 0
 6737.6612  257280 113480 9320 0
 6738.1305  256680 113280 9280 0
 6738.5903  257460 113680 9320 0
 6739.0502  257760 113840 9360 0
 6739.5102  257380 113720 9360 0
 6739.9702  258700 114360 9400 0
 6740.4399  258340 114240 9400 0
 6740.9096  258540 114380 9400 0
 6741.3699  256580 113520 9360 0
 6741.8302  256160 113400 9360 0
 6742.2905  256660 113680 9380 0
 6742.7509  258520 114600 9420 0
 6743.221   257940 114420 9400 0
 6743.6912  257600 114340 9420 0
 6744.1518  259280 115140 9480 0
 6744.6125  258900 115060 9460 20
 6745.0829  259300 115300 9500 0
 6745.5533  258760 115140 9500 0
 6746.0142  257260 114520 9440 0
 6746.4751  258260 115080 9480 0
 6746.9458  259620 115820 9560 0
 6747.4164  258980 115620 9520 0
 6747.8776  259760 116080 9580 0
 6748.3388  260240 116380 9600 0
 6748.8001  259400 116100 9580 0
 6749.2615  258480 115740 9560 0
 6749.7325  259600 116400 9600 0
 6750.2036  260920 117100 9700 0
 6750.6748  259380 116460 9640 0
 6751.1364  260200 116940 9680 0
 6751.5981  258500 116220 9680 0
 6752.0695  258340 116260 9640 0
 6752.5313  260180 117200 9740 0
 6752.9932  259960 117200 9760 0
 6753.4648  258600 116620 9720 0
 6753.9364  260000 117400 9760 20
 6754.3985  258120 116480 9760 0
 6754.8607  259040 117080 9780 0
 6755.3229  259120 117180 9800 0
 6755.7948  258560 116980 9780 0
 6756.2668  259960 117740 9840 0
 6756.7292  260100 117900 9860 0
 6757.1917  261020 118400 9940 0
 6757.6543  261560 118740 9940 0
 6758.1169  259580 117860 9900 0
 6758.5892  260060 118180 9940 0
 6759.0616  260300 118360 9960 0
 6759.5245  259600 118080 9960 0
 6759.9874  260880 118760 10020 0
 6760.46    261840 119300 10080 0
 6760.9326  260820 118900 10060 0
 6761.3957  261900 119500 10120 0
 6761.8589  262980 120080 10180 0
 6762.3318  260260 118820 10120 0
 6762.8047  258740 118180 10060 20
 6763.2681  260860 119280 10180 0
 6763.7315  259980 118920 10160 0
 6764.195   260920 119460 10200 0
 6764.6586  261720 119920 10260 0
 6765.1319  256960 117540 10120 0
 6765.6052  257100 117720 10160 0
 6766.069   260860 119660 10280 0
 6766.5425  258400 118540 10220 0
 6767.016   260420 119600 10340 0
 6767.48    262660 120760 10400 0
 6767.944   261840 120440 10380 0
 6768.4081  263040 121040 10420 0
 6768.8723  262520 120880 10440 0
 6769.3365  259640 119500 10340 0
 6769.8105  260100 119800 10400 0
 6770.2846  262000 120800 10460 0
 6770.749   262220 120960 10500 0
 6771.2232  263240 121500 10540 0
 6771.6974  262500 121180 10520 0
 6772.1621  262520 121260 10520 0
 6772.6268  263400 121720 10580 0
 6773.0915  264400 122260 10620 0
 6773.5564  262940 121580 10620 0
 6774.031   261900 121140 10580 0
 6774.5056  262760 121560 10600 20
 6774.9707  263060 121780 10620 0
 6775.4358  263320 121920 10660 0
 6775.901   263000 121840 10640 0
 6776.3759  264100 122420 10700 0
 6776.8509  263480 122140 10700 0
 6777.3163  263400 122160 10720 0
 6777.7817  264280 122660 10720 0
 6778.2569  263620 122340 10720 0
 6778.7322  263000 122120 10720 0
 6779.1979  263420 122360 10740 0
 6779.6636  264420 122880 10820 0
 6780.1294  262920 122220 10720 0
 6780.6049  263000 122300 10780 0
 6781.0806  264400 123020 10860 0
 6781.5466  264880 123340 10860 0
 6782.0126  263740 122820 10820 0
 6782.4787  264820 123380 10860 0
 6782.9546  264660 123380 10860 0
 6783.4306  262560 122420 10800 0
 6783.8969  253720 118320 10440 0
 6784.3633  243660 113640 10040 0
 6784.8298  244940 114380 10120 0
 6785.306   255960 119560 10560 0
 6785.7823  259880 121420 10740 0
 6786.2587  260920 122000 10780 0
 6786.7255  262500 122820 10840 0
 6787.1825  262560 122880 10860 20
 6787.6591  263360 123360 10900 0
 6788.1358  262380 122900 10840 0
 6788.6028  262980 123260 10880 0
 6789.0699  264460 124040 10960 0
 6789.5467  263480 123580 10920 0
 6790.0237  262500 123180 10880 0
 6790.491   262540 123240 10920 0
 6790.9583  262920 123440 10920 0
 6791.4354  262940 123500 10900 0
 6791.9029  261460 122740 10880 0
 6792.3705  259420 121780 10800 0
 6792.8478  259720 121940 10820 0
 6793.3155  257980 121060 10760 0
 6793.7833  259400 121900 10820 0
 6794.2608  261260 122900 10880 0
 6794.7384  262920 123740 10940 0
 6795.2064  263300 123960 10960 0
 6795.6744  263080 123880 10940 0
 6796.1523  260800 122780 10900 0
 6796.6204  262220 123540 10920 0
 6797.0886  264220 124540 11000 0
 6797.5765  263540 124260 10980 0
 6798.0448  263060 124080 10980 20
 6798.5132  262800 123960 10980 0
 6798.9817  262340 123800 10960 0
 6799.4503  261040 123180 10900 0
 6799.9287  260180 122780 10900 0
 6800.3974  262400 124000 10960 0
 6800.8759  262580 124120 10980 0
 6801.3546  262260 124000 10980 0
 6801.8235  263080 124460 11040 0
 6802.2924  262360 124180 10980 0
 6802.7615  260700 123420 10960 0
 6803.2404  262340 124300 11020 0
 6803.7193  263120 124740 11060 0
 6804.1886  259880 123180 10940 0
 6804.6579  261740 124220 11020 0
 6805.1371  263680 125260 11120 0
 6805.6163  262920 124960 11100 0
 6806.0858  262720 124920 11100 0
 6806.5554  263360 125360 11120 0
 6807.0251  262300 124880 11100 0
 6807.5046  260440 124000 11060 0
 6807.9842  260580 124160 11080 0
 6808.454   262280 125140 11160 0
 6808.9337  261260 124680 11120 0
 6809.4037  262120 125220 11180 0
 6809.8738  262860 125680 11200 0
 6810.3538  261780 125220 11180 20
 6810.824   260920 124940 11160 0
 6811.2942  252040 120700 10800 0
 6811.7646  243360 116600 10460 0
 6812.2448  244860 117480 10520 0
 6812.7251  254580 122220 10940 0
 6813.1956  259540 124660 11140 0
 6813.6662  260680 125340 11240 0
 6814.1369  260420 125240 11220 0
 6814.6077  260280 125280 11260 0
 6815.0883  259520 124940 11240 0
 6815.569   258540 124560 11220 0
 6816.0498  258980 124800 11260 0
 6816.5306  258900 124900 11280 0
 6817.0017  259880 125480 11300 0
 6817.4729  261180 126240 11380 0
 6817.9441  260920 126160 11380 0
 6818.4154  260520 126080 11360 0
 6818.8868  261300 126520 11400 0
 6819.3681  260940 126420 11420 0
 6819.8494  260440 126240 11440 0
 6820.321   259720 125980 11400 0
 6820.8025  261620 127040 11500 0
 6821.284   261140 126860 11480 0
 6821.7558  258960 125840 11400 0
 6822.2276  259620 126260 11440 20
 6822.6996  260900 127020 11520 -20
 6823.1716  260280 126760 11500 20
 6823.6535  259480 126440 11460 0
 6824.1354  258640 126140 11480 0
 6824.6076  259900 126880 11520 0
 6825.0799  259320 126640 11540 0
 6825.5621  259080 126660 11540 0
 6826.0443  259540 126960 11540 0
 6826.5168  258500 126500 11540 0
 6826.9893  258720 126740 11580 0
 6827.462   259280 127120 11600 0
 6827.9346  259080 127080 11600 0
 6828.4172  259400 127360 11620 0
 6828.8999  258680 127080 11600 0
 6829.3728  257960 126760 11620 0
 6829.8556  256880 126280 11580 0
 6830.3385  256160 126020 11560 0
 6830.8116  258040 127100 11660 0
 6831.2848  258080 127180 11660 0
 6831.758   257880 127180 11660 0
 6832.2313  257640 127100 11680 0
 6832.7145  257860 127320 11720 0
 6833.1978  258180 127560 11740 0
 6833.6713  257220 127120 11700 0
 6834.1449  257240 127180 11720 0
 6834.6284  257360 127360 11740 0
 6835.112   257220 127320 11760 0
 6835.5858  258300 127940 11820 0
 6836.0597  258080 127920 11820 0
 6836.5435  256880 127340 11780 0
 6837.0274  254840 126360 11740 20
 6837.5014  256380 127220 11780 -20
 6837.9756  255620 126900 11780 20
 6838.4498  255660 126980 11800 0
 6838.924   255260 126860 11780 0
 6839.3984  252940 125760 11720 0
 6839.8827  250980 124840 11620 0
 6840.367   250020 124460 11580 0
 6840.8416  250560 124720 11620 0
 6841.3261  253680 126380 11780 0
 6841.8107  256080 127680 11900 0
 6842.2854  255060 127200 11860 0
 6842.7603  254560 127000 11860 0
 6843.2352  255220 127380 11920 0
 6843.72    254400 127060 11900 0
 6844.205   253860 126800 11880 0
 6844.6801  252320 126060 11840 0
 6845.1553  252240 126040 11840 0
 6845.6404  254380 127240 11940 0
 6846.1256  253820 127040 11900 0
 6846.601   252160 126180 11900 0
 6847.0765  252380 126340 11900 0
 6847.552   252580 126560 11920 0
 6848.0375  252280 126400 11920 0
 6848.5231  254220 127500 12000 0
 6848.9988  252800 126800 11960 20
 6849.4746  252260 126600 11940 0
 6849.9505  253920 127500 12040 0
 6850.4264  252000 126520 11980 0
 6850.9124  251400 126300 11960 0
 6851.3984  253460 127420 12040 0
 6851.8745  252720 127120 12040 0
 6852.3607  251320 126420 12000 0
 6852.8469  252320 127020 12040 0
 6853.3233  252940 127400 12100 0
 6853.7997  251160 126500 12040 0
 6854.2762  250980 126480 12000 0
 6854.7528  250000 126020 12020 0
 6855.2393  250460 126300 12040 0
 6855.726   250120 126240 12020 0
 6856.2028  250560 126540 12100 0
 6856.6895  250920 126800 12100 0
 6857.1764  250660 126680 12120 20
 6857.6534  248400 125540 12020 0
 6858.1305  250280 126640 12100 0
 6858.6076  250800 127000 12160 0
 6859.0848  249480 126380 12100 0
 6859.572   250300 126880 12120 0
 6860.0593  250380 126980 12180 0
 6860.5367  249100 126360 12100 0
 6861.0142  249420 126620 12120 0
 6861.5017  250360 127180 12220 0
 6861.9793  249500 126780 12160 0
 6862.457   248740 126420 12120 0
 6862.9447  248560 126440 12160 0
 6863.4226  249540 127020 12220 0
 6863.9104  248640 126580 12180 0
 6864.3983  248420 126540 12180 0
 6864.8764  246020 125280 12100 0
 6865.3545  247460 126160 12180 0
 6865.8327  248420 126720 12220 0
 6866.3109  247200 126140 12160 0
 6866.7893  247280 126260 12180 0
 6867.2776  247100 126220 12160 0
 6867.7661  247000 126240 12200 0
 6868.2546  244960 125240 12100 0
 6868.7431  236980 121120 11740 0
 6869.2218  229620 117420 11380 20
 6869.7006  238400 122020 11800 0
 6870.1794  246920 126480 12220 0
 6870.6583  246520 126300 12240 0
 6871.1372  244860 125460 12180 0
 6871.6262  244580 125380 12180 0
 6872.1153  245740 126080 12220 0
 6872.5945  245420 125940 12240 0
 6873.0737  244840 125680 12240 0
 6873.563   246300 126580 12300 0
 6874.0524  244720 125760 12260 0
 6874.5318  244000 125400 12240 0
 6875.0114  245020 126060 12300 0
 6875.4909  245780 126540 12320 0
 6875.9806  245340 126400 12320 0
 6876.4703  245520 126600 12320 0
 6876.9501  245680 126720 12340 0
 6877.43    244880 126360 12340 0
 6877.9099  246420 127280 12420 0
 6878.4     246300 127280 12440 0
 6878.89    245320 126860 12380 0
 6879.3702  244640 126560 12380 0
 6879.8504  244440 126520 12380 20
 6880.3407  245160 127020 12420 0
 6880.8311  243040 125960 12340 0
 6881.3115  241260 125120 12280 0
 6881.7921  242600 125880 12340 0
 6882.2827  244180 126820 12420 0
 6882.7633  244060 126800 12460 0
 6883.244   243160 126400 12420 0
 6883.7348  243780 126840 12440 0
 6884.2157  244260 127180 12480 0
 6884.7067  243460 126840 12480 0
 6885.1977  242180 126200 12420 0
 6885.6788  242620 126520 12460 0
 6886.1599  241200 125800 12420 0
 6886.6511  242500 126640 12500 0
 6887.1425  243860 127460 12520 0
 6887.6138  242900 127080 12500 0
 6888.0952  245000 128240 12620 0
 6888.5968  245960 128800 12680 0
 6889.0784  246300 129100 12720 0
 6889.56    246440 129240 12740 0
 6890.0417  245400 128800 12700 0
 6890.5235  245700 129040 12740 20
 6891.0154  245380 128920 12720 0
 6891.4973  243220 127840 12640 0
 6891.9894  242340 127420 12620 0
 6892.4714  244240 128560 12700 0
 6892.9536  243200 128080 12680 0
 6893.4458  242600 127820 12640 0
 6893.9281  244080 128740 12720 0
 6894.4205  241900 127600 12660 0
 6894.913   241560 127480 12640 0
 6895.3955  242780 128240 12740 0
 6895.8781  241780 127740 12680 0
 6896.3607  241160 127500 12640 0
 6896.8535  242080 128100 12700 0
 6897.3463  242680 128500 12760 0
 6897.8292  241500 127900 12680 0
 6898.3121  241380 127920 12720 0
 6898.7951  241800 128220 12760 0
 6899.2882  242080 128440 12780 0
 6899.7713  241460 128180 12780 20
 6900.2646  241000 127980 12740 0
 6900.768   241680 128440 12800 0
 6901.2514  242260 128800 12840 0
 6901.7348  240840 128080 12760 0
 6902.2183  240780 128100 12780 0
 6902.7019  241960 128840 12880 0
 6903.1855  241600 128680 12860 0
 6903.6793  239820 127780 12780 0
 6904.1731  240500 128220 12820 0
 6904.657   241500 128840 12860 0
 6905.151   241880 129080 12940 0
 6905.635   240220 128260 12860 0
 6906.109   240520 128460 12900 0
 6906.6032  240540 128580 12920 0
 6907.0975  240060 128340 12900 0
 6907.5818  238860 127740 12860 0
 6908.0661  239140 127980 12860 0
 6908.5606  217720 116380 11740 0
 6909.0552  236080 126320 12760 0
 6909.5398  235540 126240 12720 0
 6910.0244  232660 124740 12580 0
 6910.5091  234360 125740 12720 0
 6911.004   237860 127700 12900 20
 6911.499   238540 128120 12900 0
 6911.9839  238800 128320 12960 0
 6912.479   238140 128000 12920 0
 6912.9742  237040 127480 12860 0
 6913.4492  235320 126520 12840 0
 6913.9344  235900 126920 12860 0
 6914.4298  237060 127680 12940 0
 6914.9152  236180 127220 12920 0
 6915.4107  235880 127100 12900 0
 6915.9063  237180 127860 12960 0
 6916.3919  236220 127400 12920 0
 6916.8775  235740 127180 12900 0
 6917.3734  237060 128000 12980 0
 6917.8592  237360 128240 13020 0
 6918.345   237200 128180 13000 0
 6918.8411  237660 128520 13060 0
 6919.3271  237460 128440 13060 0
 6919.8131  237140 128320 13040 0
 6920.3094  236620 128120 13020 0
 6920.8058  236160 127880 13040 20
 6921.2921  235640 127680 13000 -20
 6921.7784  236700 128320 13080 20
 6922.2649  237580 128860 13120 0
 6922.7615  237040 128600 13120 0
 6923.2582  236440 128320 13100 0
 6923.7449  237260 128840 13140 0
 6924.2316  237460 129020 13140 0
 6924.7285  236660 128620 13140 0
 6925.2255  236480 128580 13160 0
 6925.7125  237140 129020 13180 0
 6926.1995  235560 128160 13120 0
 6926.6967  236260 128600 13160 0
 6927.194   237100 129120 13240 0
 6927.6812  236240 128700 13200 0
 6928.1685  236120 128680 13200 0
 6928.6661  237880 129740 13300 0
 6929.1637  237300 129460 13260 0
 6929.6512  235600 128540 13200 0
 6930.1388  237200 129460 13320 20
 6930.6264  237000 129440 13320 0
 6931.1142  236680 129300 13300 0
 6931.6121  236140 129040 13280 0
 6932.1102  236520 129280 13340 0
 6932.5981  238060 130240 13400 0
 6933.0862  237620 130020 13400 0
 6933.5844  236860 129640 13360 0
 6934.0828  237260 129960 13420 0
 6934.571   237360 130020 13420 0
 6935.0593  237560 130220 13420 0
 6935.5477  237240 130100 13460 0
 6936.0463  235300 129020 13400 0
 6936.545   236540 129800 13460 0
 6937.0336  236820 130020 13480 0
 6937.5223  236240 129740 13460 0
 6938.0111  237560 130580 13540 0
 6938.5101  236980 130320 13540 20
 6939.0091  237180 130500 13540 0
 6939.4981  237960 130980 13600 0
 6939.9871  236800 130400 13560 0
 6940.4763  236980 130580 13600 0
 6940.9756  236660 130440 13560 0
 6941.4751  237680 131100 13620 0
 6941.9644  238180 131460 13680 0
 6942.4538  236940 130780 13620 0
 6942.9433  236200 130440 13640 0
 6943.443   237360 131160 13700 0
 6943.9428  237760 131460 13740 0
 6944.4325  236480 130820 13660 0
 6944.9223  238180 131860 13800 0
 6945.4223  238000 131820 13800 0
 6945.9225  238740 132300 13840 0
 6946.4124  238480 132200 13840 0
 6946.9025  237960 131940 13840 20
 6947.3926  236800 131360 13800 0
 6947.893   237820 132020 13880 0
 6948.3935  238520 132480 13900 0
 6948.8839  237920 132220 13900 0
 6949.3743  237400 131980 13900 0
 6949.875   236060 131260 13860 0
 6950.3656  236580 131640 13900 0
 6950.8562  237360 132180 13960 0
 6951.3571  238460 132840 14020 0
 6951.8479  238320 132840 14040 0
 6952.3388  237540 132420 13980 0
 6952.8399  238400 133020 14080 0
 6953.3412  239800 133920 14140 0
 6953.8322  236540 132020 14000 0
 6954.3336  237300 132540 14060 0
 6954.8249  237300 132660 14060 0
 6955.3059  236500 132160 14060 20
 6955.7973  237280 132760 14120 0
 6956.299   239320 134000 14220 0
 6956.8007  238820 133760 14220 0
 6957.2923  238900 133900 14240 0
 6957.7942  239600 134380 14280 0
 6958.2962  238360 133700 14260 0
 6958.788   239640 134520 14300 0
 6959.2799  239800 134660 14360 0
 6959.7821  239000 134240 14340 0
 6960.2844  236440 132760 14220 0
 6960.7765  238000 133780 14320 0
 6961.2686  239380 134700 14400 0
 6961.7711  237980 133920 14340 0
 6962.2737  239740 135020 14460 0
 6962.7661  240740 135700 14500 0
 6963.2586  239900 135300 14460 0
 6963.7511  240620 135780 14540 0
 6964.2437  240520 135780 14580 0
 6964.7467  238920 134920 14480 0
 6965.2497  240280 135800 14580 0
 6965.7425  239340 135300 14560 0
 6966.2354  239960 135740 14560 20
 6966.7284  238680 135040 14540 0
 6967.2317  238900 135280 14580 0
 6967.7351  240640 136360 14680 0
 6968.2284  239940 136020 14640 0
 6968.7216  240720 136540 14720 0
 6969.2253  241640 137160 14760 0
 6969.729   240820 136740 14760 0
 6970.2225  240640 136700 14780 0
 6970.716   241540 137320 14820 0
 6971.2097  242420 137920 14880 0
 6971.7137  240540 136900 14780 0
 6972.2075  241680 137620 14860 0
 6972.7013  241740 137760 14920 0
 6973.2055  241120 137400 14880 0
 6973.6996  241960 138000 14960 0
 6974.2039  240520 137240 14900 0
 6974.7084  240760 137460 14920 0
 6975.2026  242200 138340 15000 0
 6975.6969  241480 138020 14960 0
 6976.1913  241960 138360 15000 0
 6976.6961  243000 139080 15080 0
 6977.2009  242340 138760 15040 20
 6977.6955  242220 138800 15100 0
 6978.1902  242500 139020 15100 0
 6978.6952  242900 139320 15120 0
 6979.19    242500 139180 15160 0
 6979.6849  241660 138740 15100 0
 6980.1902  239860 137720 15020 0
 6980.6853  239980 137880 15060 0
 6981.1804  240320 138160 15080 0
 6981.6859  240200 138140 15100 0
 6982.2018  242400 139560 15220 0
 6982.6971  242340 139580 15240 0
 6983.1925  242340 139680 15240 0
 6983.688   242180 139620 15260 0
 6984.1836  242480 139840 15280 0
 6984.6896  241000 139080 15220 0
 6985.1853  242480 140040 15340 0
 6985.6914  243080 140460 15360 0
 6986.1872  243060 140520 15400 0
 6986.6832  242800 140440 15400 0
 6987.1895  242260 140180 15360 0
 6987.6856  242480 140360 15400 0
 6988.1921  242960 140740 15440 0
 6988.6883  241140 139720 15360 0
 6989.1846  238260 138020 15220 0
 6989.6913  241620 140160 15420 0
 6990.1878  242240 140620 15460 20
 6990.6947  243100 141180 15540 0
 6991.2016  243520 141500 15560 0
 6991.6983  243720 141680 15600 0
 6992.195   240420 139800 15440 0
 6992.6918  241740 140620 15520 0
 6993.1887  242940 141420 15600 0
 6993.6857  242400 141140 15560 0
 6994.1931  242380 141200 15560 0
 6994.7006  239740 139700 15480 0
 6995.2081  239120 139340 15420 0
 6995.7158  242140 141260 15640 0
 6996.2131  241860 141180 15600 0
 6996.7105  242240 141520 15640 0
 6997.208   242880 141940 15700 0
 6997.716   242380 141700 15700 0
 6998.224   239840 140240 15580 0
 6998.7217  241360 141200 15660 0
 6999.2195  242360 141920 15760 0
 6999.7173  242080 141800 15740 20
 7000.2153  243040 142460 15800 0
 7000.7237  242220 142000 15760 0
 7001.2321  242060 141980 15760 0
 7001.7303  242500 142340 15820 0
 7002.2285  241540 141820 15780 0
 7002.7372  241800 142020 15800 0
 7003.246   242220 142360 15860 0
 7003.7445  241760 142120 15840 0
 7004.243   241480 142040 15860 0
 7004.7416  238300 140120 15660 0
 7005.2403  235160 138240 15480 0
 7005.7494  237100 139540 15600 0
 7006.2587  239560 141120 15800 0
 7006.7576  240840 141980 15860 0
 7007.267   241840 142640 15960 0
 7007.7764  241980 142800 15960 0
 7008.2756  241720 142720 16000 0
 7008.7748  242400 143160 16040 0
 7009.2741  239240 141340 15880 0
 7009.7734  240060 141920 15920 0
 7010.2728  241700 142980 16040 0
 7010.7828  242160 143300 16080 0
 7011.2927  242180 143400 16080 0
 7011.7924  242500 143680 16140 0
 7012.2921  242020 143420 16120 0
 7012.7919  242100 143540 16120 0
 7013.3022  241980 143520 16140 0
 7013.8126  242000 143640 16140 0
 7014.3126  237580 140960 15920 0
 7014.8232  236520 140360 15860 0
 7015.3338  240880 143180 16160 0
 7015.834   241820 143800 16220 0
 7016.3344  240440 143020 16160 0
 7016.8348  241540 143720 16220 0
 7017.3457  242400 144340 16280 0
 7017.8462  241040 143580 16200 0
 7018.3469  240760 143460 16240 0
 7018.858   241460 143960 16280 0
 7019.3692  241280 143960 16280 0
 7019.8805  239260 142760 16140 0
 7020.3815  239500 143000 16220 0
 7020.8825  239480 143020 16220 20
 7021.3836  240160 143560 16280 -20
 7021.8847  239680 143260 16260 0
 7022.3964  239860 143460 16260 20
 7022.9082  240420 143900 16340 0
 7023.42    240740 144100 16360 0
 7023.9215  241020 144380 16400 0
 7024.423   240040 143820 16340 0
 7024.9351  239620 143660 16340 0
 7025.4367  239380 143560 16380 0
 7025.9385  238800 143260 16340 0
 7026.4508  239180 143560 16360 0
 7026.9527  239980 144140 16440 0
 7027.4547  239840 144140 16460 0
 7027.9672  239500 143960 16420 0
 7028.4694  238920 143660 16420 0
 7028.9821  238920 143760 16400 0
 7029.4843  240000 144460 16520 0
 7029.9867  239900 144480 16520 0
 7030.4996  239080 144020 16480 0
 7031.0126  239260 144240 16540 0
 7031.5152  237040 142860 16400 0
 7032.0179  237920 143520 16460 0
 7032.5311  237840 143540 16500 0
 7033.0339  236260 142600 16400 0
 7033.5368  238480 144060 16540 0
 7034.0503  237740 143640 16480 20
 7034.5533  236980 143260 16480 0
 7035.0564  238220 144120 16560 0
 7035.5701  238060 144080 16580 0
 7036.0734  236860 143420 16500 0
 7036.5767  238280 144360 16620 0
 7037.0906  237420 143880 16580 0
 7037.6046  237220 143840 16560 0
 7038.1082  237440 144060 16620 0
 7038.6119  237260 144020 16600 0
 7039.1261  237080 143980 16620 0
 7039.6404  237120 144040 16620 0
 7040.1443  237880 144640 16720 0
 7040.6482  236620 143900 16620 0
 7041.1628  235980 143560 16600 0
 7041.6774  236040 143660 16640 0
 7042.1711  235660 143500 16640 0
 7042.6753  235760 143640 16620 0
 7043.1902  235920 143820 16660 0
 7043.6946  236440 144200 16720 0
 7044.2096  236420 144300 16740 0
 7044.7246  235520 143800 16700 0
 7045.2293  235340 143760 16680 0
 7045.734   234460 143260 16640 0
 7046.2388  234100 143160 16640 0
 7046.7542  235640 144140 16740 0
 7047.2696  234740 143660 16740 0
 7047.7747  234840 143780 16760 20
 7048.2798  234100 143400 16740 0
 7048.7955  234160 143520 16740 0
 7049.3112  235940 144740 16840 0
 7049.8166  235760 144700 16880 0
 7050.322   234120 143700 16760 0
 7050.8274  234140 143820 16820 0
 7051.333   234740 144280 16880 0
 7051.8492  234600 144260 16840 0
 7052.3654  234340 144140 16860 0
 7052.8712  235040 144700 16920 0
 7053.3876  234320 144280 16900 0
 7053.9041  234440 144480 16920 0
 7054.4101  234000 144260 16920 0
 7054.9162  233340 143900 16880 0
 7055.4329  234100 144440 16920 0
 7055.9391  234680 144920 17020 0
 7056.4349  234600 144900 17000 0
 7056.9518  233720 144440 16980 0
 7057.4689  232820 143960 16920 0
 7057.986   231800 143380 16880 0
 7058.4926  231760 143440 16900 0
 7058.9993  233620 144660 17040 0
 7059.5166  233060 144360 17020 0
 7060.0235  232420 144080 17020 0
 7060.5304  233600 144860 17060 0
 7061.048   232360 144140 17020 20
 7061.5656  231400 143580 17000 0
 7062.0728  233040 144720 17120 0
 7062.58    233760 145260 17160 0
 7063.0873  232280 144360 17080 0
 7063.5947  233220 145060 17160 0
 7064.1127  232500 144680 17160 0
 7064.6309  231620 144180 17100 0
 7065.1385  231860 144400 17100 0
 7065.6568  231400 144160 17100 0
 7066.1751  231860 144560 17160 0
 7066.683   232720 145160 17240 0
 7067.1909  232040 144780 17200 0
 7067.6989  230920 144140 17140 0
 7068.207   232020 144920 17240 0
 7068.7257  231900 144900 17240 0
 7069.2445  231300 144600 17220 0
 7069.7528  231680 144900 17260 0
 7070.2612  231500 144880 17260 0
 7070.7803  231020 144640 17260 0
 7071.2994  231660 145120 17320 0
 7071.808   230660 144540 17280 0
 7072.3167  230380 144420 17280 0
 7072.8361  231140 144980 17320 0
 7073.3556  228440 143260 17180 0
 7073.8645  229660 144140 17260 0
 7074.3735  230720 144900 17320 0
 7074.8932  230200 144640 17300 20
 7075.4023  230520 144920 17360 0
 7075.9116  230040 144660 17360 0
 7076.4315  229460 144380 17340 0
 7076.9409  229180 144280 17320 0
 7077.4503  228940 144220 17320 0
 7077.9705  227240 143140 17220 0
 7078.4907  227560 143440 17260 0
 7079.0004  227160 143280 17240 0
 7079.5102  226680 143020 17200 0
 7080.0201  226100 142820 17200 0
 7080.5406  222520 140620 16960 0
 7081.0506  213720 135100 16340 0
 7081.5607  200600 126860 15340 0
 7082.0815  189100 119660 14420 0
 7082.5917  182940 115780 13980 0
 7083.1127  190240 120440 14540 0
 7083.6337  207200 131260 15860 0
 7084.1442  217840 138100 16700 0
 7084.6547  221080 140200 16940 20
 7085.1653  223580 141880 17180 0
 7085.6867  224100 142260 17240 0
 7086.2081  224960 142840 17340 0
 7086.719   226060 143680 17400 0
 7087.2299  225680 143500 17400 0
 7087.7409  226420 144040 17480 0
 7088.2626  225120 143260 17380 0
 7088.7844  225000 143240 17400 0
 7089.2957  226380 144240 17520 0
 7089.807   226160 144140 17500 0
 7090.3184  226340 144340 17520 0
 7090.8405  226580 144580 17560 0
 7091.3628  226460 144580 17560 0
 7091.885   225260 143860 17520 0
 7092.4074  224400 143300 17440 0
 7092.9192  224900 143760 17500 0
 7093.4311  224620 143620 17520 20
 7093.943   224800 143820 17540 0
 7094.455   225040 144080 17560 0
 7094.9671  224680 143900 17540 0
 7095.49    226400 145120 17700 0
 7096.0129  225540 144620 17620 0
 7096.5252  225160 144440 17620 0
 7097.0376  224260 143920 17560 0
 7097.5608  224600 144200 17580 0
 7098.0734  225620 144980 17720 0
 7098.586   224860 144520 17640 0
 7099.1094  224380 144280 17620 0
 7099.6329  224160 144220 17620 0
 7100.1565  224460 144480 17680 0
 7100.6694  225160 145000 17740 0
 7101.1824  224280 144460 17680 0
 7101.6956  223820 144220 17660 0
 7102.2087  224080 144500 17700 0
 7102.7327  224160 144620 17700 20
 7103.2567  223540 144260 17680 0
 7103.7702  223860 144600 17720 0
 7104.2944  223840 144620 17720 0
 7104.8079  223800 144640 17740 0
 7105.3109  222900 144140 17680 0
 7105.8353  222260 143740 17640 0
 7106.3598  221660 143400 17600 0
 7106.8737  221640 143500 17620 0
 7107.3984  221440 143400 17620 0
 7107.9232  221960 143820 17680 0
 7108.4373  222200 144060 17720 0
 7108.9515  221340 143540 17640 0
 7109.4658  220420 143020 17600 0
 7109.9801  221380 143720 17700 0
 7110.5053  221280 143720 17700 0
 7111.0305  220260 143100 17640 0
 7111.5451  220420 143300 17660 0
 7112.0705  220560 143460 17740 20
 7112.5852  219840 143020 17660 0
 7113.1001  220140 143280 17680 0
 7113.6257  220160 143400 17720 0
 7114.1407  219940 143280 17740 0
 7114.6558  219040 142760 17660 0
 7115.1816  219760 143320 17740 0
 7115.7076  218800 142740 17680 0
 7116.2229  218740 142760 17700 0
 7116.7383  218300 142500 17680 0
 7117.2645  215100 140380 17460 0
 7117.7907  217640 142220 17680 0
 7118.3063  219900 143820 17860 0
 7118.822   219420 143540 17820 0
 7119.3378  219540 143720 17840 0
 7119.8644  219220 143540 17840 20
 7120.3911  218520 143180 17820 0
 7120.9071  217700 142640 17760 0
 7121.4232  218400 143240 17820 0
 7121.9393  218200 143140 17820 0
 7122.4663  218400 143380 17880 0
 7122.9934  218420 143420 17860 0
 7123.5098  218840 143820 17960 0
 7124.0263  218680 143740 17940 0
 7124.5428  218100 143400 17880 0
 7125.0702  216820 142620 17820 0
 7125.5977  216880 142740 17820 0
 7126.1145  217440 143180 17880 0
 7126.6421  218140 143760 17960 0
 7127.1591  218100 143780 17980 0
 7127.6653  217860 143700 18000 0
 7128.1932  216220 142620 17880 20
 7128.7212  216500 142860 17880 0
 7129.2492  216440 142900 17920 0
 7129.7773  215340 142220 17840 0
 7130.2948  216640 143200 17960 0
 7130.8123  215600 142540 17900 0
 7131.3299  214920 142100 17840 0
 7131.8475  215980 142940 18000 0
 7132.3652  214120 141680 17840 0
 7132.8939  212440 140540 17720 0
 7133.4225  216020 143160 18040 0
 7133.9513  216760 143720 18080 0
 7134.4694  216380 143540 18080 0
 7134.9875  216100 143400 18080 0
 7135.5165  216060 143480 18080 0
 7136.0348  215960 143440 18100 0
 7136.5532  215800 143400 18100 0
 7137.0824  214520 142600 18020 20
 7137.6118  214200 142440 18020 0
 7138.1304  213920 142340 18020 0
 7138.649   214740 142960 18080 0
 7139.1678  214340 142760 18060 0
 7139.6867  214380 142840 18060 0
 7140.2056  214920 143300 18140 0
 7140.7354  214180 142820 18120 0
 7141.2653  214280 142980 18120 0
 7141.7845  214440 143160 18160 0
 7142.3145  213960 142880 18120 0
 7142.8447  213360 142560 18100 0
 7143.3641  213040 142400 18120 0
 7143.8835  213680 142940 18140 0
 7144.4031  213780 143060 18180 0
 7144.9336  212740 142400 18140 0
 7145.4641  211640 141700 18060 0
 7145.9839  212320 142260 18100 20
 7146.5038  212600 142560 18160 0
 7147.0237  211860 142060 18140 0
 7147.5546  211600 141980 18120 0
 7148.0856  211620 142020 18120 0
 7148.6058  212020 142400 18200 0
 7149.126   211800 142300 18200 0
 7149.6464  211940 142460 18240 0
 7150.1777  212220 142740 18240 0
 7150.709   212040 142720 18280 0
 7151.2296  211180 142180 18200 0
 7151.7503  211220 142260 18220 20
 7152.271   212280 143120 18320 0
 7152.8027  211920 142900 18320 0
 7153.3345  210660 142080 18220 0
 7153.8555  209180 141080 18140 0
 7154.3766  210380 142060 18240 0
 7154.8977  211400 142860 18340 0
 7155.4298  210720 142420 18300 0
 7155.962   209820 141860 18240 0
 7156.4834  209160 141460 18200 0
 7157.0157  208240 140860 18160 0
 7157.5372  208720 141300 18200 20
 7158.0589  209080 141640 18260 0
 7158.5914  208060 140940 18200 0
 7159.1132  209160 141800 18300 0
 7159.646   208680 141580 18280 0
 7160.1788  208900 141780 18300 0
 7160.7008  208440 141540 18300 0
 7161.2229  208360 141540 18320 0
 7161.7451  208680 141820 18340 0
 7162.2674  208360 141700 18340 0
 7162.7897  209040 142220 18400 0
 7163.3231  208060 141600 18320 0
 7163.8565  207500 141280 18320 20
 7164.379   207580 141400 18320 0
 7164.9017  207620 141520 18380 0
 7165.4353  207280 141300 18340 0
 7165.9691  207460 141560 18360 0
 7166.492   207680 141720 18380 0
 7167.015   207400 141640 18400 0
 7167.5489  206300 140940 18300 0
 7168.083   205460 140400 18260 0
 7168.6062  205640 140600 18300 0
 7169.1295  206220 141080 18380 0
 7169.6638  207500 142060 18500 20
 7170.1873  206260 141240 18400 0
 7170.7108  206060 141180 18420 0
 7171.2454  205880 141100 18420 0
 7171.78    204860 140460 18340 0
 7172.3147  204060 139940 18300 0
 7172.8386  205520 141080 18420 0
 7173.3625  206120 141600 18500 0
 7173.8866  205740 141360 18500 0
 7174.4107  205160 141020 18440 0
 7174.9349  204960 140960 18460 20
 7175.4701  205580 141460 18560 0
 7176.0054  205680 141600 18540 0
 7176.5298  204920 141120 18520 0
 7177.0652  203800 140400 18440 0
 7177.6008  204880 141240 18520 0
 7178.1255  204340 140920 18500 0
 7178.6502  204660 141220 18580 0
 7179.1751  205100 141600 18600 0
 7179.7109  204620 141320 18580 0
 7180.2468  203540 140600 18500 0
 7180.7719  203460 140660 18540 0
 7181.2971  203920 141060 18560 20
 7181.8223  203580 140860 18580 0
 7182.3477  202960 140500 18500 0
 7182.884   201840 139740 18440 0
 7183.4204  202520 140320 18540 0
 7183.946   202620 140480 18540 0
 7184.4826  202340 140380 18560 0
 7185.0083  202120 140260 18560 0
 7185.5232  201900 140180 18560 0
 7186.06    202600 140720 18620 0
 7186.5969  202560 140820 18640 0
 7187.134   202060 140480 18580 20
 7187.6601  202360 140780 18640 0
 7188.1863  201300 140060 18600 0
 7188.7236  200740 139720 18540 0
 7189.2499  200780 139840 18560 0
 7189.7764  201820 140680 18680 0
 7190.3029  200540 139820 18580 0
 7190.8405  200220 139620 18580 0
 7191.3782  200600 139980 18600 0
 7191.9049  200780 140200 18640 20
 7192.4318  201520 140780 18740 0
 7192.9697  200360 139960 18640 0
 7193.5077  199860 139700 18620 0
 7194.0348  200060 139940 18680 0
 7194.562   200180 140100 18680 0
 7195.1003  198480 138900 18540 0
 7195.6386  199340 139620 18620 0
 7196.166   200440 140500 18740 0
 7196.6935  199760 140060 18720 0
 7197.2211  198400 139140 18580 0
 7197.7488  196740 138020 18500 20
 7198.2765  194600 136600 18300 0
 7198.8154  196000 137700 18420 0
 7199.3653  198280 139340 18660 0
 7199.8933  197360 138720 18580 0
 7200.4213  198460 139600 18680 0
 7200.9605  199580 140500 18820 0
 7201.4888  198920 140060 18780 0
 7202.0171  198860 140080 18800 0
 7202.5455  198560 139940 18780 0
 7203.085   198180 139740 18780 0
 7203.6245  198560 140100 18820 20
 7204.1532  197980 139700 18800 0
 7204.6819  197620 139520 18800 0
 7205.2107  197960 139820 18820 0
 7205.7506  197740 139700 18820 0
 7206.2906  197820 139840 18880 0
 7206.8197  198160 140160 18900 0
 7207.3488  197740 139920 18900 0
 7207.8891  197800 140040 18900 0
 7208.4294  197780 140100 18940 0
 7208.9588  196940 139520 18840 20
 7209.4882  197620 140120 18980 0
 7210.0178  197720 140240 18960 0
 7210.5474  196780 139620 18920 0
 7211.0881  197340 140120 18980 0
 7211.629   197360 140180 19000 0
 7212.1699  196280 139440 18920 0
 7212.6998  195760 139160 18880 0
 7213.2188  196660 139880 19000 0
 7213.76    196380 139740 19000 0
 7214.3012  196620 139980 19020 20
 7214.8315  196420 139900 19000 0
 7215.3729  196240 139820 19040 0
 7215.9144  196020 139760 19000 0
 7216.4449  196280 140000 19060 0
 7216.9755  195940 139820 19060 0
 7217.5062  195700 139720 19020 0
 7218.037   195920 139920 19080 0
 7218.5679  196220 140240 19140 0
 7219.1098  195780 139980 19100 0
 7219.6519  194600 139200 19020 0
 7220.183   192560 137820 18820 20
 7220.7253  194200 139040 19020 0
 7221.2676  195300 139860 19140 0
 7221.7989  195640 140220 19200 0
 7222.3304  195680 140280 19200 0
 7222.873   195260 140000 19160 0
 7223.4156  195880 140560 19240 0
 7223.9473  196040 140720 19280 0
 7224.4791  195340 140280 19240 0
 7225.0109  195280 140300 19240 0
 7225.5428  195640 140660 19300 20
 7226.0859  195460 140560 19320 0
 7226.6291  195680 140800 19340 0
 7227.1612  195080 140400 19260 0
 7227.6935  196080 141200 19400 0
 7228.2369  196260 141420 19460 0
 7228.7804  194260 139940 19280 0
 7229.3129  194000 139840 19260 0
 7229.8455  195360 140900 19420 0
 7230.3892  195480 141080 19440 0
 7230.9331  195200 140940 19420 20
 7231.4659  195060 140900 19440 0
 7231.9988  195340 141160 19480 0
 7232.5318  194920 140920 19460 0
 7233.0649  195300 141260 19500 0
 7233.598   195040 141140 19520 0
 7234.1424  194720 140960 19480 0
 7234.6868  194080 140540 19440 0
 7235.2202  194460 140860 19480 0
 7235.7537  194060 140640 19460 0
 7236.2873  193940 140600 19480 0
 7236.832   195440 141820 19660 20
 7237.3769  194320 141020 19560 0
 7237.9218  194020 140860 19560 0
 7238.4557  194480 141300 19620 0
 7238.9897  193580 140660 19560 0
 7239.5349  193040 140320 19500 0
 7240.069   193400 140660 19560 0
 7240.6033  192720 140200 19520 0
 7241.1376  191520 139400 19400 0
 7241.6831  187940 136800 19060 0
 7242.2287  177340 129160 18020 0
 7242.7633  175340 127800 17800 20
 7243.3091  184980 134900 18800 0
 7243.8549  191880 139960 19520 0
 7244.3897  193020 140840 19680 0
 7244.9246  192460 140480 19620 0
 7245.4596  193560 141400 19740 0
 7246.0058  193260 141220 19740 0
 7246.5521  193340 141340 19760 0
 7247.0873  193580 141580 19800 0
 7247.6226  193620 141660 19820 0
 7248.158   193480 141680 19820 0
 7248.7046  193000 141320 19780 20
 7249.2513  193240 141560 19840 0
 7249.787   193300 141660 19860 0
 7250.3227  192780 141340 19840 0
 7250.8585  192140 140900 19760 0
 7251.4056  192180 141060 19800 0
 7251.9415  187660 137780 19340 0
 7252.4776  187240 137520 19320 0
 7253.0249  191840 140960 19820 0
 7253.5611  193320 142120 20000 0
 7254.1086  193720 142480 20060 0
 7254.6561  193360 142260 20000 20
 7255.1926  192780 141880 19980 0
 7255.7292  192760 141960 20000 0
 7256.2658  192860 142100 20000 0
 7256.8137  192660 142000 20040 0
 7257.3617  193020 142320 20080 0
 7257.8986  191940 141560 19980 0
 7258.4355  193100 142500 20140 0
 7258.9726  193380 142800 20140 0
 7259.5209  191560 141440 20000 20
 7260.0693  193240 142820 20220 0
 7260.6066  193420 143020 20240 0
 7261.1552  191400 141540 20040 0
 7261.7039  193020 142820 20240 0
 7262.2414  193480 143260 20280 0
 7262.7791  191560 141820 20120 0
 7263.3168  192320 142500 20220 0
 7263.8658  192720 142840 20260 0
 7264.4149  190800 141460 20080 0
 7264.9417  188720 140000 19900 0
 7265.4797  191780 142360 20240 0
 7266.0291  193180 143460 20380 0
 7266.5673  191960 142580 20280 20
 7267.1168  192260 142860 20340 0
 7267.6664  193220 143680 20460 0
 7268.2049  191880 142700 20340 0
 7268.7434  190900 142020 20240 0
 7269.2933  191660 142660 20340 0
 7269.8433  192080 143040 20400 0
 7270.3821  191560 142680 20360 0
 7270.921   192680 143660 20500 0
 7271.4599  193000 143920 20560 0
 7272.0102  191460 142780 20420 0
 7272.5494  191780 143120 20460 0
 7273.0886  191880 143240 20480 0
 7273.6504  191200 142780 20460 0
 7274.1898  191280 142960 20480 20
 7274.7293  191420 143080 20540 0
 7275.2801  191600 143300 20540 0
 7275.8197  190220 142260 20420 0
 7276.3594  191780 143540 20600 0
 7276.8992  192280 144020 20680 0
 7277.4391  192340 144120 20700 0
 7277.9791  192800 144560 20760 0
 7278.5304  192700 144520 20760 0
 7279.0931  190860 143180 20600 0
 7279.6446  190760 143180 20640 0
 7280.1849  191500 143780 20720 0
 7280.7253  189340 142200 20480 0
 7281.2658  190040 142820 20600 0
 7281.8176  191200 143780 20740 0
 7282.3696  190260 143100 20680 20
 7282.9103  189840 142860 20640 0
 7283.4511  191860 144520 20860 0
 7283.992   190200 143300 20700 0
 7284.533   189740 143000 20680 0
 7285.0854  190800 143880 20820 0
 7285.6378  190040 143360 20760 0
 7286.1791  190800 144020 20860 0
 7286.7317  190760 144060 20860 0
 7287.2731  189440 143120 20760 0
 7287.8033  186740 141140 20460 0
 7288.3562  187440 141720 20560 0
 7288.9091  190060 143820 20860 0
 7289.4509  189560 143500 20860 20
 7290.004   189240 143260 20800 0
 7290.5572  190800 144580 20980 0
 7291.0992  190540 144420 21000 0
 7291.6413  189940 144020 20940 0
 7292.1835  189880 144080 20960 0
 7292.737   188740 143200 20880 0
 7293.2907  187820 142560 20800 0
 7293.8331  189220 143740 20980 0
 7294.3756  188620 143320 20900 0
 7294.9182  187360 142360 20780 0
 7295.4722  188540 143420 20940 0
 7296.0263  189660 144340 21080 0
 7296.5691  189360 144140 21060 0
 7297.1121  189080 144020 21040 20
 7297.6664  188660 143760 21020 0
 7298.2208  187720 143080 20940 0
 7298.764   187280 142780 20920 0
 7299.3073  187340 142940 20940 0
 7299.8506  187180 142860 20960 0
 7300.3941  187480 143160 21000 0
 7300.9376  188700 144200 21160 0
 7301.4926  187120 143000 21000 0
 7302.0476  186140 142280 20900 0
 7302.6027  187320 143300 21080 0
 7303.1579  186800 142920 21020 0
 7303.7019  185600 142080 20900 0
 7304.2459  186680 142980 21020 0
 7304.79    187180 143460 21120 20
 7305.3456  186400 142900 21060 0
 7305.9012  186340 142920 21040 0
 7306.4456  186600 143200 21080 0
 7306.9901  185900 142700 21060 0
 7307.5346  187180 143800 21220 0
 7308.0792  186500 143320 21160 0
 7308.6353  185840 142860 21100 0
 7309.1915  186260 143240 21160 0
 7309.7364  185320 142580 21080 0
 7310.2813  185960 143140 21160 0
 7310.8377  185220 142600 21120 0
 7311.3942  185720 143080 21160 20
 7311.9395  186280 143560 21260 0
 7312.4848  186080 143500 21260 0
 7313.0302  185940 143460 21260 0
 7313.5757  186760 144120 21380 0
 7314.1326  185880 143480 21280 0
 7314.6896  185180 143000 21240 0
 7315.2354  185320 143200 21260 0
 7315.7812  185580 143480 21320 0
 7316.3271  185240 143260 21320 0
 7316.8845  185420 143500 21320 0
 7317.442   184860 143060 21320 0
 7317.9881  184260 142680 21240 0
 7318.5344  184680 143100 21320 0
 7319.0807  184180 142760 21280 20
 7319.6385  183860 142540 21240 0
 7320.1964  183800 142580 21260 0
 7320.743   184120 142900 21320 0
 7321.3011  184360 143120 21380 0
 7321.8593  184460 143300 21400 0
 7322.4061  184120 143080 21360 0
 7322.9531  184660 143600 21480 0
 7323.5001  183700 142880 21400 0
 7324.0586  182900 142280 21300 0
 7324.6172  184140 143380 21460 0
 7325.1645  184240 143500 21500 0
 7325.7119  183600 143060 21420 0
 7326.2593  182820 142480 21380 0
 7326.8183  183440 143100 21440 20
 7327.3773  183280 143000 21480 0
 7327.925   182380 142380 21380 0
 7328.4728  182580 142600 21420 0
 7329.0321  182360 142440 21440 0
 7329.5915  182700 142820 21460 0
 7330.1396  183780 143740 21620 0
 7330.6877  183320 143440 21600 0
 7331.2359  182620 142940 21540 0
 7331.7842  182660 143020 21540 0
 7332.3441  182060 142600 21500 0
 7332.904   181600 142340 21480 20
 7333.464   181640 142420 21480 0
 7334.0241  181780 142620 21560 0
 7334.5728  182240 143040 21620 0
 7335.1216  181300 142320 21520 0
 7335.6706  181580 142640 21580 0
 7336.231   181200 142380 21540 0
 7336.7801  179720 141240 21400 0
 7337.3293  179520 141160 21400 0
 7337.89    180280 141860 21500 0
 7338.4393  180740 142280 21580 0
 7338.9887  181100 142660 21640 0
 7339.5497  180360 142080 21540 0
 7340.0993  180260 142080 21560 20
 7340.649   180500 142340 21620 0
 7341.2102  180940 142760 21700 0
 7341.7601  179840 141920 21560 0
 7342.3101  178660 141000 21460 0
 7342.8716  177980 140580 21400 0
 7343.4331  180100 142320 21640 0
 7343.9833  179400 141840 21620 0
 7344.5336  179440 141940 21620 0
 7345.084   178820 141460 21580 0
 7345.646   179080 141740 21600 0
 7346.208   179920 142500 21740 0
 7346.7586  179500 142240 21740 0
 7347.3208  178900 141800 21660 0
 7347.8717  179540 142420 21780 20
 7348.4226  179360 142300 21760 0
 7348.985   178220 141460 21640 0
 7349.5361  178340 141600 21680 0
 7350.0987  177820 141200 21620 0
 7350.6615  177580 141120 21620 0
 7351.2128  177740 141300 21660 0
 7351.7642  178220 141740 21760 0
 7352.3157  178480 142020 21760 0
 7352.8788  178520 142120 21820 0
 7353.442   177500 141340 21700 0
 7353.9938  176660 140720 21620 0
 7354.5456  177120 141160 21700 20
 7355.0976  177300 141360 21740 0
 7355.6611  177300 141440 21760 0
 7356.2247  176940 141220 21720 0
 7356.7769  176480 140900 21700 0
 7357.3292  176860 141280 21760 0
 7357.8816  176660 141160 21760 0
 7358.4456  176780 141360 21800 0
 7359.0096  176960 141540 21840 20
 7359.5623  176100 140880 21760 0
 7360.1265  176140 140980 21820 0
 7360.6793  175980 140940 21760 0
 7361.2322  175920 140940 21800 0
 7361.7967  175660 140780 21800 0
 7362.3498  175200 140460 21720 0
 7362.903   176140 141280 21860 0
 7363.4562  176440 141620 21940 0
 7364.0211  176540 141760 22000 0
 7364.586   175920 141340 21900 0
 7365.1395  176360 141760 21980 20
 7365.6931  175060 140760 21860 0
 7366.2583  175520 141180 21920 0
 7366.8236  175640 141360 21980 0
 7367.3775  174800 140720 21900 0
 7367.9315  175480 141300 21980 0
 7368.4855  175120 141100 21980 0
 7369.0396  176100 142000 22100 0
 7369.6054  175440 141520 22040 0
 7370.1712  173860 140260 21840 20
 7370.7256  173320 139860 21800 0
 7371.28    173100 139780 21840 0
 7371.8462  173040 139780 21800 0
 7372.4124  173780 140440 21940 0
 7372.9671  173480 140260 21900 0
 7373.5219  174460 141200 22080 0
 7374.0884  174880 141560 22140 0
 7374.6434  173580 140520 21980 0
 7375.1984  172980 140120 21920 0
 7375.7652  173580 140660 22020 0
 7376.3204  172760 140020 21940 20
 7376.8758  172540 139900 21920 0
 7377.4428  172160 139660 21920 0
 7378.0099  172760 140240 21980 0
 7378.5655  172500 140120 21960 0
 7379.1212  172240 139940 21940 0
 7379.6885  171820 139680 21940 0
 7380.256   172680 140440 22060 0
 7380.8119  172700 140480 22080 20
 7381.368   172320 140260 22040 0
 7381.9241  172720 140680 22140 0
 7382.4919  171880 140000 22040 0
 7383.0482  171800 140020 22040 0
 7383.6046  171900 140160 22100 0
 7384.1727  170840 139340 21960 0
 7384.7293  171700 140160 22120 0
 7385.2975  172340 140700 22200 20
 7385.8659  171140 139780 22100 0
 7386.4227  170960 139700 22080 0
 7386.9796  171200 139980 22120 0
 7387.5367  170280 139260 22020 0
 7388.1054  170200 139240 22040 0
 7388.6742  169780 138980 22000 0
 7389.2314  169800 139020 22040 0
 7389.7888  169960 139240 22080 0
 7390.3579  170040 139360 22120 20
 7390.9154  170060 139440 22140 0
 7391.473   169660 139160 22100 0
 7392.0424  168460 138180 21980 0
 7392.6002  168520 138300 21980 0
 7393.1581  169240 139020 22100 0
 7393.7277  168980 138800 22080 0
 7394.2974  169300 139200 22140 20
 7394.8555  168580 138600 22040 0
 7395.4138  167800 138020 22000 0
 7395.9837  168400 138560 22100 0
 7396.5538  169540 139620 22240 0
 7397.1123  168900 139120 22180 0
 7397.6709  169420 139620 22280 0
 7398.2296  169300 139640 22280 0
 7398.7884  168820 139260 22240 20
 7399.3589  168140 138740 22180 0
 7399.9295  168620 139200 22260 0
 7400.4885  168380 139060 22240 0
 7401.0593  168180 138960 22260 0
 7401.6302  167820 138700 22200 0
 7402.1778  168420 139260 22280 0
 7402.7372  168080 139100 22260 20
 7403.32    168460 139400 22320 0
 7403.8796  168020 139100 22300 0
 7404.4392  167980 139180 22340 0
 7405.0107  167940 139160 22340 0
 7405.5705  167460 138860 22280 0
 7406.1304  166440 138040 22160 0
 7406.6904  165420 137220 22080 0
 7407.2622  165200 137100 22060 20
 7407.8341  167000 138740 22340 0
 7408.3944  166580 138380 22280 0
 7408.9664  166860 138700 22340 0
 7409.5269  167080 138940 22400 0
 7410.0874  166560 138540 22340 0
 7410.6597  166240 138320 22320 0
 7411.2205  165580 137860 22240 0
 7411.7813  166840 139020 22440 0
 7412.3539  166580 138860 22420 20
 7412.9265  165400 137840 22260 0
 7413.4876  165480 138000 22300 0
 7414.0488  165240 137840 22280 0
 7414.61    164820 137600 22260 0
 7415.1831  164960 137760 22300 0
 7415.7562  163380 136440 22120 0
 7416.3178  163940 137040 22200 0
 7416.8911  164080 137200 22240 20
 7417.4528  163060 136380 22120 0
 7418.0146  161900 135440 22000 0
 7418.5882  163000 136480 22180 0
 7419.1501  163980 137360 22300 0
 7419.7122  163120 136700 22240 0
 7420.2861  163380 136960 22280 0
 7420.86    162160 136000 22100 20
 7421.4223  162580 136380 22200 0
 7421.9848  162000 136000 22160 0
 7422.5473  162320 136300 22200 0
 7423.1216  162240 136300 22220 0
 7423.696   162700 136760 22300 0
 7424.2588  162060 136300 22240 0
 7424.8334  162140 136400 22260 0
 7425.3963  162560 136820 22380 20
 7425.9476  161740 136180 22260 0
 7426.5225  159520 134360 21960 0
 7427.0974  156400 131760 21560 0
 7427.6608  158660 133740 21900 0
 7428.2242  161000 135800 22220 0
 7428.7994  160560 135500 22200 0
 7429.3747  160480 135460 22180 20
 7429.9384  159100 134340 22040 0
 7430.5021  159220 134500 22080 0
 7431.0777  159500 134820 22120 0
 7431.6534  159020 134440 22080 0
 7432.2175  158060 133680 21940 0
 7432.7816  157260 133060 21880 0
 7433.3575  158160 133880 22020 0
 7433.9336  157900 133740 21980 20
 7434.498   157400 133340 21960 0
 7435.0625  157160 133200 21960 0
 7435.627   157560 133640 22040 0
 7436.2035  157680 133820 22040 0
 7436.78    156620 132920 21900 0
 7437.3448  156520 132900 21940 0
 7437.9097  157500 133840 22120 20
 7438.4747  156560 133040 21980 0
 7439.0516  156180 132800 21960 0
 7439.6286  155760 132540 21900 0
 7440.1939  152320 129640 21440 0
 7440.7593  151960 129360 21420 0
 7441.3247  152700 130020 21540 0
 7441.9021  153520 130800 21680 0
 7442.4677  154260 131500 21820 20
 7443.0334  154480 131740 21840 0
 7443.6111  153440 130900 21740 0
 7444.177   154220 131620 21840 0
 7444.7548  154940 132320 21980 0
 7445.3327  153800 131400 21840 0
 7445.8988  152700 130520 21700 0
 7446.4651  151960 129920 21600 20
 7447.0315  152920 130820 21760 0
 7447.5979  153020 130980 21800 0
 7448.1763  152460 130520 21760 0
 7448.7665  152180 130320 21720 0
 7449.3333  150780 129200 21560 0
 7449.9001  150480 129000 21540 0
 7450.4788  151500 129960 21680 0
 7451.0458  150860 129440 21600 20
 7451.6129  151000 129640 21660 0
 7452.1801  150520 129220 21600 0
 7452.7473  150440 129220 21620 0
 7453.3265  150700 129540 21680 0
 7453.9058  149980 128980 21580 0
 7454.4852  149740 128780 21580 0
 7455.0528  149660 128800 21560 0
 7455.6205  150000 129140 21660 20
 7456.2002  148940 128280 21520 0
 7456.7681  149040 128440 21540 0
 7457.3361  148500 128040 21500 0
 7457.916   148620 128200 21560 0
 7458.496   148400 128020 21500 0
 7459.0643  148960 128560 21620 0
 7459.6326  149060 128740 21640 0
 7460.2011  148220 128040 21560 20
 7460.7815  147200 127220 21400 0
 7461.3501  147620 127640 21480 0
 7461.9188  147060 127220 21440 0
 7462.4995  146620 126900 21400 0
 7463.0684  146740 127060 21420 0
 7463.6373  146300 126720 21400 0
 7464.2183  146160 126660 21400 0
 7464.7993  146440 126980 21460 20
 7465.3686  146140 126740 21400 0
 7465.9379  145400 126160 21340 0
 7466.5192  145720 126520 21380 0
 7467.1006  144660 125600 21280 0
 7467.6703  144540 125520 21240 0
 7468.24    143820 125000 21200 0
 7468.8098  143580 124880 21140 20
 7469.3916  143740 125060 21220 0
 7469.9734  143140 124520 21140 0
 7470.5435  142600 124140 21060 0
 7471.1137  143640 125100 21240 0
 7471.6958  141820 123560 21000 0
 7472.2781  140660 122620 20860 0
 7472.8367  142400 124200 21140 0
 7473.4072  142660 124460 21180 20
 7474.0016  142160 124060 21120 0
 7474.5842  142240 124220 21140 0
 7475.155   142120 124160 21160 0
 7475.7259  141120 123320 21040 0
 7476.2969  141420 123660 21100 0
 7476.868   141660 123940 21120 0
 7477.4392  140860 123260 21060 0
 7478.0224  140220 122760 20960 20
 7478.6056  139960 122600 20960 0
 7479.1771  139440 122160 20900 0
 7479.7486  139040 121880 20860 0
 7480.3322  138780 121700 20840 0
 7480.9158  138860 121820 20880 0
 7481.4876  139800 122700 21040 0
 7482.0714  140280 123180 21120 0
 7482.6434  139540 122600 21040 20
 7483.2155  140140 123180 21140 0
 7483.7996  139260 122440 21020 0
 7484.3719  138940 122260 20980 0
 7484.9443  138340 121780 20920 0
 7485.5167  137680 121180 20840 0
 7486.0893  137500 121120 20840 0
 7486.6738  137140 120840 20800 0
 7487.2585  137120 120860 20820 20
 7487.8433  136880 120720 20820 0
 7488.4281  137100 120960 20840 0
 7489.0011  136680 120620 20780 0
 7489.5742  136140 120200 20740 0
 7490.1474  136660 120700 20840 0
 7490.7207  136260 120400 20800 0
 7491.306   135680 119920 20700 20
 7491.8914  135600 119940 20760 0
 7492.465   134460 118940 20560 0
 7493.0387  133980 118580 20540 0
 7493.6124  133620 118320 20500 0
 7494.1982  134540 119200 20620 0
 7494.7721  134540 119240 20660 0
 7495.3461  134120 118900 20620 0
 7495.9322  134500 119300 20700 0
 7496.5184  133940 118860 20620 20
 7497.1046  133160 118160 20520 0
 7497.679   133240 118360 20580 0
 7498.2535  133700 118820 20660 0
 7498.8281  133700 118840 20680 0
 7499.4027  133860 119020 20700 0
 7499.9895  133880 119100 20740 0
 7500.5763  133820 119120 20720 20
 7501.1512  133620 119000 20720 0
 7501.7263  133100 118580 20640 0
 7502.3134  133220 118720 20740 0
 7502.9006  131820 117480 20540 0
 7503.4759  132580 118240 20620 0
 7504.0513  132740 118420 20680 0
 7504.6268  132100 117880 20620 0
 7505.2144  132560 118380 20700 20
 7505.802   130920 116920 20460 0
 7506.3778  130100 116240 20360 0
 7506.9537  130100 116300 20340 0
 7507.5296  130740 116920 20500 0
 7508.1177  129420 115780 20280 0
 7508.7058  130080 116420 20440 20
 7509.282   129880 116320 20400 0
 7509.8704  128700 115260 20240 0
 7510.4468  129920 116440 20460 0
 7511.0113  130080 116580 20500 0
 7511.5999  129040 115700 20340 0
 7512.1886  129300 116000 20400 0
 7512.7654  129080 115860 20400 20
 7513.3543  128200 115080 20300 0
 7513.9433  128500 115440 20320 0
 7514.5204  128080 115100 20300 0
 7515.0975  126900 114060 20120 0
 7515.6868  125920 113260 19980 0
 7516.2642  126860 114140 20140 0
 7516.8416  127380 114660 20260 20
 7517.4312  126460 113880 20120 0
 7518.0088  126380 113820 20120 0
 7518.5865  126340 113920 20140 0
 7519.1764  125340 113020 19980 0
 7519.7663  126000 113700 20120 0
 7520.3443  125320 113080 20020 20
 7520.9224  123540 111520 19780 0
 7521.5126  123320 111400 19740 0
 7522.1029  123540 111680 19820 0
 7522.6813  124800 112800 20000 0
 7523.2598  125160 113180 20100 0
 7523.8383  123800 112020 19880 0
 7524.429   123260 111580 19820 20
 7525.0198  122440 110840 19680 0
 7525.5986  122560 111000 19740 0
 7526.1776  122480 111000 19760 0
 7526.7566  121520 110140 19620 0
 7527.3478  121280 110000 19600 20
 7527.939   121860 110560 19700 0
 7528.5183  121800 110500 19700 0
 7529.0977  121960 110740 19740 0
 7529.6772  121780 110640 19740 0
 7530.2689  121060 110000 19640 0
 7530.8606  120540 109600 19580 20
 7531.4404  120720 109780 19620 0
 7532.0203  120380 109540 19580 0
 7532.6123  119960 109200 19540 0
 7533.1923  119500 108800 19460 0
 7533.7725  119620 109020 19500 0
 7534.3648  119260 108680 19480 20
 7534.9451  118660 108220 19400 0
 7535.5255  118880 108460 19440 0
 7536.1181  118280 107920 19340 0
 7536.7108  118200 107940 19380 0
 7537.2916  118380 108140 19400 0
 7537.8723  117240 107140 19240 20
 7538.4653  117400 107300 19260 0
 7539.0584  117420 107380 19300 0
 7539.6395  116460 106560 19160 0
 7540.2207  116240 106400 19160 0
 7540.8019  116220 106420 19160 20
 7541.3954  116120 106400 19180 0
 7541.989   116140 106420 19180 0
 7542.5705  115660 106060 19100 0
 7543.1521  115440 105920 19080 0
 7543.746   115100 105620 19080 0
 7544.3399  114180 104800 18900 20
 7544.9219  113060 103840 18780 0
 7545.5039  112860 103740 18740 0
 7546.0981  113600 104420 18860 0
 7546.6803  113180 104060 18820 0
 7547.2505  113480 104400 18880 0
 7547.845   113520 104500 18900 20
 7548.4396  113060 104100 18860 0
 7549.0222  113020 104100 18880 0
 7549.6049  112540 103720 18800 0
 7550.1998  112180 103420 18760 0
 7550.7948  112140 103440 18760 20
 7551.3777  110000 101500 18440 0
 7551.9608  110180 101760 18460 0
 7552.5439  111620 103120 18720 0
 7553.1393  110820 102420 18640 0
 7553.7348  110680 102340 18620 20
 7554.3182  110820 102520 18620 0
 7554.9139  110260 102100 18560 0
 7555.5097  109740 101600 18500 0
 7556.0934  108860 100820 18340 0
 7556.6772  108220 100260 18260 20
 7557.2611  108160 100280 18300 0
 7557.8451  108440 100540 18320 0
 7558.4413  107820 100060 18240 0
 7559.0377  107580 99840 18240 0
 7559.6219  107340 99640 18200 20
 7560.2063  107620 99980 18260 0
 7560.8029  107320 99740 18220 0
 7561.3997  107260 99740 18220 0
 7561.9843  106520 99060 18100 0
 7562.5691  106060 98680 18060 20
 7563.1539  106020 98700 18060 0
 7563.751   105860 98580 18060 0
 7564.3483  105340 98160 18000 0
 7564.9334  105120 97960 17960 0
 7565.5186  104900 97780 17940 20
 7566.1039  104780 97760 17920 0
 7566.7015  104540 97540 17920 0
 7567.287   104440 97520 17900 0
 7567.8726  103820 96940 17820 20
 7568.4705  103760 96940 17840 0
 7569.0563  103960 97200 17880 0
 7569.6422  103500 96780 17820 0
 7570.2404  103600 96940 17860 0
 7570.8386  102900 96320 17740 20
 7571.4248  101940 95420 17600 0
 7572.0233  101160 94760 17500 0
 7572.6219  101300 94880 17500 0
 7573.2083  101180 94840 17500 0
 7573.7949  101480 95200 17580 20
 7574.3815  101360 95080 17560 0
 7574.9805  100860 94700 17520 0
 7575.5795  100800 94660 17520 0
 7576.1664  100340 94280 17400 0
 7576.7535  100400 94340 17480 0
 7577.3406  100100 94140 17440 20
 7577.94    99760 93840 17380 0
 7578.5396  99860 94000 17420 0
 7579.127   99640 93820 17400 0
 7579.7145  98860 93100 17280 0
 7580.3021  98940 93220 17300 20
 7580.902   97760 92160 17140 0
 7581.502   98020 92420 17160 0
 7582.0777  98100 92560 17200 0
 7582.6779  97600 92120 17120 0
 7583.2905  97080 91700 17080 20
 7583.8664  97340 91980 17140 0
 7584.4546  97620 92260 17200 0
 7585.0553  97200 91900 17160 0
 7585.6437  96260 91040 17000 0
 7586.2445  96120 90960 16980 20
 7586.8454  96100 90960 17000 0
 7587.4342  95240 90200 16860 0
 7588.023   95080 90080 16840 0
 7588.6119  95240 90260 16880 0
 7589.2132  94440 89520 16740 20
 7589.8023  94700 89900 16820 0
 7590.3915  94400 89560 16760 0
 7590.9931  93800 89040 16700 0
 7591.5825  93720 89020 16700 0
 7592.1843  93860 89180 16760 20
 7592.7862  93500 88860 16680 0
 7593.3759  93220 88640 16640 0
 7593.9657  92000 87500 16440 0
 7594.5679  89900 85580 16080 0
 7595.1701  85820 81700 15360 20
 7595.7602  84780 80720 15180 0
 7596.3504  89320 85140 16020 0
 7596.9407  92200 87920 16540 0
 7597.531   92520 88260 16620 20
 7598.1215  92840 88600 16680 0
 7598.7243  92220 88000 16600 0
 7599.3273  91980 87860 16560 0
 7599.9304  92080 87960 16600 0
 7600.5335  91580 87520 16500 0
 7601.1245  90660 86680 16380 20
 7601.7155  91020 87060 16440 0
 7602.3066  90420 86540 16360 0
 7602.9102  90040 86200 16300 0
 7603.5138  90500 86700 16420 0
 7604.1053  90020 86260 16320 20
 7604.6968  89880 86180 16300 0
 7605.2884  89860 86180 16340 0
 7605.8924  89400 85780 16260 0
 7606.4842  89480 85860 16300 20
 7607.0761  88840 85340 16200 0
 7607.6805  88140 84660 16080 0
 7608.2726  88360 84920 16140 0
 7608.8771  87580 84180 15980 0
 7609.4817  87440 84120 16000 20
 7610.0741  87860 84540 16100 0
 7610.6666  87740 84460 16080 0
 7611.2592  87280 84040 16000 0
 7611.8642  87220 84060 16040 20
 7612.457   86860 83700 15960 0
 7613.0498  86420 83360 15880 0
 7613.6551  86480 83380 15900 0
 7614.2606  86500 83480 15960 0
 7614.8537  85920 82960 15860 20
 7615.447   85940 83000 15860 0
 7616.0403  85640 82740 15820 0
 7616.6338  85140 82300 15740 0
 7617.2397  84900 82120 15720 0
 7617.8457  84640 81840 15660 20
 7618.4518  84160 81460 15600 0
 7619.0456  83440 80800 15480 0
 7619.6395  84000 81380 15620 0
 7620.2459  83840 81220 15560 20
 7620.8401  83840 81300 15620 0
 7621.4219  83660 81160 15580 0
 7622.0286  83360 80840 15540 0
 7622.6354  82920 80480 15460 20
 7623.2299  82520 80140 15400 0
 7623.8369  82600 80240 15440 0
 7624.444   82860 80500 15480 0
 7625.0388  81200 78920 15200 0
 7625.6337  81200 78980 15200 20
 7626.2411  81820 79600 15340 0
 7626.8486  81860 79680 15360 0
 7627.4438  81860 79720 15380 0
 7628.0515  81080 79000 15260 20
 7628.6468  81040 78940 15220 0
 7629.2423  81140 79100 15280 0
 7629.8503  80460 78480 15160 0
 7630.446   80400 78440 15160 0
 7631.0418  79960 78060 15120 20
 7631.65    79860 77980 15080 0
 7632.2584  79700 77860 15060 0
 7632.8545  79420 77600 15020 0
 7633.4507  79400 77640 15060 20
 7634.0593  78880 77180 14960 0
 7634.6681  78660 76980 14920 0
 7635.2646  75820 74240 14420 0
 7635.8611  74640 73080 14160 20
 7636.4578  77640 76060 14760 0
 7637.0545  78400 76860 14920 0
 7637.6514  78140 76580 14880 20
 7638.2483  77820 76320 14840 0
 7638.8578  77380 75920 14760 0
 7639.4674  77100 75700 14720 0
 7640.0646  77240 75840 14780 20
 7640.6744  77360 76000 14800 0
 7641.2842  76420 75120 14640 0
 7641.8818  76480 75180 14660 0
 7642.4794  76520 75280 14700 20
 7643.0896  76500 75260 14700 0
 7643.6874  76180 75000 14640 0
 7644.2853  75780 74620 14580 0
 7644.8958  76040 74920 14640 20
 7645.4939  75960 74880 14660 0
 7646.0921  74780 73740 14420 0
 7646.7029  74460 73460 14380 0
 7647.3138  74780 73800 14440 20
 7647.9123  74920 73960 14480 0
 7648.5109  74600 73680 14440 0
 7649.122   74020 73160 14340 20
 7649.7333  74000 73140 14360 0
 7650.3322  73660 72820 14260 0
 7650.9312  73580 72780 14280 0
 7651.5428  73260 72480 14220 20
 7652.142   72880 72140 14180 0
 7652.7413  72880 72200 14180 0
 7653.3531  72940 72280 14200 0
 7653.9651  72640 72000 14140 20
 7654.5772  72120 71480 14060 0
 7655.1769  71780 71220 14020 0
 7655.7766  71740 71220 14020 0
 7656.3765  71440 70940 14000 20
 7656.989   71120 70620 13940 0
 7657.5891  71140 70700 13940 0
 7658.1892  71260 70820 13980 0
 7658.802   71200 70800 13980 20
 7659.4024  70300 69920 13820 0
 7660.0154  70440 70120 13860 0
 7660.6159  70500 70200 13880 0
 7661.2166  70140 69880 13840 20
 7661.8299  69660 69440 13740 0
 7662.4307  69660 69480 13760 0
 7663.0317  69640 69480 13780 0
 7663.6453  69460 69300 13740 20
 7664.2589  69400 69280 13740 0
 7664.8602  68580 68500 13580 0
 7665.4616  68360 68300 13540 0
 7666.063   68640 68620 13620 20
 7666.5267  68280 68240 13560 0
 7666.7272  67840 67860 13480 0
 7666.7774  67680 67700 13440 20
 7666.7523  67700 67680 13460 0
 7666.6771  67920 67920 13480 0
 7666.6395  67140 67140 13360 0
 7666.6395  67560 67560 13440 0
 7666.6395  68280 68300 13540 20
 7666.6395  68560 68580 13620 0
 7666.6395  68360 68320 13580 0
 7666.6395  68300 68300 13560 0
 7666.6395  68260 68280 13580 0
 7666.652   67900 67900 13500 20
 7666.6395  68020 67980 13480 0
 7666.627   67920 67940 13480 0
 7666.6395  67120 67140 13360 0
 7666.6395  67040 67020 13300 0
 7666.6395  67720 67740 13480 20
 7666.6395  68080 68120 13540 0
 7666.6395  68340 68340 13580 0
 7666.6395  68340 68360 13600 0
 7666.6395  68200 68200 13540 20
 7666.6395  67980 67980 13520 0
 7666.6395  68220 68240 13540 0
 7666.6395  68280 68280 13560 0
 7666.6395  68440 68440 13600 0
 7666.6395  68620 68620 13640 20
 7666.6395  68620 68620 13640 0
 7666.6395  68500 68520 13620 0
 7666.6395  68180 68180 13540 0
 7666.6395  68680 68660 13660 20
 7666.6395  68480 68480 13600 0
 7666.6395  68400 68420 13600 0
 7666.6395  68240 68240 13580 0
 7666.6395  68120 68120 13540 0
 7666.6395  67860 67880 13480 20
 7666.6395  67900 67900 13520 0
 7666.6395  67860 67860 13500 0
 7666.6395  68400 68420 13600 0
 7666.6395  68500 68500 13600 20
 7666.6395  68420 68420 13600 0
 7666.6395  69120 69100 13720 0
 7666.6395  68980 69000 13720 0
 7666.6395  68720 68740 13660 0
 7666.6395  69200 69200 13740 20
 7666.6395  69380 69380 13760 0
 7666.6395  69440 69440 13800 0
 7666.6395  68920 68940 13700 0
 7666.6395  68920 68920 13700 0
 7666.627   67220 67220 13380 20
 7666.6144  66420 66420 13200 0
 7666.6144  67560 67580 13440 0
 7666.6144  68320 68320 13600 20
 7666.6144  68480 68480 13600 0
 7666.6144  68380 68380 13600 0
 7666.6144  68620 68660 13640 0
 7666.6144  67920 67900 13500 20
 7666.627   67380 67360 13380 0
 7666.627   68440 68460 13620 0
 7666.6144  68420 68420 13580 0
 7666.627   68380 68400 13600 20
