MRCAT_XAFS V0.3 Datafile
"mn3o4.201" created at APS Sector 10-ID on Mon Jun 13 21:08:31 2005
Ring energy= 7.00 GeV
E0= 21044.00
NUM_REGIONS= 1
SRB= 6340
SRSS= 0.5
SPP= 0.05
Settling time= 0


Offsets= 11416.00 11323.00 10625.00 11669.00 0.00 0.00 0.00 0.00 0.00 0.00 0.00 0.00 0.00 0.00 0.00 0.00 
Gains= 8.00 7.00 7.00 8.00 1.00 1.00 1.00 1.00 1.00 1.00 1.00 1.00 1.00 1.00 1.00 1.00
Mn edge Hausmannite, Mn3O4
10%N2 in I0, 100%N2 in It
4 layers on tape
------------------------------------------------------------------------------------------------
   energy     mcs3     mcs4     mcs5     mcs6 
 6339.8026  189000 84120 54940 20
 6340.0048  188880 84080 54980 0
 6340.4094  188800 84080 54980 0
 6340.8225  189320 84380 55160 0
 6341.2357  189560 84560 55320 0
 6341.6404  189840 84680 55420 0
 6342.0453  189960 84800 55520 0
 6342.4502  187860 83800 54940 20
 6342.8551  187600 83660 54880 0
 6343.2685  188860 84360 55320 0
 6343.682   189040 84520 55420 0
 6344.0871  189320 84700 55520 0
 6344.5007  189880 85020 55780 0
 6344.9059  189440 84820 55680 0
 6345.3112  188900 84580 55580 0
 6345.7249  188540 84480 55500 20
 6346.1303  188620 84540 55560 0
 6346.5442  186700 83540 54980 0
 6346.9581  187040 83700 55080 0
 6347.3636  188380 84560 55580 0
 6347.7692  189640 85200 56040 0
 6348.1749  190100 85420 56240 0
 6348.589   189720 85320 56160 0
 6349.0032  189960 85500 56300 20
 6349.4091  191400 86200 56760 0
 6349.8149  190820 85980 56660 0
 6350.2293  191020 86120 56780 0
 6350.6437  191160 86240 56860 0
 6351.0498  190940 86160 56860 0
 6351.4559  190320 85920 56720 0
 6351.862   191380 86420 57080 20
 6352.2682  190580 86100 56860 0
 6352.6829  189540 85600 56540 0
 6353.0977  189780 85780 56680 0
 6353.5041  190300 86060 56920 0
 6353.9105  190620 86280 57080 0
 6354.3254  189440 85720 56720 0
 6354.7405  189820 85980 56900 0
 6355.147   191500 86820 57440 0
 6355.5537  191580 86920 57580 20
 6355.9604  191960 87160 57720 0
 6356.3756  192180 87300 57820 0
 6356.7909  192660 87560 57980 0
 6357.1978  192800 87660 58120 0
 6357.6047  193060 87820 58220 0
 6358.0201  193020 87840 58240 0
 6358.4272  192420 87580 58120 0
 6358.8342  190460 86640 57560 20
 6359.2499  191360 87160 57880 0
 6359.6571  192220 87640 58220 0
 6360.0643  192480 87800 58380 0
 6360.4801  192780 88000 58540 0
 6360.896   192700 88000 58520 0
 6361.3034  192800 88100 58600 0
 6361.7108  192960 88220 58700 0
 6362.1184  192900 88200 58720 0
 6362.5344  192320 87960 58600 0
 6362.9506  193280 88500 58920 0
 6363.3583  193180 88460 58960 20
 6363.7745  191280 87540 58420 0
 6364.1908  192280 88120 58760 0
 6364.5902  192860 88440 59000 0
 6364.9981  193460 88740 59260 0
 6365.4146  194180 89160 59540 0
 6365.8226  194220 89220 59520 0
 6366.2392  194240 89260 59640 0
 6366.6558  194380 89400 59760 0
 6367.064   193560 89020 59520 20
 6367.4723  192480 88540 59240 0
 6367.8891  192960 88820 59440 0
 6368.306   194040 89400 59860 0
 6368.7059  194280 89560 59960 0
 6369.1144  194300 89580 60020 0
 6369.5314  194320 89660 60040 0
 6369.94    194740 89900 60260 0
 6370.3571  194800 89980 60320 20
 6370.7743  194880 90040 60380 0
 6371.1831  193300 89300 59900 0
 6371.5919  193540 89460 60040 0
 6372.0008  195180 90340 60640 0
 6372.4182  195940 90720 60920 0
 6372.8272  194840 90220 60620 0
 6373.2362  195100 90420 60780 0
 6373.6538  195660 90720 60980 20
 6374.0715  195780 90840 61080 0
 6374.4892  195980 90980 61200 0
 6374.8985  196580 91280 61420 0
 6375.3078  195740 90960 61200 0
 6375.7171  194740 90500 60920 0
 6376.1351  195900 91080 61400 0
 6376.5531  196440 91420 61620 20
 6376.9626  195320 90880 61280 0
 6377.3722  192800 89600 60460 0
 6377.7904  193200 89880 60700 0
 6378.2086  195120 90960 61360 0
 6378.6184  195240 91040 61460 0
 6379.0282  196300 91600 61860 0
 6379.4381  196640 91800 62000 0
 6379.848   195840 91440 61800 20
 6380.2665  195720 91440 61800 0
 6380.6851  196800 92000 62200 0
 6381.0952  197000 92140 62320 0
 6381.5053  196980 92180 62340 0
 6381.9155  196940 92200 62440 0
 6382.3344  196060 91820 62180 0
 6382.7532  195280 91460 61940 0
 6383.1636  193700 90680 61460 0
 6383.574   194380 91060 61740 0
 6383.9931  196780 92340 62640 20
 6384.4121  197040 92520 62760 0
 6384.8227  196360 92240 62600 0
 6385.2334  195040 91580 62160 0
 6385.6441  194040 91040 61880 0
 6386.0549  195880 92080 62520 0
 6386.4743  197560 93000 63140 0
 6386.8937  197980 93260 63380 0
 6387.3046  198120 93360 63480 0
 6387.7156  198080 93400 63520 20
 6388.1352  197880 93340 63500 0
 6388.5549  197780 93320 63500 0
 6388.966   198000 93520 63640 0
 6389.3773  197800 93440 63640 0
 6389.7885  198020 93580 63780 0
 6390.2084  198580 93920 63980 0
 6390.6284  198700 94020 64080 0
 6391.0398  198400 93900 64020 0
 6391.4513  198140 93820 64040 0
 6391.8714  196980 93280 63640 0
 6392.2916  197140 93440 63720 20
 6392.6947  198940 94360 64420 0
 6393.1064  198380 94100 64260 0
 6393.5268  197660 93800 64120 0
 6393.9386  198960 94500 64560 0
 6394.3591  196340 93160 63720 0
 6394.7796  196680 93340 63880 0
 6395.1916  199220 94780 64820 0
 6395.6037  198660 94500 64680 0
 6396.0158  197980 94220 64520 0
 6396.4366  199020 94780 64940 0
 6396.8574  200180 95440 65320 0
 6397.2697  200580 95680 65560 0
 6397.682   200300 95580 65520 0
 6398.103   200620 95800 65680 20
 6398.524   200500 95780 65700 0
 6398.9366  201260 96200 66000 0
 6399.3491  201700 96460 66180 0
 6399.7703  201160 96240 66060 0
 6400.1916  200900 96180 66060 0
 6400.6044  201260 96380 66280 0
 6401.0172  200860 96260 66120 0
 6401.43    200000 95860 65880 0
 6401.8429  200400 96060 66120 0
 6402.2645  201080 96480 66380 20
 6402.6861  201740 96820 66660 0
 6403.0992  200900 96460 66420 0
 6403.5123  201340 96740 66640 0
 6403.9341  201580 96880 66800 0
 6404.356   201520 96920 66800 0
 6404.7693  202240 97340 67100 0
 6405.1912  202340 97400 67180 0
 6405.6133  201680 97140 66960 0
 6406.0267  201780 97240 67060 0
 6406.4403  201480 97160 67080 0
 6406.8539  202160 97500 67340 0
 6407.2675  202260 97580 67420 0
 6407.6812  202640 97880 67660 20
 6408.1036  202360 97740 67580 0
 6408.526   202100 97700 67540 0
 6408.9399  201740 97460 67480 0
 6409.3624  203180 98300 68020 0
 6409.7764  203340 98460 68140 0
 6410.1905  203220 98360 68120 0
 6410.6132  202080 97840 67780 0
 6411.0273  203500 98660 68320 0
 6411.4415  204180 99060 68680 0
 6411.8644  203860 98940 68580 0
 6412.2874  203440 98760 68520 20
 6412.7018  203180 98720 68480 0
 6413.1162  204220 99260 68880 0
 6413.5393  204180 99280 68920 0
 6413.9539  204240 99360 69020 0
 6414.3685  203840 99200 68960 0
 6414.7918  203260 98960 68780 0
 6415.2065  204660 99720 69320 0
 6415.63    204760 99800 69420 0
 6416.0534  204960 99980 69540 0
 6416.4683  204860 99960 69560 20
 6416.8833  203680 99380 69200 0
 6417.2983  204360 99820 69520 0
 6417.722   203420 99320 69200 0
 6418.1458  204440 99940 69640 0
 6418.5609  205760 100660 70160 0
 6418.9762  204280 99900 69700 0
 6419.3915  204600 100140 69880 0
 6419.8068  205900 100860 70400 0
 6420.2222  206100 101020 70500 0
 6420.6463  205680 100860 70420 0
 6421.0705  205620 100860 70460 20
 6421.4861  205360 100800 70460 0
 6421.9104  205620 101000 70580 0
 6422.3347  205580 101000 70640 0
 6422.7505  204720 100560 70360 0
 6423.1663  204680 100640 70420 0
 6423.5822  205880 101320 70900 0
 6424.0067  206480 101680 71180 0
 6424.4314  205940 101440 71000 0
 6424.8474  205940 101500 71060 20
 6425.2635  205020 101000 70840 0
 6425.6883  205820 101540 71160 0
 6426.1132  207340 102340 71720 0
 6426.5295  207760 102620 71940 0
 6426.9458  207280 102380 71880 0
 6427.3622  207120 102360 71900 0
 6427.7873  206480 102040 71660 0
 6428.2125  207900 102860 72260 0
 6428.629   208240 103080 72420 0
 6429.0456  208100 103040 72440 0
 6429.471   207920 103040 72400 20
 6429.8964  208540 103380 72680 0
 6430.3045  208140 103240 72600 0
 6430.7213  208000 103200 72580 0
 6431.1469  208300 103400 72780 0
 6431.5725  208480 103540 72920 0
 6431.9982  207920 103280 72760 0
 6432.4153  208380 103560 72960 0
 6432.8324  207300 103040 72620 0
 6433.2496  207180 103040 72640 0
 6433.6755  209160 104140 73420 0
 6434.1015  209360 104300 73580 0
 6434.5189  207700 103440 72980 0
 6434.9363  206480 102820 72600 0
 6435.3624  207060 103240 72920 0
 6435.7887  208040 103840 73340 0
 6436.2063  205740 102740 72560 20
 6436.6239  205500 102680 72600 0
 6437.0416  207360 103660 73260 0
 6437.4593  208280 104160 73660 0
 6437.8859  209620 104880 74200 0
 6438.3124  209780 105060 74300 0
 6438.7304  209880 105120 74400 0
 6439.1484  210300 105380 74660 0
 6439.5751  209680 105120 74480 0
 6440.0019  209700 105180 74540 0
 6440.4201  210540 105660 74880 0
 6440.8296  211200 106040 75260 0
 6441.2566  210380 105680 74920 0
 6441.6836  210460 105760 75040 0
 6442.102   210860 106020 75260 0
 6442.5292  210520 105880 75180 20
 6442.9564  210940 106160 75380 0
 6443.375   210920 106180 75460 0
 6443.7849  210620 106100 75400 0
 6444.2123  210400 106040 75420 0
 6444.6397  211880 106840 76000 0
 6445.0585  212440 107180 76240 0
 6445.4861  211500 106740 75960 0
 6445.9137  211340 106720 76000 0
 6446.3327  211300 106700 76000 0
 6446.7517  209660 105860 75400 0
 6447.1708  211160 106720 76060 20
 6447.59    210400 106300 75820 0
 6448.0091  208860 105520 75220 0
 6448.4371  211540 107060 76360 0
 6448.8652  212660 107720 76820 0
 6449.2846  213400 108180 77200 0
 6449.7127  213240 108120 77200 0
 6450.141   213700 108440 77440 0
 6450.5605  212340 107740 76960 0
 6450.9801  211700 107420 76800 0
 6451.3998  211340 107340 76760 0
 6451.8195  209880 106680 76260 0
 6452.2393  208680 106020 75820 0
 6452.6678  212100 107860 77180 0
 6453.0965  214340 109100 78100 20
 6453.5252  214080 109020 78020 0
 6453.9452  214120 109060 78060 0
 6454.3653  211960 107920 77340 0
 6454.7941  213420 108740 77940 0
 6455.2143  214280 109320 78340 0
 6455.6433  214540 109500 78520 0
 6456.0724  214860 109700 78660 0
 6456.484   215020 109840 78780 0
 6456.9044  214640 109700 78720 0
 6457.3336  215220 110060 79000 0
 6457.7629  215600 110300 79220 0
 6458.1835  215240 110160 79120 0
 6458.6042  214960 110060 79120 0
 6459.0336  215820 110560 79480 0
 6459.4544  216040 110740 79640 0
 6459.8752  215980 110740 79600 20
 6460.3049  216000 110780 79680 0
 6460.7346  216080 110880 79840 0
 6461.1556  216780 111300 80140 0
 6461.5766  215880 110860 79800 0
 6461.9977  216360 111160 80060 0
 6462.4189  217440 111800 80540 0
 6462.8489  216260 111240 80160 0
 6463.279   216280 111340 80240 0
 6463.7003  217220 111860 80700 0
 6464.1305  217360 112020 80800 0
 6464.5607  217540 112140 80900 0
 6464.9823  217160 112000 80760 20
 6465.4038  217400 112160 80980 0
 6465.8255  217520 112280 81120 0
 6466.256   215820 111420 80520 0
 6466.6865  216780 112020 80940 0
 6467.1083  215820 111560 80660 0
 6467.539   214060 110580 79980 0
 6467.9609  216180 111820 80880 0
 6468.3829  218520 113140 81860 0
 6468.8137  217600 112680 81520 0
 6469.2358  216380 112080 81140 0
 6469.658   218020 113040 81860 0
 6470.089   218140 113160 81960 0
 6470.5201  217720 112980 81800 0
 6470.9424  218560 113480 82200 0
 6471.3648  217140 112780 81720 0
 6471.7961  215780 112020 81200 20
 6472.2274  217060 112780 81800 0
 6472.6412  218240 113480 82320 0
 6473.0638  218180 113520 82340 0
 6473.4953  219240 114120 82820 0
 6473.9269  218820 113960 82740 0
 6474.3585  219240 114220 82920 0
 6474.7813  219540 114460 83100 0
 6475.2043  219200 114300 83060 0
 6475.6272  217640 113500 82480 0
 6476.0503  219020 114320 83080 0
 6476.4822  219780 114780 83440 0
 6476.9142  219420 114640 83380 0
 6477.3374  219880 114920 83600 0
 6477.7607  220760 115440 84000 0
 6478.1928  220460 115360 83880 20
 6478.6162  221080 115740 84220 0
 6479.0397  221000 115760 84260 0
 6479.472   221560 116100 84540 0
 6479.8956  221180 115960 84460 0
 6480.328   220540 115620 84300 0
 6480.7605  221620 116300 84760 0
 6481.1843  220880 115940 84500 0
 6481.6081  219940 115440 84200 0
 6482.032   220720 115940 84600 0
 6482.4647  221280 116300 84840 0
 6482.8975  221620 116580 85060 0
 6483.3216  221740 116700 85140 0
 6483.7457  221520 116640 85140 0
 6484.1698  221780 116800 85300 0
 6484.594   221140 116460 85020 0
 6485.0271  221880 116960 85380 20
 6485.4692  222540 117380 85720 0
 6485.8936  222220 117260 85660 0
 6486.3092  222140 117280 85660 0
 6486.7425  223380 117980 86260 0
 6487.1759  222000 117200 85740 0
 6487.6006  222000 117340 85820 0
 6488.0252  222520 117680 86020 0
 6488.45    221040 116920 85540 0
 6488.8836  222060 117520 85980 0
 6489.3174  223000 118120 86440 0
 6489.7511  222720 118020 86320 0
 6490.1761  223120 118260 86540 0
 6490.5923  222900 118180 86540 0
 6491.0174  221660 117520 86060 20
 6491.4514  222620 118160 86500 0
 6491.8855  222620 118200 86500 0
 6492.3196  222540 118160 86540 0
 6492.7538  220860 117160 85840 0
 6493.1792  220400 116940 85680 0
 6493.6047  222480 118280 86680 0
 6494.0391  223140 118720 86980 0
 6494.4735  224000 119260 87360 0
 6494.8991  224420 119540 87540 0
 6495.3248  222900 118640 86940 0
 6495.7506  223400 118980 87200 0
 6496.1764  223860 119320 87460 0
 6496.6111  224400 119660 87700 0
 6497.0459  225820 120540 88320 20
 6497.4719  225700 120540 88280 0
 6497.898   225380 120420 88220 0
 6498.333   225600 120580 88340 0
 6498.768   224460 119940 87880 0
 6499.1942  224040 119720 87720 0
 6499.6205  225080 120420 88180 0
 6500.0468  226620 121340 88860 0
 6500.4733  227420 121800 89180 0
 6500.9086  227180 121720 89120 0
 6501.344   225800 121020 88580 0
 6501.7706  225720 120960 88560 0
 6502.1972  226160 121320 88780 0
 6502.6328  226260 121440 88820 0
 6503.0685  225860 121260 88740 0
 6503.4953  224260 120240 88040 0
 6503.9311  226520 121660 88980 0
 6504.358   227800 122500 89540 20
 6504.7761  227900 122560 89520 0
 6505.212   227060 122140 89200 0
 6505.6481  225920 121460 88720 0
 6506.0752  225840 121520 88660 0
 6506.5025  227600 122620 89380 0
 6506.9387  228040 122900 89560 0
 6507.3749  227940 122900 89500 0
 6507.8023  228500 123260 89700 0
 6508.2298  228800 123440 89760 0
 6508.6662  228440 123260 89540 0
 6509.1027  228040 123200 89380 0
 6509.5304  227220 122760 88960 0
 6509.9581  226800 122580 88720 0
 6510.3948  226760 122560 88660 20
 6510.8315  228580 123660 89320 0
 6511.2594  228040 123400 88960 0
 6511.6874  228400 123600 88960 0
 6512.1154  228440 123700 88840 0
 6512.5434  228920 124020 88880 0
 6512.9716  229960 124600 89160 0
 6513.4087  229940 124620 88900 0
 6513.8458  229140 124220 88300 0
 6514.2741  229760 124600 88240 0
 6514.7114  228840 124140 87580 0
 6515.1488  228940 124180 87200 0
 6515.5773  230480 125100 87340 0
 6516.0058  229220 124360 86260 0
 6516.4434  229640 124660 85660 0
 6516.8809  229300 124460 84680 0
 6517.3097  229840 124780 83740 0
 6517.7385  230280 125000 82440 0
 6518.1673  228620 124020 79760 0
 6518.5962  230240 124960 77300 20
 6519.0341  230980 125280 72420 0
 6519.4721  230640 124940 64060 0
 6519.9012  231020 124860 53380 0
 6520.3303  229760 123560 43260 0
 6520.7684  229140 122200 36540 0
 6521.2067  231660 122460 32820 0
 6521.636   232100 122340 30120 0
 6522.0654  231560 122660 28120 0
 6522.4948  232180 123400 26580 0
 6522.9243  231540 122920 25220 0
 6523.3628  231780 122680 24600 0
 6523.8014  231080 121920 24340 0
 6524.2311  230320 121040 24020 20
 6524.6608  231740 121320 23660 0
 6525.0906  232960 121320 22900 0
 6525.5294  233120 120540 21880 0
 6525.9683  233300 119420 20880 0
 6526.3983  233240 117760 20020 0
 6526.8373  232920 115560 19260 0
 6527.2764  233200 113060 18420 0
 6527.7065  234280 110320 17500 0
 6528.1368  234060 106680 16300 20
 6528.567   233320 103160 15060 0
 6528.9974  233260 100500 13980 0
 6529.4278  234040 98680 13000 0
 6529.8672  233020 96120 11960 0
 6530.3067  232200 93660 11000 0
 6530.7373  233920 92340 10200 0
 6531.1769  234140 90280 9400 20
 6531.6166  233660 87940 8640 0
 6532.0473  233480 85800 8000 0
 6532.4782  233720 84000 7420 0
 6532.9091  232820 82020 6880 0
 6533.34    233400 81060 6480 0
 6533.771   233000 80260 6120 20
 6534.2111  232900 79860 5760 0
 6534.6512  232620 79420 5500 0
 6535.0913  231200 78400 5180 0
 6535.5226  232920 78480 5000 0
 6535.9539  233400 77900 4780 20
 6536.3942  232660 76680 4600 0
 6536.8257  233560 75700 4460 0
 6537.2572  234020 74240 4360 0
 6537.6977  234300 72540 4240 0
 6538.1293  234240 70680 4160 0
 6538.561   234780 69140 4160 0
 6539.0017  234880 67660 4160 20
 6539.4425  233920 66220 4160 0
 6539.8833  234780 65880 4220 0
 6540.3152  235060 66060 4340 0
 6540.7472  235340 66880 4480 0
 6541.1792  236140 68420 4640 0
 6541.6113  236240 70160 4820 20
 6542.0525  235960 71860 4960 0
 6542.4937  235900 73620 5120 0
 6542.926   235780 75060 5220 0
 6543.3583  235000 76080 5300 0
 6543.7907  236080 77620 5380 0
 6544.2322  236380 78720 5460 0
 6544.6737  235860 79420 5460 20
 6545.1063  236220 80200 5500 0
 6545.5389  236300 80620 5520 0
 6545.9806  236260 80820 5500 0
 6546.4224  237020 81120 5520 0
 6546.8552  236560 80880 5480 0
 6547.2881  237420 81020 5480 20
 6547.721   237600 80860 5440 0
 6548.154   237660 80620 5420 0
 6548.5961  237040 80100 5400 0
 6549.0383  237880 80120 5400 0
 6549.4805  237940 79920 5380 0
 6549.9137  237780 79680 5360 0
 6550.338   238860 79960 5380 20
 6550.7804  238800 79920 5400 0
 6551.2228  236140 79080 5320 0
 6551.6563  236880 79560 5360 0
 6552.0989  237820 80220 5420 0
 6552.5415  237780 80580 5420 0
 6552.9752  237800 81020 5460 20
 6553.4089  238080 81540 5500 0
 6553.8518  238420 82000 5540 0
 6554.2856  238100 82240 5540 0
 6554.7105  239000 82880 5580 0
 6555.1535  238420 82980 5600 0
 6555.5966  237880 83040 5600 0
 6556.0307  238700 83620 5620 20
 6556.4739  238000 83580 5600 0
 6556.9171  237520 83640 5600 0
 6557.3514  238120 84040 5600 0
 6557.7857  237500 84040 5600 0
 6558.2201  237680 84360 5640 0
 6558.6637  238020 84800 5620 0
 6559.1072  238980 85460 5640 20
 6559.5418  239380 85980 5660 0
 6559.9765  239080 86240 5660 0
 6560.4112  239120 86620 5640 0
 6560.8459  238740 86900 5660 0
 6561.2898  240000 87760 5700 0
 6561.7338  240140 88220 5700 0
 6562.1687  239380 88340 5680 20
 6562.6128  239960 89000 5700 0
 6563.0569  240700 89680 5720 0
 6563.492   240380 89920 5740 0
 6563.9272  238980 89720 5660 0
 6564.3625  238800 89920 5680 0
 6564.8069  239900 90600 5660 0
 6565.2513  240860 91140 5700 20
 6565.6868  241500 91540 5700 0
 6566.1223  241400 91580 5700 0
 6566.5578  241180 91560 5660 0
 6566.9934  240860 91440 5660 0
 6567.4382  240220 91140 5680 0
 6567.883   239480 90840 5660 0
 6568.3188  239180 90620 5660 0
 6568.7547  238260 90140 5680 0
 6569.1906  239180 90460 5740 20
 6569.6357  241100 91240 5800 0
 6570.0808  241220 91280 5840 0
 6570.5169  241600 91400 5880 0
 6570.9531  241940 91560 5940 0
 6571.3984  240600 91040 5940 0
 6571.8438  240760 91100 5980 0
 6572.2802  241880 91560 6040 20
 6572.7166  242800 91920 6100 0
 6573.1621  242080 91600 6120 0
 6573.6078  241320 91220 6140 0
 6574.0444  240840 90860 6140 0
 6574.481   240820 90740 6160 0
 6574.9269  240500 90400 6140 0
 6575.3728  241800 90680 6200 0
 6575.8096  242020 90500 6200 20
 6576.2465  242460 90380 6240 0
 6576.6835  243100 90360 6260 0
 6577.1205  241860 89640 6260 0
 6577.5576  242800 89760 6280 0
 6577.9948  243200 89700 6320 0
 6578.4411  242820 89340 6340 0
 6578.8875  241600 88720 6320 20
 6579.3339  240580 88180 6340 0
 6579.7713  241180 88320 6360 0
 6580.2088  241880 88580 6420 0
 6580.6554  242500 88840 6420 0
 6581.093   243880 89360 6500 0
 6581.5307  244320 89520 6520 0
 6581.9775  243840 89400 6540 0
 6582.4244  243560 89320 6520 0
 6582.8622  243400 89280 6520 20
 6583.3001  242520 88960 6500 0
 6583.7381  242980 89180 6520 0
 6584.1852  243120 89260 6500 0
 6584.6324  243040 89220 6520 0
 6585.0705  242960 89200 6480 0
 6585.5179  244340 89740 6520 0
 6585.9653  244880 89920 6500 0
 6586.4036  243800 89500 6480 0
 6586.842   243080 89180 6420 0
 6587.2804  243040 89160 6420 20
 6587.7189  241420 88520 6340 0
 6588.1575  239320 87700 6300 0
 6588.6053  240800 88200 6280 0
 6589.0531  243580 89160 6320 0
 6589.4919  243720 89140 6340 0
 6589.9398  243360 88920 6300 0
 6590.3879  243780 89020 6280 0
 6590.8268  244160 89060 6260 0
 6591.2658  245580 89580 6260 0
 6591.7049  245520 89480 6220 0
 6592.144   244960 89260 6200 20
 6592.5924  245760 89540 6180 0
 6593.0408  246200 89700 6160 0
 6593.4801  245200 89260 6140 0
 6593.9195  245320 89340 6120 0
 6594.3589  246320 89740 6120 0
 6594.8076  245860 89600 6100 0
 6595.2563  245180 89380 6080 0
 6595.6959  244820 89260 6040 0
 6596.1356  244160 89060 6020 0
 6596.5845  244640 89280 6040 0
 6597.0335  242400 88440 5960 20
 6597.4734  243320 88900 6000 0
 6597.9225  244360 89400 6020 0
 6598.3716  245100 89800 6020 0
 6598.8025  245700 90160 6040 0
 6599.2426  246240 90480 6060 0
 6599.692   246720 90760 6080 0
 6600.1322  246820 90900 6100 0
 6600.5817  246140 90720 6080 0
 6601.0313  246140 90820 6080 0
 6601.4717  246140 90940 6120 0
 6601.9122  244820 90500 6080 20
 6602.3619  245720 90940 6120 0
 6602.8117  246740 91440 6140 0
 6603.2524  246140 91300 6160 0
 6603.6932  246940 91720 6220 0
 6604.134   246980 91840 6220 0
 6604.5748  245960 91540 6180 0
 6605.025   246660 91860 6240 0
 6605.4751  247740 92360 6300 0
 6605.9162  246500 91980 6280 20
 6606.3573  246040 91880 6280 0
 6606.8077  247020 92340 6340 0
 6607.2581  248060 92820 6380 0
 6607.6994  246660 92360 6360 0
 6608.1408  245720 92100 6360 0
 6608.5822  246580 92460 6400 0
 6609.0329  247180 92780 6440 0
 6609.4745  246880 92720 6460 0
 6609.9161  245920 92360 6460 20
 6610.367   246380 92600 6500 0
 6610.8087  246900 92900 6500 0
 6611.2505  247500 93180 6540 0
 6611.7016  246840 92980 6560 0
 6612.1527  246280 92780 6540 0
 6612.5947  246540 92980 6600 0
 6613.0368  247880 93580 6620 0
 6613.4881  248060 93720 6640 0
 6613.9395  246420 93140 6600 0
 6614.3817  247800 93780 6640 0
 6614.824   247260 93600 6640 20
 6615.2664  246960 93500 6640 0
 6615.7181  247680 93840 6660 0
 6616.1698  247480 93800 6640 0
 6616.6123  247660 93920 6600 0
 6617.0549  249180 94520 6680 0
 6617.4976  248520 94280 6640 0
 6617.9496  247660 93980 6620 0
 6618.4016  248100 94160 6600 20
 6618.8445  248580 94380 6600 0
 6619.2874  247000 93760 6560 0
 6619.7304  247360 93940 6580 0
 6620.1827  247940 94180 6560 0
 6620.6351  248060 94300 6560 0
 6621.0782  248860 94700 6580 0
 6621.5215  249120 94860 6580 0
 6621.9648  248280 94600 6540 0
 6622.4174  248340 94720 6580 20
 6622.8701  248700 95000 6600 0
 6623.3136  248000 94820 6560 0
 6623.7664  247760 94860 6580 0
 6624.2192  248040 95040 6600 0
 6624.6629  248180 95260 6600 0
 6625.1067  247640 95180 6600 0
 6625.5505  248740 95760 6680 0
 6626.0036  247820 95460 6660 0
 6626.4568  248080 95740 6680 20
 6626.9008  247340 95540 6700 0
 6627.3449  245560 94880 6680 0
 6627.789   246820 95580 6720 0
 6628.2332  247240 95900 6760 0
 6628.6867  247420 96060 6800 0
 6629.1403  247900 96400 6840 0
 6629.5846  249560 97180 6920 0
 6630.0291  249600 97300 6940 0
 6630.4828  248180 96820 6920 0
 6630.9367  248840 97180 6960 20
 6631.3813  248260 97000 6980 0
 6631.826   248200 97120 6980 0
 6632.2707  248680 97360 7040 0
 6632.7248  249040 97640 7060 0
 6633.179   249060 97680 7100 0
 6633.6239  247640 97140 7060 0
 6634.0689  248540 97580 7140 0
 6634.514   247500 97180 7120 20
 6634.9684  247440 97260 7140 0
 6635.4229  248080 97540 7160 0
 6635.8682  248900 97900 7200 0
 6636.3228  248260 97700 7200 0
 6636.7682  247840 97520 7200 0
 6637.2136  248840 97960 7260 0
 6637.6684  249740 98320 7280 0
 6638.114   248580 97860 7300 0
 6638.5596  249420 98220 7300 20
 6639.0053  249860 98420 7340 0
 6639.4604  249180 98080 7340 0
 6639.9155  250020 98440 7380 0
 6640.3614  249260 98100 7380 0
 6640.8166  247140 97180 7320 0
 6641.272   247400 97380 7340 0
 6641.718   249300 98180 7380 0
 6642.1642  246060 96740 7340 20
 6642.6104  246820 97120 7340 0
 6643.066   248440 97860 7380 0
 6643.5123  249700 98480 7440 0
 6643.9587  248380 97900 7400 0
 6644.4145  248460 98020 7400 0
 6644.861   249680 98620 7420 0
 6645.3076  250240 98900 7460 20
 6645.7636  248740 98300 7400 0
 6646.2103  247540 97840 7360 0
 6646.6571  247840 98040 7400 0
 6647.1132  247980 98200 7380 0
 6647.5694  249920 99100 7460 0
 6648.0164  250900 99540 7460 0
 6648.4635  250460 99440 7440 0
 6648.9199  250340 99460 7440 0
 6649.367   251120 99840 7440 20
 6649.8143  250700 99740 7420 0
 6650.2709  249860 99420 7420 0
 6650.7275  247740 98580 7340 0
 6651.175   248380 98960 7360 0
 6651.6224  249200 99420 7360 0
 6652.0793  246200 98140 7300 0
 6652.5362  246880 98560 7300 0
 6652.9839  247260 98880 7300 0
 6653.4317  247940 99260 7320 20
 6653.8795  248380 99540 7340 0
 6654.3367  249000 100020 7340 0
 6654.7939  249540 100340 7340 0
 6655.2419  249780 100560 7360 0
 6655.69    249120 100400 7340 0
 6656.1381  247900 99960 7300 0
 6656.5956  249600 100860 7360 0
 6657.0532  249060 100720 7360 20
 6657.5015  246660 99740 7280 0
 6657.9499  245060 99140 7260 0
 6658.3983  246280 99820 7300 0
 6658.8468  248380 100880 7340 0
 6659.2954  249040 101300 7380 0
 6659.7627  249140 101380 7360 0
 6660.2207  249320 101540 7380 0
 6660.6695  249100 101480 7360 0
 6661.1277  249260 101620 7400 20
 6661.5766  249680 101820 7400 0
 6662.0255  248820 101500 7380 0
 6662.4745  249680 101880 7400 0
 6662.9236  249860 102020 7400 0
 6663.3821  249620 101920 7400 0
 6663.8407  250040 102120 7420 0
 6664.2993  249940 102100 7420 0
 6664.7486  249960 102080 7400 0
 6665.1887  250020 102120 7400 20
 6665.6475  248940 101660 7400 0
 6666.1064  247980 101180 7380 0
 6666.556   248180 101340 7380 0
 6667.015   250380 102260 7440 0
 6667.4741  250860 102460 7460 0
 6667.9239  249780 102020 7440 0
 6668.3737  250020 102120 7440 0
 6668.8236  250320 102240 7460 0
 6669.2736  250280 102220 7460 20
 6669.733   251220 102600 7520 0
 6670.1925  250780 102440 7500 0
 6670.6521  250640 102360 7500 0
 6671.1023  250840 102460 7520 0
 6671.5432  250100 102180 7500 0
 6672.003   249420 101900 7500 0
 6672.4628  250320 102300 7560 0
 6672.9133  250260 102320 7580 0
 6673.3638  249940 102200 7560 20
 6673.8144  250700 102540 7600 0
 6674.2745  251180 102800 7640 0
 6674.7346  251200 102840 7640 0
 6675.1854  250980 102780 7660 0
 6675.6457  251020 102820 7680 0
 6676.1061  250020 102440 7660 0
 6676.5571  248200 101600 7640 0
 6677.0081  248480 101840 7680 20
 6677.4593  251160 103060 7760 0
 6677.9105  250980 103020 7760 0
 6678.3711  250900 103040 7780 0
 6678.8319  250220 102740 7760 0
 6679.2832  248600 102080 7740 0
 6679.7347  248900 102240 7780 0
 6680.1956  249520 102540 7820 20
 6680.6566  249300 102480 7800 20
 6681.1083  248700 102200 7800 0
 6681.56    249300 102520 7860 0
 6682.0118  249900 102820 7860 0
 6682.473   250860 103240 7920 0
 6682.9343  251100 103380 7940 0
 6683.3863  250160 103000 7920 0
 6683.8384  250800 103280 7980 0
 6684.2905  251080 103440 7980 20
 6684.752   250120 103020 7980 0
 6685.2137  249620 102780 8000 0
 6685.666   251020 103480 8060 0
 6686.1184  250920 103460 8040 0
 6686.5802  250600 103360 8060 0
 6687.0421  250340 103280 8080 0
 6687.4947  251520 103860 8120 0
 6687.9473  250660 103480 8100 20
 6688.4     250340 103400 8120 0
 6688.8527  250900 103660 8160 0
 6689.315   251080 103740 8180 0
 6689.7773  250840 103680 8180 0
 6690.2302  251420 103980 8200 0
 6690.6927  250920 103800 8180 0
 6691.1458  250640 103720 8180 0
 6691.5989  251520 104120 8220 20
 6692.0615  251300 104060 8220 0
 6692.5148  251780 104300 8240 0
 6692.9776  252480 104640 8260 0
 6693.4404  252340 104620 8280 0
 6693.8939  251200 104140 8220 0
 6694.3474  249680 103520 8200 0
 6694.801   250560 104020 8220 0
 6695.2547  251000 104260 8240 0
 6695.7179  250920 104300 8240 20
 6696.1811  250780 104300 8260 0
 6696.6349  249660 103840 8240 0
 6697.0889  249600 103900 8220 0
 6697.5523  249760 104040 8220 0
 6698.0158  249480 103980 8220 0
 6698.4699  251480 104960 8300 0
 6698.9241  252100 105260 8320 0
 6699.3783  250820 104780 8300 20
 6699.8421  251960 105380 8320 0
 6700.306   252020 105500 8320 0
 6700.7604  252760 105880 8360 0
 6701.2149  252900 106020 8380 0
 6701.6695  251780 105640 8360 0
 6702.1336  251400 105540 8360 0
 6702.5977  251600 105740 8340 0
 6703.0525  252440 106200 8400 0
 6703.5073  250640 105500 8360 20
 6703.9622  250840 105700 8360 0
 6704.4172  251220 105960 8380 0
 6704.8817  251260 106060 8400 0
 6705.3463  250980 106040 8380 0
 6705.8014  251320 106300 8440 0
 6706.2566  252000 106720 8460 0
 6706.7214  252700 107140 8480 0
 6707.1863  252120 106960 8480 20
 6707.6417  252860 107440 8500 0
 6708.0972  253040 107620 8520 0
 6708.5527  253640 108020 8560 0
 6709.0178  253200 107920 8540 0
 6709.483   251560 107280 8500 0
 6709.9387  251920 107560 8540 0
 6710.3945  252120 107760 8540 0
 6710.8504  251900 107780 8540 0
 6711.3158  252220 108060 8560 20
 6711.7814  253600 108800 8620 0
 6712.2469  252580 108440 8620 0
 6712.7126  252380 108460 8580 0
 6713.1688  253980 109280 8660 0
 6713.625   254740 109740 8680 0
 6714.0814  254380 109680 8680 0
 6714.5378  253440 109360 8680 0
 6714.9942  254740 110060 8700 20
 6715.4508  254860 110200 8740 0
 6715.9169  253320 109620 8680 0
 6716.383   251820 108980 8660 0
 6716.8493  253380 109800 8720 0
 6717.3156  254220 110260 8740 0
 6717.7725  254140 110320 8740 0
 6718.2294  254500 110540 8760 0
 6718.6864  255020 110840 8780 0
 6719.153   253940 110420 8760 20
 6719.6196  254040 110520 8760 0
 6720.0768  254240 110640 8780 0
 6720.534   253840 110500 8780 0
 6720.9914  254620 110920 8800 0
 6721.4487  254440 110840 8820 0
 6721.9157  255560 111360 8840 0
 6722.3828  254640 111000 8820 0
 6722.8499  255760 111560 8880 0
 6723.3075  255180 111300 8840 0
 6723.7652  254300 110940 8840 0
 6724.2326  255180 111380 8860 20
 6724.6904  254880 111280 8880 0
 6725.1483  254580 111160 8880 0
 6725.6063  254920 111320 8900 0
 6726.0739  255260 111520 8920 0
 6726.5415  255660 111740 8940 0
 6726.9997  247800 108240 8680 0
 6727.4579  251620 110040 8820 0
 6727.9258  253620 110980 8900 0
 6728.3937  252840 110680 8900 0
 6728.8522  251640 110220 8880 0
 6729.3107  252880 110780 8920 0
 6729.7788  252920 110840 8960 0
 6730.2374  253640 111200 8960 20
 6730.6961  253900 111380 9020 0
 6731.1645  254040 111480 9040 0
 6731.6233  254360 111680 9040 0
 6732.0822  254760 111920 9060 0
 6732.5507  254320 111780 9100 0
 6733.0098  252840 111140 9040 0
 6733.4689  253700 111580 9080 0
 6733.9376  252220 110920 9060 0
 6734.4064  251900 110820 9040 0
 6734.8657  253700 111720 9120 0
 6735.325   252840 111340 9100 0
 6735.794   251660 110800 9100 0
 6736.2535  252900 111460 9140 20
 6736.7131  254840 112380 9200 0
 6737.1823  255100 112560 9240 0
 6737.6516  253100 111660 9180 0
 6738.1113  253160 111780 9180 0
 6738.5712  254420 112400 9220 0
 6739.0406  255300 112840 9260 0
 6739.5102  252440 111540 9160 0
 6739.9702  252620 111700 9200 0
 6740.4303  254440 112600 9240 0
 6740.8905  255480 113120 9280 0
 6741.3603  255820 113300 9300 0
 6741.8302  255700 113320 9320 0
 6742.2905  253600 112400 9240 20
 6742.7509  255080 113140 9320 0
 6743.2114  255640 113460 9340 0
 6743.6816  254340 112940 9280 0
 6744.1518  254740 113200 9320 0
 6744.6125  256100 113880 9360 0
 6745.0733  255280 113580 9360 0
 6745.5341  256000 114000 9360 0
 6746.0046  256500 114340 9420 0
 6746.4751  256700 114500 9420 0
 6746.9458  256260 114400 9440 0
 6747.4068  253740 113300 9360 0
 6747.8584  254460 113740 9400 0
 6748.3292  256600 114860 9500 0
 6748.8001  256180 114760 9460 20
 6749.2615  256280 114920 9500 0
 6749.7229  256660 115160 9520 0
 6750.1844  257280 115520 9540 0
 6750.6556  256320 115180 9520 0
 6751.1268  256740 115480 9560 0
 6751.5981  255440 115000 9520 0
 6752.0599  256040 115340 9560 0
 6752.5121  257260 116020 9640 0
 6752.9836  256020 115520 9600 0
 6753.4552  255620 115420 9600 0
 6753.9172  254720 115040 9600 0
 6754.3889  251440 113460 9520 0
 6754.851   251260 113400 9500 20
 6755.3133  252340 114060 9560 0
 6755.7852  254040 114980 9620 0
 6756.2475  256000 116000 9720 0
 6756.71    258140 117120 9800 0
 6757.1821  256020 116180 9740 0
 6757.6543  256320 116420 9760 0
 6758.1266  257220 116900 9840 0
 6758.5892  256160 116480 9780 0
 6759.0424  254360 115680 9780 0
 6759.5148  256360 116740 9840 0
 6759.9874  255280 116280 9820 0
 6760.4503  257040 117180 9920 0
 6760.9133  257660 117580 9940 20
 6761.3764  255500 116560 9900 0
 6761.8492  255740 116780 9940 0
 6762.3221  257180 117540 9980 0
 6762.7854  257200 117620 10000 0
 6763.2488  256860 117540 10020 0
 6763.7122  258720 118500 10100 0
 6764.1854  259060 118720 10140 0
 6764.6586  257920 118260 10100 0
 6765.1222  256920 117840 10080 0
 6765.5956  259380 119080 10200 0
 6766.069   257520 118260 10160 0
 6766.5328  257620 118380 10180 20
 6766.9967  257980 118620 10200 0
 6767.4607  257320 118340 10220 0
 6767.9344  256900 118240 10200 0
 6768.4081  258380 118980 10240 0
 6768.8723  259360 119500 10320 0
 6769.3365  258340 119100 10300 0
 6769.8008  257780 118840 10320 0
 6770.2652  259440 119720 10340 0
 6770.7393  258700 119400 10360 0
 6771.2135  257280 118760 10320 0
 6771.6781  256740 118560 10320 0
 6772.1427  257240 118860 10340 0
 6772.6171  258200 119360 10400 0
 6773.0915  256880 118800 10360 20
 6773.5564  256120 118460 10360 0
 6774.0213  258020 119440 10400 0
 6774.4959  256540 118740 10360 0
 6774.9707  257960 119500 10420 0
 6775.4358  259460 120240 10500 0
 6775.901   257240 119220 10440 0
 6776.3662  258900 120060 10500 0
 6776.8315  259300 120300 10520 0
 6777.3066  259460 120440 10540 0
 6777.7817  259200 120360 10560 0
 6778.2472  259560 120600 10560 0
 6778.7128  259700 120680 10580 20
 6779.1785  259340 120560 10580 0
 6779.6539  258640 120280 10580 0
 6780.1294  258140 120040 10580 0
 6780.5952  258640 120360 10600 0
 6781.0611  259440 120780 10620 0
 6781.5368  259420 120840 10620 0
 6782.0126  260420 121400 10700 0
 6782.4787  260640 121520 10700 0
 6782.9449  258740 120660 10620 0
 6783.4112  255660 119300 10520 0
 6783.8872  247140 115400 10180 0
 6784.3633  237320 110740 9800 0
 6784.8298  241600 112840 9960 20
 6785.2963  251780 117700 10420 0
 6785.7726  255320 119420 10540 0
 6786.249   255800 119700 10540 0
 6786.7157  257120 120360 10620 0
 6787.1825  258060 120880 10680 0
 6787.6494  258480 121120 10680 0
 6788.1163  258060 120960 10660 0
 6788.5931  259300 121640 10740 0
 6789.0699  258560 121320 10700 0
 6789.537   257780 120980 10680 0
 6790.0139  257280 120800 10660 0
 6790.491   257840 121120 10700 0
 6790.9583  256860 120680 10660 0
 6791.4257  258200 121360 10720 0
 6791.8932  258340 121440 10740 0
 6792.3705  259120 121820 10760 0
 6792.8478  259280 121980 10780 0
 6793.3155  259460 122080 10780 20
 6793.7833  258520 121660 10780 0
 6794.2511  259040 121960 10760 0
 6794.719   259780 122340 10800 0
 6795.1967  260180 122600 10820 0
 6795.6744  259220 122160 10780 0
 6796.1425  259820 122480 10840 0
 6796.6107  259920 122560 10820 0
 6797.0789  258640 121980 10780 0
 6797.5569  259560 122460 10820 0
 6798.0351  259380 122420 10820 0
 6798.5035  260320 122940 10840 0
 6798.9817  259120 122360 10820 0
 6799.4503  259000 122360 10800 0
 6799.9189  260320 123040 10880 20
 6800.3974  259780 122840 10860 0
 6800.8662  259280 122640 10860 0
 6801.3448  258340 122220 10840 0
 6801.8235  257820 122060 10820 0
 6802.2924  257880 122120 10820 0
 6802.7615  256340 121380 10780 0
 6803.2306  256940 121780 10820 0
 6803.7095  258060 122460 10860 0
 6804.1788  258640 122780 10880 0
 6804.6481  257460 122280 10900 0
 6805.1273  256900 122100 10860 0
 6805.5967  257280 122340 10880 0
 6806.076   254660 121040 10780 0
 6806.5554  255080 121400 10820 0
 6807.0251  257660 122780 10900 20
 6807.4948  258660 123380 10960 0
 6807.9646  258460 123340 10980 0
 6808.4442  258220 123300 10980 0
 6808.924   258640 123620 11000 0
 6809.394   259980 124340 11080 0
 6809.864   257300 123100 11000 0
 6810.3342  255420 122240 10900 0
 6810.8142  256140 122760 10960 0
 6811.2844  247160 118520 10580 0
 6811.7548  238520 114400 10240 0
 6812.235   242020 116200 10420 0
 6812.7055  249880 119960 10780 0
 6813.1858  247760 118760 10700 0
 6813.6662  251960 121040 10900 0
 6814.1369  256420 123480 11080 20
 6814.6077  257000 123820 11100 0
 6815.0785  256600 123700 11120 0
 6815.5592  254380 122640 11060 0
 6816.04    253680 122380 11040 0
 6816.511   254940 123100 11100 0
 6816.9919  255980 123740 11160 0
 6817.4631  256640 124140 11160 0
 6817.9343  256280 124060 11180 0
 6818.4154  256340 124140 11200 0
 6818.8868  256100 124100 11200 0
 6819.3582  256140 124200 11240 0
 6819.8396  255740 124100 11220 0
 6820.321   255000 123780 11180 0
 6820.7926  255960 124380 11260 20
 6821.2643  256120 124500 11280 0
 6821.746   254620 123820 11220 0
 6822.2178  253860 123540 11260 0
 6822.6897  255000 124220 11280 0
 6823.1716  255600 124620 11300 0
 6823.6436  255720 124740 11320 0
 6824.1158  256000 125000 11340 0
 6824.5978  254840 124480 11320 0
 6825.0799  255120 124720 11340 0
 6825.5522  254680 124600 11360 0
 6826.0246  255060 124840 11360 0
 6826.507   255260 125080 11400 0
 6826.9795  254540 124800 11380 0
 6827.4521  253920 124560 11360 0
 6827.9346  254760 125080 11420 0
 6828.4172  255020 125340 11440 0
 6828.8999  254660 125200 11420 20
 6829.3728  252920 124400 11380 0
 6829.8458  251580 123780 11360 0
 6830.3188  251800 123980 11360 0
 6830.8017  252340 124320 11440 0
 6831.2848  251940 124240 11420 0
 6831.758   252780 124720 11480 0
 6832.2313  252260 124540 11460 0
 6832.7047  252760 124900 11500 0
 6833.188   253560 125360 11520 0
 6833.6713  253240 125260 11540 0
 6834.1449  253760 125600 11540 0
 6834.6186  252560 125040 11520 0
 6835.0923  253040 125380 11560 20
 6835.5661  253760 125800 11600 0
 6836.0399  252740 125340 11580 0
 6836.5336  251400 124680 11580 0
 6837.0175  250980 124540 11560 0
 6837.4817  251900 125120 11600 0
 6837.9657  251840 125140 11620 0
 6838.4498  252460 125540 11640 0
 6838.924   251860 125300 11660 0
 6839.3984  247460 123080 11480 0
 6839.8728  245800 122360 11420 0
 6840.3572  246820 122960 11480 0
 6840.8416  248920 124040 11580 0
 6841.3162  250620 124940 11640 20
 6841.7909  251320 125380 11700 0
 6842.2657  250880 125200 11700 0
 6842.7504  249820 124720 11700 0
 6843.2352  248440 124000 11640 0
 6843.7101  249760 124760 11700 0
 6844.1951  250260 125120 11720 0
 6844.6702  251340 125740 11780 0
 6845.1454  251180 125700 11760 0
 6845.6305  250980 125660 11780 0
 6846.1058  251060 125740 11780 0
 6846.5812  250940 125760 11800 0
 6847.0567  250160 125380 11780 0
 6847.5421  250120 125440 11760 0
 6848.0276  250520 125700 11840 0
 6848.5033  250560 125740 11840 20
 6848.979   250300 125680 11820 0
 6849.4647  250140 125620 11860 0
 6849.9505  250020 125620 11860 0
 6850.4264  249060 125200 11860 0
 6850.9025  249200 125300 11840 0
 6851.3785  250320 125960 11920 0
 6851.8646  249760 125700 11900 0
 6852.3507  248900 125340 11860 0
 6852.827   248920 125400 11880 0
 6853.3034  249220 125600 11900 0
 6853.7798  248720 125420 11920 0
 6854.2663  248100 125160 11900 0
 6854.7528  247280 124760 11880 20
 6855.2294  247360 124920 11900 0
 6855.7061  248080 125360 11920 0
 6856.1928  246800 124740 11920 0
 6856.6796  247260 125060 11920 0
 6857.1565  247080 125020 11920 0
 6857.6335  247440 125280 11940 0
 6858.1205  247680 125480 12000 0
 6858.5977  246620 124980 11940 0
 6859.0749  246660 125080 11960 0
 6859.5621  246360 124960 11940 0
 6860.0394  247120 125460 12000 0
 6860.5168  246200 125040 11980 0
 6861.0042  246180 125080 12000 0
 6861.4917  245520 124780 11980 0
 6861.9694  245580 124900 12020 0
 6862.4471  245720 125020 12020 0
 6862.9348  244460 124420 11980 0
 6863.4226  243260 123840 11940 0
 6863.9005  244960 124840 12000 0
 6864.3784  244700 124760 11980 0
 6864.8664  245060 125020 12040 20
 6865.3545  244160 124560 12000 0
 6865.8327  244080 124620 12000 0
 6866.3109  244340 124800 12040 0
 6866.7893  243740 124540 12020 0
 6867.2677  242860 124140 11980 0
 6867.7561  242820 124220 12020 0
 6868.2446  240120 122860 11860 0
 6868.7232  232360 118940 11500 0
 6869.2019  227760 116640 11280 0
 6869.6806  237940 121900 11800 0
 6870.1594  244180 125180 12120 0
 6870.6483  244060 125140 12120 0
 6871.1372  243120 124740 12080 0
 6871.6163  242900 124700 12100 0
 6872.0953  242720 124660 12080 20
 6872.5845  242440 124580 12080 0
 6873.0737  241580 124180 12080 0
 6873.553   241700 124300 12080 0
 6874.0324  242460 124760 12120 0
 6874.5119  242020 124620 12140 0
 6875.0014  240280 123720 12060 0
 6875.4909  241860 124680 12140 0
 6875.9706  241360 124460 12100 0
 6876.4503  241200 124460 12140 0
 6876.9401  241460 124660 12160 0
 6877.42    241220 124600 12200 0
 6877.8999  240680 124380 12140 0
 6878.39    241220 124780 12200 0
 6878.87    241300 124860 12200 0
 6879.3502  240700 124640 12180 0
 6879.8404  240500 124600 12180 20
 6880.3307  240100 124460 12180 0
 6880.8111  238900 123940 12120 0
 6881.2915  238440 123800 12120 0
 6881.782   238680 123940 12160 0
 6882.2726  239520 124480 12220 0
 6882.7533  240080 124880 12260 0
 6883.234   240900 125400 12300 0
 6883.7148  239700 124860 12220 0
 6884.2057  239520 124820 12240 0
 6884.6966  239820 125060 12280 0
 6885.1776  237700 123960 12220 0
 6885.6587  237380 123880 12220 0
 6886.1499  238360 124480 12280 0
 6886.6411  238040 124420 12300 20
 6887.1224  237760 124340 12260 0
 6887.6038  239720 125520 12360 0
 6888.0852  239140 125260 12340 0
 6888.5767  238920 125220 12360 0
 6889.0683  238880 125320 12360 0
 6889.55    238520 125180 12340 0
 6890.0317  239000 125520 12380 0
 6890.5135  238620 125400 12360 0
 6891.0054  238540 125440 12380 0
 6891.4973  236240 124220 12320 0
 6891.9793  235980 124160 12320 0
 6892.4714  238080 125440 12440 0
 6892.9636  237920 125420 12420 0
 6893.4458  235500 124140 12300 20
 6893.9281  237920 125580 12460 0
 6894.4105  238120 125760 12440 0
 6894.8929  237140 125300 12420 0
 6895.3754  236780 125160 12460 0
 6895.868   235900 124740 12420 0
 6896.3607  235360 124480 12420 0
 6896.8434  235440 124640 12420 0
 6897.3362  237140 125640 12500 0
 6897.8292  237300 125820 12520 0
 6898.3121  237480 125960 12540 0
 6898.7951  235640 124980 12480 0
 6899.2781  235300 124900 12480 0
 6899.7613  236920 125860 12540 0
 6900.2545  237120 126040 12580 0
 6900.7479  236260 125600 12540 0
 6901.2312  236460 125780 12560 0
 6901.7147  236200 125680 12600 20
 6902.2082  236480 125940 12620 0
 6902.6918  237260 126420 12620 0
 6903.1754  236140 125860 12620 0
 6903.6692  236800 126300 12680 0
 6904.153   236860 126400 12640 0
 6904.6469  235540 125720 12600 0
 6905.1409  235820 125960 12640 0
 6905.6249  237140 126760 12720 0
 6906.109   236680 126520 12660 0
 6906.5931  235500 125960 12680 0
 6907.0773  236740 126720 12720 0
 6907.5717  237200 127040 12760 0
 6908.0661  236940 126940 12780 0
 6908.5606  236040 126520 12720 0
 6909.0451  235760 126440 12720 0
 6909.5297  232800 124920 12560 0
 6910.0244  232540 124820 12580 20
 6910.5091  235160 126280 12720 0
 6910.9939  236680 127160 12840 0
 6911.4889  236300 127000 12820 0
 6911.9839  235520 126640 12800 0
 6912.4689  236040 126980 12840 0
 6912.954   235140 126540 12800 0
 6913.4492  235360 126720 12820 0
 6913.9344  236180 127240 12860 0
 6914.4197  235180 126720 12820 0
 6914.9152  236280 127400 12920 0
 6915.4006  236560 127600 12920 0
 6915.8861  236920 127860 12940 0
 6916.3818  236800 127860 12940 0
 6916.8775  235520 127200 12920 0
 6917.3633  235040 126980 12900 0
 6917.849   235240 127160 12920 20
 6918.345   235620 127420 12960 0
 6918.8309  235920 127640 12980 0
 6919.3169  235640 127540 12960 0
 6919.8131  235680 127600 13000 0
 6920.2993  235760 127720 13020 0
 6920.7855  236260 128040 13040 0
 6921.2718  235380 127640 13020 0
 6921.7683  234900 127420 13000 0
 6922.2649  235600 127860 13020 0
 6922.7514  236840 128580 13100 0
 6923.2481  237080 128800 13140 0
 6923.7347  236640 128620 13120 0
 6924.2214  235800 128180 13080 0
 6924.7184  234940 127780 13080 0
 6925.2154  234520 127580 13080 0
 6925.7125  236460 128740 13160 0
 6926.1995  235420 128180 13140 20
 6926.6866  234420 127640 13100 0
 6927.1737  235040 128080 13140 0
 6927.6711  236560 129000 13220 0
 6928.1685  236440 129000 13220 0
 6928.6559  236160 128860 13180 0
 6929.1434  236580 129200 13260 0
 6929.6309  233860 127620 13180 0
 6930.1185  233500 127520 13140 0
 6930.6163  235300 128620 13240 0
 6931.104   235880 128960 13260 0
 6931.5918  235980 129080 13300 0
 6932.0898  236000 129160 13300 0
 6932.588   237100 129820 13360 0
 6933.0862  236100 129280 13320 0
 6933.5742  235380 128940 13320 0
 6934.0624  236900 129880 13400 0
 6934.5506  237280 130140 13400 20
 6935.0491  235360 129080 13320 0
 6935.5477  235920 129480 13360 0
 6936.0361  237400 130380 13480 0
 6936.5349  236680 130020 13440 0
 6937.0235  236160 129760 13420 0
 6937.5121  236640 130100 13500 0
 6938.0111  238120 131000 13560 0
 6938.4999  236780 130300 13500 0
 6938.9888  236200 130020 13520 0
 6939.4777  238080 131200 13600 0
 6939.977   238220 131280 13640 0
 6940.4763  236940 130620 13580 0
 6940.9654  236520 130440 13580 0
 6941.4547  236840 130700 13620 0
 6941.944   238160 131520 13680 0
 6942.4334  237200 131040 13660 0
 6942.9331  236080 130460 13640 0
 6943.4328  236820 130980 13700 0
 6943.9224  237500 131380 13700 0
 6944.4121  238260 131940 13780 20
 6944.9121  238320 132000 13800 0
 6945.4121  237360 131520 13780 0
 6945.902   237240 131500 13780 0
 6946.392   236160 130940 13780 0
 6946.8923  234860 130240 13700 0
 6947.3824  234620 130160 13700 0
 6947.8726  237060 131660 13840 0
 6948.3731  238680 132680 13940 0
 6948.8737  237780 132240 13880 0
 6949.3743  238120 132500 13940 0
 6949.8648  238520 132800 13980 0
 6950.3553  238360 132760 13980 0
 6950.846   239160 133280 14020 0
 6951.3367  237480 132380 13940 0
 6951.8377  238340 132940 14040 0
 6952.3388  238620 133140 14040 0
 6952.8297  236580 132000 14000 0
 6953.3207  235620 131460 13960 0
 6953.822   238020 133020 14080 0
 6954.3234  239160 133740 14160 0
 6954.8044  239080 133760 14180 0
 6955.2957  238900 133700 14180 20
 6955.7973  238580 133600 14160 -20
 6956.2887  238200 133420 14180 20
 6956.7905  239640 134340 14260 0
 6957.2923  238940 134000 14240 0
 6957.784   239600 134460 14300 0
 6958.2757  239380 134360 14320 0
 6958.7675  238300 133820 14280 0
 6959.2696  237780 133580 14280 0
 6959.7718  236860 133080 14260 0
 6960.2638  235840 132560 14180 0
 6960.7559  238840 134420 14360 0
 6961.2584  239600 134940 14400 0
 6961.7609  239700 135060 14420 0
 6962.2532  240080 135340 14480 0
 6962.7456  240240 135500 14500 0
 6963.238   239760 135300 14480 0
 6963.7408  239940 135500 14500 0
 6964.2437  240480 135860 14580 0
 6964.7364  239920 135580 14560 0
 6965.2292  239200 135240 14540 0
 6965.7323  239220 135340 14540 0
 6966.2354  238540 135000 14540 0
 6966.7284  239160 135460 14560 0
 6967.2215  239880 135960 14620 0
 6967.7146  240640 136440 14660 0
 6968.2181  241140 136820 14740 0
 6968.7216  240080 136280 14680 0
 6969.215   240680 136720 14740 20
 6969.7084  241080 137000 14780 0
 6970.2019  241380 137240 14800 0
 6970.6955  241120 137160 14800 0
 6971.1891  241440 137420 14860 0
 6971.6931  241480 137520 14880 0
 6972.1972  241300 137460 14860 0
 6972.691   241180 137480 14860 0
 6973.1953  240920 137420 14900 0
 6973.6996  241660 137920 14960 0
 6974.1936  241620 137940 14940 0
 6974.6878  241840 138160 14960 0
 6975.182   242220 138500 15000 0
 6975.6763  241980 138400 15000 0
 6976.181   241860 138380 15020 0
 6976.6858  242620 138920 15060 0
 6977.1803  242420 138880 15060 0
 6977.6852  241540 138460 15060 0
 6978.1902  241600 138540 15060 0
 6978.6849  242480 139160 15140 20
 6979.1797  242700 139360 15180 0
 6979.6746  241480 138700 15120 0
 6980.1696  241100 138540 15080 0
 6980.6749  242620 139520 15200 0
 6981.1804  241860 139140 15200 0
 6981.6756  240980 138700 15140 0
 6982.1708  240080 138240 15140 0
 6982.6765  238000 137020 15000 0
 6983.1822  238480 137400 15060 0
 6983.6777  241260 139160 15240 0
 6984.1733  240260 138640 15180 0
 6984.6689  241720 139600 15280 0
 6985.1749  241440 139460 15280 0
 6985.6811  239140 138180 15200 0
 6986.1769  240580 139120 15280 0
 6986.6728  240580 139180 15300 0
 6987.1792  242300 140300 15380 0
 6987.6753  242120 140260 15400 20
 6988.1714  241780 140140 15380 0
 6988.678   241060 139740 15360 0
 6989.1743  242140 140500 15440 0
 6989.6706  241820 140340 15420 0
 6990.1774  239660 139140 15340 0
 6990.6843  241780 140480 15460 0
 6991.1809  241440 140340 15420 0
 6991.6776  242100 140820 15520 0
 6992.1743  242440 141060 15540 0
 6992.6815  242020 140880 15520 0
 6993.1887  242100 141020 15560 0
 6993.6857  243120 141680 15620 0
 6994.1828  242640 141460 15600 0
 6994.6902  243160 141880 15660 0
 6995.1978  242180 141320 15620 20
 6995.6951  242980 141880 15680 0
 6996.1924  242960 141960 15700 0
 6996.6898  241780 141300 15660 0
 6997.1977  243160 142180 15720 0
 6997.7056  243100 142240 15780 0
 6998.2032  241460 141280 15680 0
 6998.7113  242860 142220 15780 0
 6999.2195  242460 142040 15760 0
 6999.7173  242420 142080 15780 0
 7000.2153  243200 142620 15820 0
 7000.7133  242400 142200 15820 0
 7001.2114  242020 142040 15780 0
 7001.7199  242320 142280 15820 0
 7002.2285  242420 142400 15840 0
 7002.7268  240520 141320 15760 0
 7003.2252  238700 140260 15640 0
 7003.7341  241720 142200 15860 0
 7004.2326  243760 143500 16000 0
 7004.7312  242300 142620 15880 0
 7005.2403  242500 142820 15920 0
 7005.7391  242100 142720 15940 20
 7006.2379  241900 142640 15920 0
 7006.7472  241460 142420 15920 0
 7007.2566  241780 142680 15940 0
 7007.7556  242780 143340 16040 0
 7008.2548  243120 143680 16060 0
 7008.7644  241460 142680 15960 0
 7009.2741  241620 142840 16020 0
 7009.7734  242000 143160 16060 0
 7010.2728  242160 143300 16080 0
 7010.7828  241800 143180 16080 0
 7011.2927  241860 143280 16080 0
 7011.7924  242020 143420 16100 0
 7012.2921  242900 144060 16200 0
 7012.7919  241900 143480 16140 0
 7013.2918  241360 143240 16120 0
 7013.8022  241340 143300 16160 0
 7014.3126  241980 143760 16180 0
 7014.8128  241980 143820 16200 0
 7015.3129  241860 143780 16220 0
 7015.8236  241820 143820 16240 0
 7016.3344  242400 144280 16300 0
 7016.8348  243140 144800 16340 20
 7017.3353  242000 144160 16300 0
 7017.8358  241920 144200 16320 0
 7018.3365  241600 144060 16320 0
 7018.8476  239340 142760 16180 0
 7019.3588  239720 143080 16220 0
 7019.8597  239440 142920 16220 0
 7020.371   239520 143040 16240 0
 7020.872   239880 143340 16280 0
 7021.3731  240540 143800 16320 0
 7021.8847  241060 144200 16360 0
 7022.386   240800 144100 16360 0
 7022.8977  240120 143760 16380 0
 7023.4095  239040 143160 16300 0
 7023.911   239540 143540 16340 0
 7024.4125  240060 143900 16360 0
 7024.9142  239700 143780 16380 0
 7025.4158  240000 144000 16420 0
 7025.9281  239320 143660 16400 0
 7026.4403  238940 143460 16400 0
 7026.9423  239880 144140 16460 20
 7027.4442  239440 143940 16440 0
 7027.9568  239460 144020 16460 0
 7028.4694  239420 144020 16460 0
 7028.9716  239060 143860 16420 0
 7029.4739  239240 144060 16480 0
 7029.9762  238780 143840 16480 0
 7030.4892  239100 144140 16520 0
 7030.9917  238640 143920 16480 0
 7031.4943  238780 144040 16500 0
 7032.0074  239120 144340 16540 0
 7032.5101  238820 144200 16540 0
 7033.0234  238820 144260 16540 0
 7033.5368  238520 144140 16540 0
 7034.0398  238520 144240 16540 0
 7034.5428  239160 144700 16620 0
 7035.0564  238700 144460 16620 0
 7035.5701  236520 143200 16520 0
 7036.0734  235140 142380 16420 0
 7036.5767  234300 141880 16420 20
 7037.0802  234120 141880 16400 0
 7037.5837  236120 143220 16520 0
 7038.0977  235440 142880 16540 0
 7038.6119  235480 142980 16520 0
 7039.1156  237520 144300 16660 0
 7039.6194  236320 143660 16620 0
 7040.1338  236200 143640 16620 0
 7040.6482  237080 144260 16680 0
 7041.1523  236740 144120 16700 0
 7041.6564  235380 143300 16620 0
 7042.1606  237000 144440 16760 0
 7042.6648  236740 144340 16700 0
 7043.1797  236580 144300 16700 0
 7043.6946  237160 144720 16800 0
 7044.2096  236580 144460 16780 0
 7044.7246  235460 143800 16700 0
 7045.2293  233960 142960 16620 0
 7045.734   234180 143220 16640 0
 7046.2388  234960 143740 16720 20
 7046.7437  234120 143280 16700 0
 7047.2591  234560 143620 16720 0
 7047.7747  235120 144060 16800 0
 7048.2798  235320 144280 16800 0
 7048.7849  233800 143380 16760 0
 7049.3007  233740 143360 16780 0
 7049.806   235020 144300 16840 0
 7050.3009  235860 144900 16920 0
 7050.8169  235700 144880 16920 0
 7051.333   233560 143560 16800 0
 7051.8386  232180 142740 16740 0
 7052.3549  234160 144100 16880 0
 7052.8712  233740 143940 16880 0
 7053.377   233120 143560 16860 0
 7053.883   233620 144000 16880 0
 7054.389   233760 144160 16920 0
 7054.9056  231500 142740 16780 0
 7055.4118  231980 143140 16820 0
 7055.918   234000 144520 16980 0
 7056.4349  233880 144540 16980 0
 7056.9518  232520 143720 16960 0
 7057.4689  232420 143740 16940 20
 7057.9754  231560 143320 16860 0
 7058.482   232740 144120 16980 0
 7058.9887  232940 144320 17000 0
 7059.5061  231780 143600 16940 0
 7060.0235  231480 143480 16960 0
 7060.5304  232520 144260 17060 0
 7061.0374  232420 144240 17040 0
 7061.555   233040 144740 17120 0
 7062.0728  233360 145000 17160 0
 7062.58    233120 144940 17140 0
 7063.0873  233140 145000 17180 0
 7063.5947  232840 144860 17120 0
 7064.1022  232900 145020 17160 0
 7064.6203  232120 144560 17160 0
 7065.1385  231700 144380 17140 0
 7065.6462  230820 143880 17100 0
 7066.1539  230900 144020 17120 0
 7066.6618  230500 143780 17120 0
 7067.1697  230500 143900 17120 20
 7067.6883  231220 144400 17180 0
 7068.207   232100 145080 17260 0
 7068.7151  232060 145120 17280 0
 7069.2234  231460 144780 17260 0
 7069.7317  231520 144900 17260 0
 7070.2506  231480 144920 17280 0
 7070.7697  230720 144480 17240 0
 7071.2782  231140 144860 17280 0
 7071.7868  231220 144980 17300 0
 7072.3061  230000 144260 17240 0
 7072.8255  230560 144680 17300 0
 7073.3344  231240 145220 17380 0
 7073.8539  231020 145120 17360 0
 7074.3735  229520 144240 17260 0
 7074.8826  229020 143980 17260 0
 7075.3811  229440 144300 17280 0
 7075.8903  229680 144520 17320 0
 7076.4103  229480 144460 17340 0
 7076.9303  228260 143760 17260 20
 7077.4503  228380 143940 17320 0
 7077.9599  229460 144700 17400 0
 7078.4695  229320 144720 17400 0
 7078.9898  226360 142820 17180 0
 7079.4996  226460 143020 17200 0
 7079.9988  225680 142660 17180 0
 7080.5194  220180 139200 16780 0
 7081.04    210400 133100 16080 0
 7081.5607  197280 124880 15060 0
 7082.0815  185520 117420 14180 0
 7082.5917  183000 115840 14000 0
 7083.1127  195720 123980 14960 0
 7083.6231  211000 133760 16140 0
 7084.1229  218440 138540 16780 0
 7084.6441  222300 141100 17060 0
 7085.1653  223860 142140 17180 0
 7085.676   224580 142660 17300 0
 7086.1975  225700 143460 17380 0
 7086.719   226620 144160 17460 20
 7087.2299  226640 144220 17480 0
 7087.7409  226300 144040 17480 0
 7088.252   227320 144800 17560 0
 7088.7631  226980 144680 17560 0
 7089.285   227100 144780 17580 0
 7089.807   226440 144460 17560 0
 7090.3184  224480 143200 17420 0
 7090.8299  225140 143720 17500 0
 7091.3414  226260 144540 17560 0
 7091.8637  226440 144720 17600 0
 7092.3861  226040 144540 17580 0
 7092.8979  225940 144540 17580 0
 7093.4097  225660 144440 17580 0
 7093.9217  225980 144700 17620 0
 7094.4337  225560 144500 17600 0
 7094.9565  225800 144760 17660 20
 7095.49    225960 144940 17680 0
 7096.0129  224820 144200 17600 0
 7096.5252  225420 144720 17640 0
 7097.0376  224540 144200 17640 0
 7097.5501  224200 144040 17580 0
 7098.0627  225520 145000 17720 0
 7098.586   225480 145020 17700 0
 7099.1094  224440 144380 17640 0
 7099.6222  224740 144660 17680 0
 7100.1351  224680 144720 17680 0
 7100.6587  223980 144300 17660 0
 7101.1718  224220 144560 17680 0
 7101.6849  224600 144880 17720 0
 7102.2087  223900 144480 17680 0
 7102.722   223020 143920 17640 0
 7103.2353  222460 143640 17600 0
 7103.7595  222960 144020 17680 20
 7104.2837  223180 144240 17680 0
 7104.7972  222220 143660 17620 0
 7105.3109  222540 143940 17660 0
 7105.8246  222360 143900 17680 0
 7106.3384  222780 144240 17720 0
 7106.863   222760 144320 17720 0
 7107.3877  222420 144140 17700 0
 7107.9017  221960 143900 17700 0
 7108.4266  221700 143760 17700 0
 7108.9515  219500 142340 17540 0
 7109.4658  219040 142100 17540 0
 7109.9801  219740 142680 17580 0
 7110.4946  220040 142960 17620 0
 7111.0091  220500 143340 17680 0
 7111.5344  219840 142940 17640 0
 7112.0598  219860 143060 17680 0
 7112.5745  220100 143240 17700 20
 7113.1001  219980 143280 17700 0
 7113.615   219720 143160 17700 0
 7114.13    220200 143540 17740 0
 7114.6558  220780 144040 17840 0
 7115.1709  219780 143360 17740 0
 7115.6861  219920 143580 17800 0
 7116.2121  219700 143460 17800 0
 7116.7383  218100 142460 17680 0
 7117.2537  219840 143700 17820 0
 7117.78    219400 143500 17800 0
 7118.2956  219220 143440 17800 0
 7118.8113  219720 143860 17860 0
 7119.3378  219160 143500 17840 0
 7119.8536  218380 143060 17840 0
 7120.3803  219800 144100 17920 0
 7120.9071  219640 144060 17940 0
 7121.4232  218900 143600 17880 0
 7121.9393  218940 143740 17920 0
 7122.4556  218080 143180 17840 20
 7122.9719  216940 142480 17800 0
 7123.499   217800 143140 17880 0
 7124.0263  218240 143560 17920 0
 7124.5428  217980 143420 17940 0
 7125.0595  218160 143640 17920 0
 7125.5869  217640 143320 17920 0
 7126.1145  216940 142940 17880 0
 7126.6314  217280 143220 17920 0
 7127.1483  218320 144020 18020 0
 7127.6653  218680 144300 18060 0
 7128.1824  217340 143440 17980 0
 7128.7104  216020 142580 17920 0
 7129.2384  216240 142860 17940 0
 7129.7558  217000 143400 18000 0
 7130.2732  216720 143320 18000 0
 7130.8015  216900 143540 18040 0
 7131.3299  216980 143600 18040 20
 7131.8475  216480 143340 18020 0
 7132.3652  216640 143520 18060 0
 7132.8939  216680 143620 18060 0
 7133.4225  215680 143000 18040 0
 7133.9405  214880 142520 17960 0
 7134.4586  216300 143560 18100 0
 7134.9767  217140 144220 18180 0
 7135.4949  215760 143300 18080 0
 7136.024   216080 143620 18140 0
 7136.5532  216000 143640 18160 0
 7137.0716  214980 142960 18080 0
 7137.5901  215240 143260 18100 0
 7138.1196  215260 143320 18160 0
 7138.649   214820 143060 18100 0
 7139.1678  212980 141880 17960 20
 7139.6867  213820 142520 18040 0
 7140.2164  215480 143720 18220 0
 7140.7354  214280 142960 18140 0
 7141.2437  213700 142620 18140 0
 7141.7736  212860 142120 18060 0
 7142.3145  212260 141780 18020 0
 7142.8447  211760 141460 18020 0
 7143.3532  213100 142500 18120 0
 7143.8727  211540 141440 18020 0
 7144.4031  210820 141060 17980 0
 7144.9227  212580 142380 18160 0
 7145.4533  213440 143020 18220 0
 7145.9731  213020 142800 18220 0
 7146.493   212880 142800 18180 0
 7147.0237  212840 142820 18220 0
 7147.5546  212020 142340 18160 20
 7148.0747  211860 142300 18180 0
 7148.5841  211820 142340 18200 0
 7149.1152  211820 142440 18200 0
 7149.6464  211840 142480 18220 0
 7150.1668  211560 142360 18220 0
 7150.6982  211440 142340 18240 0
 7151.2296  211280 142320 18220 0
 7151.7503  210740 142020 18200 0
 7152.271   210540 141940 18200 0
 7152.7919  210120 141760 18180 0
 7153.3236  210340 141940 18220 0
 7153.8446  210580 142180 18280 0
 7154.3657  210300 142060 18260 0
 7154.8977  209680 141720 18200 0
 7155.4298  209700 141800 18240 0
 7155.962   209860 142020 18260 20
 7156.4834  210100 142200 18300 0
 7157.0048  208880 141440 18220 0
 7157.5264  209460 141900 18300 0
 7158.048   209020 141620 18280 0
 7158.5806  208680 141480 18280 0
 7159.1024  209020 141800 18320 0
 7159.6242  208840 141760 18280 0
 7160.1679  208620 141700 18300 0
 7160.69    208680 141800 18340 0
 7161.2121  208200 141500 18300 0
 7161.7451  207760 141280 18280 0
 7162.2674  208260 141700 18340 0
 7162.7897  208780 142120 18400 0
 7163.3122  207740 141420 18320 0
 7163.8456  207580 141440 18340 0
 7164.379   208340 142040 18400 0
 7164.9017  208140 141960 18420 0
 7165.4245  207660 141700 18400 20
 7165.9473  206760 141140 18320 0
 7166.4811  207280 141560 18400 0
 7167.015   208120 142240 18500 0
 7167.538   207040 141520 18420 0
 7168.0721  207480 141900 18440 0
 7168.5953  207040 141700 18440 0
 7169.1186  206240 141160 18400 0
 7169.6529  206020 141080 18400 0
 7170.1764  205140 140500 18320 0
 7170.6999  205720 141020 18420 0
 7171.2236  205700 141060 18400 0
 7171.7582  206000 141380 18460 0
 7172.2929  205920 141380 18480 20
 7172.8277  205920 141440 18500 0
 7173.3516  205740 141400 18460 0
 7173.8757  205560 141340 18500 0
 7174.4107  204380 140580 18420 0
 7174.9349  204560 140720 18420 0
 7175.4592  205180 141300 18520 0
 7175.9944  205320 141420 18540 0
 7176.5298  203820 140420 18420 0
 7177.0543  204820 141220 18540 0
 7177.5789  205440 141700 18600 0
 7178.1036  205440 141780 18620 0
 7178.6283  204660 141320 18580 0
 7179.1532  204660 141360 18580 0
 7179.689   205280 141880 18660 0
 7180.225   204120 141120 18600 0
 7180.75    203520 140760 18540 0
 7181.2861  203760 141020 18560 20
 7181.8223  203020 140520 18520 0
 7182.3477  202340 140120 18480 0
 7182.8731  203160 140800 18580 0
 7183.3985  202720 140540 18560 0
 7183.935   201260 139560 18420 0
 7184.4716  201480 139800 18500 0
 7184.9974  201440 139840 18500 0
 7185.5232  202000 140300 18560 0
 7186.06    202480 140740 18640 0
 7186.586   201680 140220 18600 0
 7187.112   200700 139580 18500 0
 7187.6491  202040 140640 18620 0
 7188.1753  202100 140720 18680 0
 7188.7126  200720 139800 18540 0
 7189.2499  200000 139320 18520 0
 7189.7764  200740 139980 18580 0
 7190.3029  199600 139200 18520 20
 7190.8295  200440 139880 18600 0
 7191.3672  200400 139940 18620 0
 7191.9049  200080 139780 18600 0
 7192.4318  200600 140220 18660 0
 7192.9587  200740 140360 18700 0
 7193.4858  199880 139820 18640 0
 7194.0238  200820 140580 18740 0
 7194.562   200560 140440 18740 0
 7195.0893  198560 139040 18560 0
 7195.6276  199560 139860 18680 0
 7196.155   199180 139660 18640 0
 7196.6825  199360 139880 18700 0
 7197.2211  198540 139360 18640 0
 7197.7488  196940 138320 18500 0
 7198.2765  196280 137920 18460 0
 7198.8154  197460 138760 18580 0
 7199.3543  198760 139780 18740 0
 7199.8823  198580 139720 18720 0
 7200.4103  198520 139720 18760 20
 7200.9385  197340 138940 18640 0
 7201.4667  198000 139500 18740 0
 7202.0061  197720 139340 18740 0
 7202.5455  197340 139140 18700 0
 7203.074   197580 139400 18720 0
 7203.6135  198320 139980 18820 0
 7204.1532  197600 139500 18780 0
 7204.6819  197240 139320 18780 0
 7205.2107  197220 139380 18780 0
 7205.7396  196900 139200 18780 0
 7206.2686  197800 139940 18860 0
 7206.8087  197660 139900 18860 0
 7207.3488  197020 139500 18820 0
 7207.878   196500 139140 18820 20
 7208.4073  195640 138600 18760 0
 7208.9477  197740 140220 19000 0
 7209.4772  196920 139700 18920 0
 7210.0067  196460 139400 18900 0
 7210.5474  196540 139520 18900 0
 7211.0771  196640 139680 18920 0
 7211.6179  196760 139840 18960 0
 7212.1588  196520 139700 18960 0
 7212.6888  196620 139880 18980 0
 7213.2188  196420 139800 18980 0
 7213.7489  195700 139300 18940 0
 7214.2791  195820 139480 18960 0
 7214.8205  196740 140220 19080 0
 7215.3619  194260 138420 18860 20
 7215.8923  193340 137800 18820 0
 7216.4339  195400 139420 19000 0
 7216.9755  196000 139940 19100 0
 7217.5062  195580 139700 19060 0
 7218.037   195100 139420 19000 0
 7218.5679  195680 139920 19100 0
 7219.0988  194020 138760 18960 0
 7219.6409  193100 138200 18900 0
 7220.183   193200 138360 18920 0
 7220.7142  194980 139640 19100 0
 7221.2455  196220 140640 19220 0
 7221.7768  195720 140320 19200 0
 7222.3193  195760 140440 19220 0
 7222.8619  195000 139880 19180 20
 7223.3935  194940 139940 19200 0
 7223.9362  195200 140200 19220 0
 7224.468   194780 139940 19220 0
 7224.9998  196180 141060 19380 0
 7225.5428  195700 140760 19340 0
 7226.0748  195180 140440 19320 0
 7226.6069  195160 140500 19320 0
 7227.1391  194000 139680 19220 0
 7227.6824  194220 139940 19260 0
 7228.2258  194820 140440 19300 0
 7228.7582  194440 140200 19320 0
 7229.2907  194780 140540 19360 20
 7229.8344  194980 140740 19400 0
 7230.3781  194780 140640 19420 0
 7230.9109  194020 140140 19320 0
 7231.4548  193540 139800 19320 0
 7231.9877  192760 139340 19260 0
 7232.5207  191980 138800 19200 0
 7233.0649  193280 139860 19340 0
 7233.598   194340 140680 19460 0
 7234.1313  193840 140400 19420 0
 7234.6757  193900 140500 19460 0
 7235.2202  194580 141080 19520 0
 7235.7537  193980 140660 19500 0
 7236.2873  193980 140740 19500 20
 7236.832   193840 140680 19520 0
 7237.3769  193740 140680 19520 0
 7237.8996  194100 141020 19560 0
 7238.4335  194320 141240 19640 0
 7238.9786  194120 141180 19620 0
 7239.5238  193480 140760 19580 0
 7240.069   193340 140740 19560 0
 7240.5921  192480 140140 19500 0
 7241.1264  191560 139520 19420 0
 7241.672   186440 135860 18940 0
 7242.2064  174700 127320 17760 0
 7242.7521  177100 129180 18000 20
 7243.2979  189100 138000 19260 0
 7243.8326  192160 140240 19580 0
 7244.3674  193160 141060 19700 0
 7244.9135  193160 141120 19740 0
 7245.4484  192320 140520 19660 0
 7245.9835  192420 140660 19680 0
 7246.5409  192900 141060 19740 0
 7247.0873  193240 141400 19780 0
 7247.6226  192520 140940 19740 0
 7248.158   193400 141660 19820 0
 7248.6935  193040 141440 19800 0
 7249.229   193100 141540 19860 0
 7249.7647  193000 141560 19840 0
 7250.3115  193640 142080 19940 0
 7250.8585  192660 141440 19860 0
 7251.3944  190840 140140 19680 0
 7251.9415  186800 137200 19300 0
 7252.4776  189540 139300 19580 0
 7253.0137  193940 142620 20060 20
 7253.5611  193440 142300 20020 0
 7254.0974  193940 142760 20060 0
 7254.6338  193420 142400 20060 0
 7255.1703  192900 142060 20020 0
 7255.718   193340 142480 20080 0
 7256.2658  193320 142500 20060 0
 7256.8025  192140 141660 19980 0
 7257.3505  192920 142340 20080 0
 7257.8986  192740 142280 20080 0
 7258.4355  192600 142220 20080 0
 7258.9726  192400 142120 20100 0
 7259.5097  193420 142980 20220 0
 7260.047   193160 142820 20220 0
 7260.5843  192880 142660 20220 0
 7261.1328  192740 142640 20200 0
 7261.6927  192780 142720 20200 0
 7262.2302  192120 142280 20180 0
 7262.7679  192460 142600 20240 0
 7263.3168  192560 142760 20240 0
 7263.8546  192240 142580 20220 20
 7264.3925  190480 141320 20040 -20
 7264.9305  190140 141140 20060 20
 7265.4797  192200 142740 20300 0
 7266.0291  192020 142620 20300 0
 7266.5673  191540 142320 20280 0
 7267.1056  191880 142660 20300 0
 7267.644   191520 142440 20280 0
 7268.1937  192100 142940 20360 0
 7268.7434  192560 143340 20440 0
 7269.2821  192620 143460 20460 0
 7269.8208  192200 143180 20440 0
 7270.3596  190920 142280 20340 0
 7270.9097  190340 141940 20300 0
 7271.4599  191660 142960 20420 0
 7271.999   191160 142660 20400 0
 7272.5381  191820 143200 20480 0
 7273.0774  191400 142980 20480 0
 7273.6279  191800 143320 20520 0
 7274.1785  192320 143800 20600 20
 7274.7293  192740 144160 20660 0
 7275.2688  192100 143780 20620 0
 7275.7972  191020 142980 20500 0
 7276.3482  192160 143960 20660 0
 7276.8992  191740 143680 20620 0
 7277.4391  191040 143200 20560 0
 7277.9904  192020 144040 20700 0
 7278.5304  190960 143260 20620 0
 7279.0706  191620 143860 20700 0
 7279.6221  191400 143740 20680 0
 7280.1737  191340 143780 20700 0
 7280.7141  190940 143500 20680 0
 7281.2433  191060 143700 20720 0
 7281.7951  190320 143180 20640 0
 7282.347   189980 142960 20620 0
 7282.8878  191020 143860 20760 0
 7283.4399  191880 144620 20900 20
 7283.992   190340 143480 20720 0
 7284.533   189420 142820 20660 0
 7285.0741  190220 143520 20780 0
 7285.6153  190620 143900 20820 0
 7286.1678  189460 143060 20720 0
 7286.7091  189120 142860 20720 0
 7287.2505  187700 141880 20580 0
 7287.8033  187040 141460 20500 0
 7288.3449  187640 141980 20620 0
 7288.8978  189100 143140 20780 0
 7289.4509  190780 144540 21000 0
 7289.9927  189360 143460 20840 0
 7290.5346  188960 143200 20860 0
 7291.0766  189600 143800 20940 0
 7291.63    189280 143540 20900 0
 7292.1835  188220 142840 20820 0
 7292.7257  188820 143320 20880 20
 7293.2681  188100 142880 20840 0
 7293.8218  188280 143100 20900 0
 7294.3643  187380 142440 20820 0
 7294.9069  187700 142720 20860 0
 7295.4609  186520 141880 20740 0
 7296.0037  187980 143100 20940 0
 7296.5465  189280 144200 21080 0
 7297.1008  189720 144600 21140 0
 7297.6551  188920 144060 21060 0
 7298.2095  188740 143980 21060 0
 7298.7527  188540 143860 21100 0
 7299.2846  187800 143380 21000 0
 7299.8393  188460 143980 21120 0
 7300.3941  188060 143720 21100 20
 7300.9489  186400 142440 20940 0
 7301.5039  187680 143520 21080 0
 7302.0363  188220 144020 21140 0
 7302.58    187760 143720 21140 0
 7303.1352  187780 143820 21140 0
 7303.6792  187480 143660 21140 0
 7304.2346  186520 142920 21040 0
 7304.7787  186540 143000 21060 0
 7305.3229  186720 143240 21100 0
 7305.8785  186440 143080 21060 0
 7306.4342  187100 143660 21200 0
 7306.9901  187300 143880 21220 0
 7307.5346  186820 143560 21160 0
 7308.0792  186560 143400 21200 0
 7308.624   187160 143960 21260 0
 7309.1688  186420 143480 21220 0
 7309.725   186240 143360 21200 20
 7310.2813  185820 143100 21160 0
 7310.8264  186520 143680 21260 0
 7311.3715  186400 143680 21300 0
 7311.9281  185700 143180 21220 0
 7312.4734  185780 143320 21220 0
 7313.0188  185780 143380 21280 0
 7313.5757  185000 142800 21200 0
 7314.1213  184960 142880 21200 0
 7314.6783  185240 143180 21280 0
 7315.2354  184160 142360 21180 0
 7315.7812  184360 142580 21220 0
 7316.3271  184480 142740 21240 0
 7316.8731  183660 142160 21140 0
 7317.4306  183960 142440 21180 0
 7317.9881  184780 143180 21340 20
 7318.5344  184480 142980 21320 0
 7319.0807  183880 142560 21240 0
 7319.6385  184180 142880 21300 0
 7320.1964  183860 142680 21300 0
 7320.743   183580 142560 21280 0
 7321.2897  184140 143040 21360 0
 7321.8365  182320 141640 21180 0
 7322.3833  181740 141260 21120 0
 7322.9417  184240 143320 21420 0
 7323.5001  184440 143540 21480 0
 7324.0472  183700 143020 21420 0
 7324.6058  183000 142540 21360 0
 7325.1645  182280 142020 21300 20
 7325.7119  183380 142980 21420 0
 7326.2593  183200 142880 21460 0
 7326.8069  182740 142560 21400 0
 7327.3659  183820 143520 21540 0
 7327.925   182400 142440 21400 0
 7328.4728  182080 142240 21380 0
 7329.0207  183060 143100 21540 0
 7329.5687  182880 143020 21520 0
 7330.1167  182400 142720 21480 0
 7330.6649  182200 142600 21460 0
 7331.2245  182420 142860 21520 0
 7331.7842  181200 141920 21380 0
 7332.3326  181700 142380 21500 20
 7332.8811  180840 141780 21400 0
 7333.4297  180940 141920 21420 0
 7333.9898  177240 139040 21020 0
 7334.5499  181440 142460 21520 0
 7335.0988  180620 141880 21420 0
 7335.6477  181340 142540 21560 0
 7336.1967  180460 141920 21460 0
 7336.7572  179460 141140 21380 0
 7337.3178  180380 141980 21480 0
 7337.8671  180400 142040 21520 0
 7338.4164  179080 141040 21360 0
 7338.9773  179480 141440 21440 0
 7339.5383  179420 141460 21440 0
 7340.0879  179080 141220 21440 0
 7340.649   179500 141640 21520 0
 7341.2102  179360 141580 21500 0
 7341.7487  179280 141600 21520 20
 7342.2986  179260 141620 21540 0
 7342.8601  178780 141280 21500 0
 7343.4102  178160 140860 21440 0
 7343.9719  178720 141380 21560 0
 7344.5336  178200 141020 21500 0
 7345.084   176160 139460 21280 0
 7345.6345  177500 140580 21420 0
 7346.1965  178400 141400 21600 0
 7346.7586  177860 141040 21540 0
 7347.3094  177000 140400 21440 0
 7347.8602  175900 139560 21340 0
 7348.4111  177220 140720 21500 0
 7348.9621  177060 140600 21500 20
 7349.5131  176420 140140 21480 0
 7350.0758  177580 141180 21620 0
 7350.6385  176880 140660 21560 0
 7351.1898  175060 139200 21400 0
 7351.7413  175480 139640 21460 0
 7352.3043  175920 140080 21500 0
 7352.8673  175500 139820 21500 0
 7353.419   175780 140060 21520 0
 7353.9708  176420 140660 21620 0
 7354.5341  176680 140960 21680 0
 7355.0976  176400 140740 21640 0
 7355.6496  175780 140320 21620 0
 7356.2017  176520 141000 21700 20
 7356.7539  175280 140020 21580 0
 7357.3177  175180 140040 21560 0
 7357.8816  174900 139860 21580 0
 7358.4341  174480 139580 21540 0
 7358.9866  174540 139660 21540 0
 7359.5392  174720 139880 21600 0
 7360.1035  174240 139540 21560 0
 7360.6678  174560 139880 21640 0
 7361.2207  174300 139760 21600 0
 7361.7737  174400 139880 21620 0
 7362.3383  174200 139800 21640 0
 7362.8914  174000 139700 21640 0
 7363.4447  173780 139560 21600 0
 7364.0095  173280 139240 21580 20
 7364.5745  173560 139500 21640 0
 7365.128   173100 139200 21600 0
 7365.6701  172780 138980 21560 0
 7366.2353  172620 138920 21600 0
 7366.8006  172780 139140 21640 0
 7367.3544  173060 139400 21660 0
 7367.9084  173340 139740 21720 0
 7368.4739  173740 140060 21780 0
 7369.0396  172800 139400 21720 0
 7369.5938  173140 139700 21780 0
 7370.1596  173520 140140 21840 20
 7370.7256  172500 139320 21720 0
 7371.28    172880 139700 21800 0
 7371.8346  173440 140240 21840 0
 7372.3892  172800 139760 21820 0
 7372.944   172740 139760 21840 0
 7373.5103  172200 139360 21780 0
 7374.0768  172640 139840 21860 0
 7374.6318  171760 139160 21760 0
 7375.1869  171000 138580 21660 0
 7375.7536  170660 138380 21680 0
 7376.3204  171340 139000 21760 0
 7376.8758  171500 139180 21800 0
 7377.4312  170880 138760 21740 20
 7377.9867  171060 138920 21780 0
 7378.5539  170220 138320 21720 0
 7379.1096  170920 138980 21820 0
 7379.6654  171000 139080 21840 0
 7380.2328  170320 138580 21800 0
 7380.7888  170640 138920 21840 0
 7381.3448  170900 139180 21880 0
 7381.9009  171060 139340 21940 0
 7382.4688  170600 139060 21900 0
 7383.0366  171240 139640 22000 0
 7383.593   169900 138580 21840 0
 7384.1611  169080 137980 21760 20
 7384.7293  169960 138780 21900 0
 7385.2859  170380 139200 21980 0
 7385.8427  170680 139480 22020 0
 7386.3995  168980 138120 21820 0
 7386.968   169780 138860 21940 0
 7387.5367  169640 138840 21940 0
 7388.0938  169320 138600 21940 0
 7388.6626  168480 138000 21860 0
 7389.2314  168400 137980 21840 0
 7389.7888  167620 137380 21780 0
 7390.3463  167320 137160 21760 0
 7390.9038  169240 138880 22020 0
 7391.4614  168700 138420 21960 0
 7392.0191  167460 137460 21840 20
 7392.5886  168760 138660 22000 0
 7393.1581  168780 138720 22020 0
 7393.716   167860 138000 21940 0
 7394.2741  167580 137820 21900 0
 7394.8439  167760 138040 21980 0
 7395.4021  167300 137680 21920 0
 7395.9605  167980 138320 22040 0
 7396.5305  166920 137500 21900 0
 7397.1007  167720 138240 22040 0
 7397.6593  167760 138340 22040 0
 7398.218   167660 138320 22080 20
 7398.7884  167960 138620 22140 0
 7399.3472  168540 139180 22220 0
 7399.9062  167280 138160 22080 0
 7400.4769  167560 138500 22160 0
 7401.0476  167180 138240 22100 0
 7401.6069  167040 138140 22080 0
 7402.1662  166440 137740 22060 0
 7402.7372  165580 137040 21960 0
 7403.3084  165120 136720 21960 0
 7403.8679  166100 137600 22100 0
 7404.4276  165820 137480 22020 20
 7404.9873  165940 137580 22080 0
 7405.5588  166200 137900 22140 0
 7406.1304  165440 137300 22040 0
 7406.6904  164880 136900 22020 0
 7407.2505  165380 137400 22080 0
 7407.8107  165060 137160 22060 0
 7408.3827  165260 137420 22140 0
 7408.9547  165400 137560 22180 0
 7409.5152  165360 137560 22180 0
 7410.0757  164700 137100 22080 0
 7410.6364  164820 137260 22120 0
 7411.2088  165380 137760 22240 0
 7411.7813  162840 135680 21920 0
 7412.3539  162880 135760 21940 0
 7412.9265  163840 136660 22060 20
 7413.4759  163900 136780 22080 0
 7414.0254  163460 136420 22060 0
 7414.5984  162920 136040 22020 0
 7415.1714  163000 136200 22040 0
 7415.7445  162520 135820 21980 0
 7416.3061  161720 135200 21920 0
 7416.8677  161740 135300 21940 0
 7417.4411  161540 135180 21940 0
 7418.0029  161900 135560 22000 0
 7418.5647  162180 135860 22040 20
 7419.1267  162640 136300 22140 0
 7419.7005  161600 135480 22020 0
 7420.2743  160900 134940 21960 0
 7420.8366  160960 135080 21960 0
 7421.4106  160340 134600 21940 0
 7421.973   159840 134200 21860 0
 7422.5355  160320 134680 21960 0
 7423.1099  160000 134480 21940 0
 7423.6725  159820 134400 21920 0
 7424.247   160420 134960 22040 0
 7424.8216  161440 135880 22180 20
 7425.3846  159740 134480 21940 0
 7425.9594  158740 133720 21880 0
 7426.5225  157660 132880 21720 0
 7427.0857  155720 131280 21460 0
 7427.6608  158620 133820 21900 0
 7428.2242  159580 134660 22020 0
 7428.7877  159280 134480 22020 0
 7429.363   159500 134740 22080 0
 7429.9384  158620 134040 21960 0
 7430.5021  158440 133940 21940 0
 7431.066   158200 133820 21980 20
 7431.6299  158100 133780 21980 0
 7432.194   157400 133200 21880 0
 7432.7698  156900 132840 21840 0
 7433.3458  157800 133700 22000 0
 7433.9101  157000 133060 21900 0
 7434.4745  155180 131520 21680 0
 7435.0507  155720 132080 21760 0
 7435.627   156480 132780 21880 0
 7436.1917  156120 132540 21860 0
 7436.7564  155380 131960 21740 0
 7437.3213  155860 132420 21840 20
 7437.898   153800 130720 21600 0
 7438.4747  154280 131200 21660 0
 7439.0399  154280 131280 21700 0
 7439.605   152720 130020 21480 0
 7440.1703  150200 127900 21160 0
 7440.7475  151440 128940 21360 0
 7441.3247  152280 129760 21480 0
 7441.8903  152500 130000 21560 20
 7442.4559  152900 130380 21620 0
 7443.0217  153180 130720 21700 0
 7443.5993  153420 130980 21740 0
 7444.177   153440 131080 21740 0
 7444.743   152620 130420 21680 0
 7445.3209  152460 130340 21660 0
 7445.8988  153240 131060 21800 0
 7446.4533  152520 130500 21700 0
 7447.0197  152180 130260 21680 0
 7447.5979  150900 129220 21520 20
 7448.1645  151180 129500 21580 0
 7448.7311  150260 128720 21460 0
 7449.3097  149580 128220 21380 0
 7449.8883  150400 129000 21540 0
 7450.4552  150020 128740 21500 0
 7451.0222  149340 128180 21400 0
 7451.5893  149120 128060 21400 0
 7452.1683  149200 128180 21440 20
 7452.7473  149380 128420 21480 0
 7453.3147  149180 128280 21440 0
 7453.8822  148780 128040 21420 0
 7454.4615  148060 127420 21340 0
 7455.041   147700 127200 21320 0
 7455.6087  147940 127440 21360 0
 7456.1765  148320 127820 21440 0
 7456.7444  146980 126720 21260 0
 7457.3242  147420 127180 21320 0
 7457.9041  147360 127140 21340 20
 7458.4723  147140 127020 21360 0
 7459.0406  146680 126680 21280 0
 7459.6208  147340 127280 21440 0
 7460.2011  146700 126820 21360 0
 7460.7696  146880 127000 21380 0
 7461.3382  146220 126480 21300 0
 7461.9069  146240 126580 21300 0
 7462.4758  146000 126440 21300 0
 7463.0565  145740 126260 21320 20
 7463.6373  145000 125640 21200 0
 7464.2064  144700 125440 21160 0
 7464.7875  144980 125760 21240 0
 7465.3567  145120 125940 21280 0
 7465.9261  144020 125040 21140 0
 7466.5074  143840 124900 21140 0
 7467.0769  144080 125180 21200 0
 7467.6465  143240 124500 21080 20
 7468.2281  142700 124080 21000 0
 7468.8098  142580 124020 21000 0
 7469.3797  143120 124560 21120 0
 7469.9497  143040 124540 21140 0
 7470.5198  143300 124820 21180 0
 7471.1018  143340 124920 21220 0
 7471.684   142580 124280 21120 20
 7472.2543  143120 124820 21200 0
 7472.8248  142300 124140 21100 0
 7473.3953  142060 124000 21100 0
 7473.9778  141640 123660 21060 0
 7474.5604  141740 123820 21060 0
 7475.1312  140980 123200 20980 0
 7475.7021  141380 123600 21060 0
 7476.2731  141660 123920 21120 20
 7476.8561  141180 123540 21060 0
 7477.4392  140160 122700 20960 0
 7478.0104  139740 122420 20920 0
 7478.5937  140020 122720 20980 0
 7479.1771  140100 122820 21020 0
 7479.7486  139520 122340 20920 0
 7480.3202  138800 121780 20840 0
 7480.892   139060 122100 20920 20
 7481.4638  139240 122300 20920 0
 7482.0357  139040 122160 20940 0
 7482.6196  138580 121780 20880 0
 7483.2036  137960 121320 20820 0
 7483.7758  137560 121020 20780 0
 7484.36    137480 121000 20780 0
 7484.9443  137660 121200 20800 20
 7485.5167  138140 121700 20940 0
 7486.0893  137980 121620 20900 0
 7486.6738  136960 120740 20800 0
 7487.2466  136680 120540 20760 0
 7487.8194  136760 120680 20800 0
 7488.4043  136500 120460 20740 0
 7488.9773  136320 120380 20760 0
 7489.5504  136840 120880 20820 20
 7490.1235  136220 120380 20780 0
 7490.7088  135940 120200 20760 0
 7491.2941  135960 120280 20780 0
 7491.8676  135240 119660 20660 0
 7492.4531  133800 118380 20480 0
 7493.0387  134380 119020 20580 0
 7493.6124  133940 118680 20540 0
 7494.1862  133920 118660 20580 20
 7494.7602  134040 118820 20600 0
 7495.3461  133600 118520 20560 0
 7495.9322  133820 118760 20620 0
 7496.5064  134040 119000 20660 0
 7497.0927  132920 118060 20500 0
 7497.6671  133000 118160 20520 0
 7498.2296  133420 118580 20600 0
 7498.8161  132560 117860 20460 20
 7499.4027  132640 117920 20500 0
 7499.9775  132320 117740 20480 0
 7500.5523  131260 116840 20360 0
 7501.1393  130220 115960 20220 0
 7501.7263  131420 117100 20420 0
 7502.3014  131620 117320 20460 20
 7502.8766  131460 117220 20440 0
 7503.4639  131020 116900 20380 0
 7504.0393  129720 115740 20220 0
 7504.6148  130240 116260 20300 0
 7505.2024  130460 116520 20380 0
 7505.79    130700 116760 20420 0
 7506.3658  130640 116780 20440 20
 7506.9417  130200 116400 20380 0
 7507.5296  129940 116240 20340 0
 7508.1057  129780 116120 20340 0
 7508.6818  129660 116060 20360 0
 7509.27    129160 115700 20320 0
 7509.8584  128260 114940 20180 20
 7510.4348  128100 114840 20160 0
 7511.0113  128040 114840 20140 0
 7511.5879  128480 115300 20280 0
 7512.1646  128720 115540 20320 0
 7512.7534  128120 115080 20240 0
 7513.3423  126820 113920 20060 0
 7513.9193  127160 114260 20120 20
 7514.5084  127500 114620 20200 0
 7515.0975  126020 113320 19980 0
 7515.6748  126440 113740 20060 0
 7516.2521  126660 114040 20140 0
 7516.8296  127160 114500 20200 0
 7517.4071  126220 113720 20100 0
 7517.9968  126160 113740 20100 20
 7518.5865  125200 112900 19940 0
 7519.1643  125820 113480 20080 0
 7519.7422  126060 113740 20120 0
 7520.3322  125360 113180 20060 0
 7520.9103  124420 112340 19880 0
 7521.5006  124280 112300 19880 20
 7522.0909  124280 112320 19900 0
 7522.6572  123800 111940 19860 0
 7523.2357  123700 111900 19860 0
 7523.8263  123100 111400 19780 0
 7524.417   122340 110760 19660 0
 7525.0078  122740 111160 19760 20
 7525.5866  122260 110800 19700 0
 7526.1655  122200 110760 19700 0
 7526.7566  121160 109880 19560 0
 7527.3357  120340 109160 19460 0
 7527.9149  119720 108660 19360 0
 7528.4942  120560 109460 19520 0
 7529.0857  120180 109180 19460 20
 7529.6772  119980 109020 19460 0
 7530.2568  119680 108760 19440 0
 7530.8485  119200 108420 19360 0
 7531.4283  118680 107980 19280 0
 7532.0082  118100 107500 19220 20
 7532.6002  118020 107480 19220 0
 7533.1802  118760 108220 19340 0
 7533.7725  118920 108400 19380 0
 7534.3527  117840 107420 19220 0
 7534.933   118380 108000 19320 0
 7535.5255  118160 107860 19340 20
 7536.1061  117440 107220 19220 0
 7536.6867  117440 107300 19240 0
 7537.2795  117140 107060 19200 0
 7537.8723  116880 106860 19160 0
 7538.4532  116240 106340 19060 0
 7539.0342  116720 106840 19180 20
 7539.6153  115400 105620 18980 0
 7540.2086  114620 104960 18880 0
 7540.8019  114940 105300 18940 0
 7541.3833  114540 104960 18900 0
 7541.9647  114640 105120 18920 20
 7542.5463  114760 105300 18980 0
 7543.14    114240 104820 18900 0
 7543.7339  113540 104240 18780 0
 7544.3157  113980 104700 18900 0
 7544.8976  113100 103920 18760 0
 7545.4918  111700 102700 18540 20
 7546.086   111920 102960 18600 0
 7546.6682  112540 103560 18720 0
 7547.2505  111700 102820 18600 0
 7547.845   111720 102900 18600 0
 7548.4396  111580 102780 18600 20
 7549.0222  111740 103000 18640 0
 7549.6049  111540 102880 18620 0
 7550.1876  111280 102660 18600 0
 7550.7705  110840 102320 18560 0
 7551.3656  110540 102060 18520 20
 7551.9608  110820 102400 18600 0
 7552.5439  110600 102200 18540 0
 7553.1271  109820 101540 18420 0
 7553.7226  109760 101500 18440 0
 7554.3182  109840 101640 18480 0
 7554.9017  108820 100720 18300 20
 7555.4853  108400 100380 18260 0
 7556.0812  107920 99980 18180 0
 7556.665   108040 100120 18240 0
 7557.2367  107740 99900 18220 0
 7557.8329  108040 100200 18240 20
 7558.4291  107880 100120 18240 0
 7559.0133  107640 99940 18240 0
 7559.6098  106680 99080 18100 0
 7560.2063  106380 98840 18060 0
 7560.7908  106760 99200 18120 20
 7561.3753  106340 98900 18080 0
 7561.96    106020 98620 18020 0
 7562.5447  106120 98800 18060 0
 7563.1417  105400 98120 17960 0
 7563.7388  105440 98220 18000 0
 7564.3239  105440 98260 18020 20
 7564.9212  104800 97660 17900 0
 7565.5186  104480 97440 17880 0
 7566.1039  104660 97660 17920 0
 7566.6893  104560 97580 17880 0
 7567.2748  103800 96940 17800 20
 7567.8604  103780 96920 17800 0
 7568.4583  102280 95560 17580 0
 7569.0563  102280 95600 17580 0
 7569.6422  103540 96880 17820 0
 7570.2404  102880 96260 17720 0
 7570.8264  102560 95980 17660 20
 7571.4126  101960 95480 17600 0
 7572.0111  101520 95120 17540 0
 7572.5974  101920 95520 17620 0
 7573.1839  101360 95060 17560 0
 7573.7826  100400 94160 17400 20
 7574.3815  100220 94060 17380 0
 7574.9682  99500 93400 17280 0
 7575.5551  99480 93440 17300 0
 7576.142   99640 93620 17340 0
 7576.7412  99160 93220 17260 0
 7577.3406  98160 92280 17100 20
 7577.9278  98920 93060 17240 0
 7578.5151  99440 93600 17360 0
 7579.1025  98660 92900 17220 0
 7579.7022  98320 92620 17200 0
 7580.3021  98820 93140 17300 20
 7580.8898  98140 92540 17200 0
 7581.4775  98060 92480 17180 0
 7582.0777  98360 92820 17260 0
 7582.6779  97900 92400 17200 0
 7583.266   97020 91600 17020 0
 7583.8541  96460 91160 16980 20
 7584.4424  96480 91200 16980 0
 7585.043   96900 91640 17080 0
 7585.6437  96580 91360 17040 0
 7586.2322  96400 91220 17020 0
 7586.8209  95720 90600 16920 20
 7587.4096  95580 90520 16920 0
 7588.0107  95060 90040 16840 0
 7588.6119  94540 89600 16760 0
 7589.2009  94480 89560 16760 0
 7589.8023  94500 89620 16760 20
 7590.4038  94240 89420 16740 0
 7590.9931  94260 89500 16760 0
 7591.5825  93740 89020 16680 0
 7592.172   93060 88440 16580 0
 7592.7616  93280 88680 16640 20
 7593.3513  92980 88420 16600 0
 7593.9411  91680 87240 16380 0
 7594.5433  89000 84720 15920 0
 7595.1456  84300 80240 15100 0
 7595.7479  85860 81820 15380 20
 7596.3381  90560 86300 16220 0
 7596.9284  91800 87540 16480 0
 7597.531   92420 88120 16580 0
 7598.1215  91740 87560 16500 0
 7598.712   91580 87400 16500 20
 7599.315   91100 87000 16420 0
 7599.9181  90960 86900 16380 0
 7600.5089  90580 86580 16360 0
 7601.0998  89940 86020 16240 0
 7601.7032  89740 85840 16240 20
 7602.3066  89880 86020 16260 0
 7602.8979  89740 85920 16260 0
 7603.4892  88800 85060 16100 0
 7604.0806  88600 84920 16060 20
 7604.6844  88880 85200 16140 0
 7605.2884  88960 85300 16160 0
 7605.8801  88800 85220 16140 0
 7606.4719  88580 85000 16120 0
 7607.0638  88640 85140 16160 20
 7607.6558  88320 84820 16100 0
 7608.2602  87480 84060 15980 0
 7608.8648  87220 83880 15920 0
 7609.457   86700 83380 15880 0
 7610.0494  86600 83320 15840 20
 7610.6542  86980 83720 15920 0
 7611.2468  86280 83080 15840 0
 7611.8395  86600 83440 15900 0
 7612.4446  86320 83180 15860 0
 7613.0498  86420 83340 15880 20
 7613.6551  85800 82780 15780 0
 7614.2482  85500 82500 15740 0
 7614.8414  85480 82540 15760 0
 7615.4346  85240 82340 15720 20
 7616.0279  85060 82160 15720 0
 7616.6338  84680 81860 15660 0
 7617.2397  84260 81480 15620 0
 7617.8333  84140 81400 15580 0
 7618.427   84160 81460 15600 0
 7619.0332  83480 80820 15480 20
 7619.6395  83360 80760 15480 0
 7620.2336  83700 81120 15560 0
 7620.8277  83140 80580 15440 0
 7621.4219  83300 80800 15500 20
 7622.0162  83320 80840 15520 0
 7622.623   82700 80260 15420 0
 7623.2299  82120 79740 15340 0
 7623.8245  81820 79480 15260 0
 7624.4192  81860 79580 15320 20
 7625.0264  81180 78920 15200 0
 7625.6337  80660 78440 15100 0
 7626.2287  80960 78740 15160 0
 7626.8362  81040 78880 15200 20
 7627.4438  81220 79100 15260 0
 7628.0391  80460 78400 15120 0
 7628.6344  79760 77720 15000 0
 7629.2299  80060 78060 15080 0
 7629.8255  79780 77840 15040 20
 7630.4336  79080 77140 14900 0
 7631.0418  79440 77560 14980 0
 7631.6376  79480 77620 15000 0
 7632.2336  79140 77320 14960 0
 7632.8297  79060 77280 14960 20
 7633.4382  78860 77100 14920 0
 7634.0469  78400 76660 14840 0
 7634.6433  76500 74860 14520 0
 7635.2397  74260 72720 14100 20
 7635.8363  74780 73220 14220 0
 7636.4454  77360 75780 14700 0
 7637.0545  77900 76380 14820 0
 7637.6514  77340 75840 14720 20
 7638.2483  77180 75720 14720 0
 7638.8578  77420 75980 14780 0
 7639.4674  77340 75940 14760 0
 7640.0646  76900 75520 14700 0
 7640.6619  76900 75540 14700 20
 7641.2594  76220 74920 14600 0
 7641.8569  76000 74740 14580 0
 7642.4669  75720 74460 14520 0
 7643.0771  75520 74320 14500 20
 7643.6874  75640 74480 14520 0
 7644.2853  76040 74920 14620 0
 7644.8833  75880 74780 14600 0
 7645.4939  75520 74440 14560 0
 7646.0921  74740 73700 14400 20
 7646.6904  74740 73760 14440 0
 7647.2888  73740 72800 14240 0
 7647.8998  73840 72900 14260 0
 7648.5109  73440 72520 14200 20
 7649.1096  72800 71940 14100 0
 7649.7084  73300 72420 14200 0
 7650.3197  73340 72560 14220 0
 7650.9187  72620 71840 14100 20
 7651.5178  72920 72140 14180 0
 7652.1295  72620 71920 14120 0
 7652.7288  72480 71820 14100 0
 7653.3406  72080 71420 14020 20
 7653.9526  71960 71360 14040 0
 7654.5522  72000 71400 14040 0
 7655.1519  71720 71160 14000 0
 7655.7516  71160 70620 13920 0
 7656.364   70680 70220 13820 20
 7656.9765  71100 70640 13920 0
 7657.5766  70240 69800 13760 0
 7658.1767  70620 70220 13860 20
 7658.7895  71240 70880 14000 0
 7659.4024  70120 69780 13800 0
 7660.0029  69940 69640 13740 0
 7660.6034  70020 69740 13800 0
 7661.2166  69780 69520 13740 20
 7661.8299  69760 69500 13760 0
 7662.4307  69120 68920 13640 0
 7663.0317  68900 68740 13600 0
 7663.6327  68700 68580 13560 20
 7664.2339  68640 68520 13580 0
 7664.8477  68340 68260 13540 0
 7665.4616  68140 68100 13540 0
 7666.0505  68200 68160 13540 0
 7666.439   68140 68140 13520 20
 7666.5643  67960 67960 13500 0
 7666.6019  67780 67800 13460 0
 7666.5643  67560 67580 13420 0
 7666.4891  66320 66300 13160 20
 7666.464   65960 65980 13100 0
 7666.464   66780 66780 13260 0
 7666.464   67780 67800 13480 0
 7666.464   68120 68080 13520 0
 7666.464   68080 68100 13540 20
 7666.464   68160 68160 13520 0
 7666.464   68240 68260 13560 0
 7666.464   68040 68060 13520 0
 7666.464   68260 68300 13560 0
 7666.464   68300 68300 13580 20
 7666.464   68380 68420 13580 0
 7666.464   68340 68360 13580 0
 7666.464   68120 68120 13520 0
 7666.464   67320 67360 13400 0
 7666.464   67180 67220 13340 20
 7666.464   67960 67980 13500 0
 7666.464   68020 68020 13520 0
 7666.464   68080 68100 13520 0
 7666.464   68240 68240 13560 0
 7666.4766  68260 68300 13580 20
 7666.4766  67820 67820 13460 0
 7666.4515  66420 66420 13200 0
 7666.439   64980 65000 12900 0
 7666.4515  66020 66040 13140 20
 7666.464   67620 67620 13420 0
 7666.4515  68000 67980 13500 0
 7666.4515  68140 68160 13540 0
 7666.464   67860 67860 13460 0
 7666.4515  67760 67780 13480 20
 7666.4515  68000 68000 13500 0
 7666.464   68120 68140 13520 0
 7666.464   68560 68540 13620 0
 7666.464   68420 68400 13580 0
 7666.464   67880 67880 13500 20
 7666.464   68240 68260 13540 0
 7666.464   68200 68220 13540 0
 7666.464   68320 68340 13560 0
 7666.464   68260 68260 13560 20
 7666.464   68220 68200 13540 0
 7666.464   68460 68460 13580 0
 7666.464   68260 68280 13560 0
 7666.464   68200 68200 13540 0
 7666.464   68200 68200 13540 0
 7666.464   67780 67800 13460 20
 7666.464   67920 67920 13500 0
 7666.464   67520 67520 13400 0
 7666.464   68100 68120 13520 0
 7666.464   68120 68160 13540 0
 7666.464   68160 68180 13540 20
 7666.464   67800 67800 13480 0
 7666.464   67860 67860 13460 0
 7666.464   68140 68180 13540 0
 7666.464   67960 67980 13500 0
 7666.464   68180 68180 13540 20
 7666.464   67660 67680 13440 0
 7666.464   67700 67720 13460 0
