MRCAT_XAFS V0.3 Datafile
"uhup.101" created at APS Sector 10-ID on Wed Oct 25 16:33:28 2006
Ring energy= 7.00 GeV
E0= 17166.30
NUM_REGIONS= 1
SRB= 17000
SRSS= 0.5
SPP= 0.05
Settling time= 0


Offsets= 11929.00 11616.00 10594.00 13223.00 0.00 0.00 0.00 0.00 0.00 0.00 0.00 0.00 0.00 0.00 0.00 0.00 
Gains= 8.00 7.00 7.00 7.00 1.00 1.00 1.00 1.00 1.00 1.00 1.00 1.00 1.00 1.00 1.00 1.00
U HUP in transmission
 
 
------------------------------------------------------------------------------------------------
   energy     mcs3     mcs4     mcs5     mcs6 
 16999.964  112600 106000 8180 0
 16999.964  112920 106300 8180 0
 16999.964  113240 106600 8180 -20
 16999.964  113940 107280 8240 0
 16999.964  113980 107300 8240 -20
 16999.964  113600 106960 8220 0
 16999.964  113620 106980 8200 0
 16999.964  113440 106780 8220 -20
 16999.964  113960 107280 8240 0
 16999.964  113400 106780 8220 0
 16999.964  113840 107200 8220 -20
 16999.964  113820 107160 8220 0
 16999.964  113360 106720 8220 -20
 16999.964  99780 93920 7700 0
 16999.964  113740 107080 8300 0
 16999.964  114640 107960 8320 -20
 16999.964  114360 107640 8300 0
 16999.964  114740 108020 8320 0
 16999.964  114120 107420 8280 -20
 16999.964  114100 107440 8280 0
 16999.964  113860 107180 8240 -20
 16999.964  114060 107380 8260 0
 16999.964  114020 107320 8260 0
 16999.964  114220 107500 8300 -20
 16999.964  114120 107460 8300 0
 17000.344  114380 107700 8300 -20
 17001.168  114480 107760 8300 0
 17001.865  114420 107700 8280 0
 17002.372  114500 107840 8280 -20
 17002.879  114400 107720 8280 0
 17003.322  114960 108260 8320 0
 17003.829  114360 107720 8320 -20
 17004.337  114400 107760 8340 0
 17004.78   114460 107820 8360 0
 17005.224  114160 107520 8340 0
 17005.731  114600 108000 8380 -20
 17006.238  114780 108120 8400 0
 17006.682  114740 108120 8340 -20
 17007.189  115360 108720 8400 0
 17007.633  115620 109000 8380 -20
 17008.077  115740 109120 8400 0
 17008.584  115960 109280 8420 0
 17009.091  116180 109520 8440 -20
 17009.599  116360 109700 8420 0
 17010.106  116000 109360 8420 -20
 17010.55   116080 109460 8440 0
 17010.994  116260 109640 8440 0
 17011.502  116500 109880 8440 0
 17012.009  116500 109880 8460 -20
 17012.453  116140 109540 8440 0
 17012.897  115640 109080 8420 -20
 17013.405  116400 109800 8500 0
 17013.912  116360 109780 8480 -20
 17014.357  116460 109840 8480 0
 17014.801  116700 110140 8500 0
 17015.309  116920 110320 8520 -20
 17015.816  116840 110260 8520 0
 17016.261  117280 110680 8540 0
 17016.705  117320 110700 8540 0
 17017.213  117320 110760 8560 -20
 17017.721  117200 110640 8540 0
 17018.165  117300 110720 8560 -20
 17018.609  117300 110740 8560 0
 17019.117  117200 110620 8560 0
 17019.625  116660 110140 8560 -20
 17020.07   117100 110580 8560 0
 17020.514  117000 110460 8580 0
 17021.022  117120 110600 8600 -20
 17021.53   117100 110600 8600 0
 17021.975  117140 110620 8600 0
 17022.419  117660 111140 8600 -20
 17022.928  117820 111280 8620 0
 17023.436  117780 111300 8640 -20
 17023.88   117520 111020 8640 0
 17024.325  117200 110720 8660 -20
 17024.833  117360 110880 8660 0
 17025.278  117460 110980 8680 0
 17025.723  117560 111100 8700 -20
 17026.231  117620 111160 8660 0
 17026.74   117680 111240 8680 -20
 17027.185  117820 111340 8660 0
 17027.693  117560 111140 8660 0
 17028.201  117840 111380 8700 -20
 17028.646  117700 111240 8680 0
 17029.091  117980 111560 8700 0
 17029.536  117760 111320 8680 -20
 17030.045  116940 110560 8660 0
 17030.553  117460 111060 8700 -20
 17031.062  117620 111240 8720 0
 17031.507  117980 111560 8760 -20
 17031.952  118220 111820 8760 0
 17032.461  118500 112080 8760 0
 17032.906  118440 112040 8760 -20
 17033.351  118400 111960 8760 0
 17033.86   118380 112000 8760 -20
 17034.369  118420 112000 8760 0
 17034.878  118200 111820 8820 0
 17035.323  118660 112280 8820 -20
 17035.768  118800 112420 8800 0
 17036.277  118840 112440 8840 -20
 17036.786  118920 112560 8840 0
 17037.232  118960 112580 8840 0
 17037.677  119020 112640 8840 -20
 17038.123  118720 112360 8880 0
 17038.632  118700 112340 8860 0
 17039.141  118780 112420 8860 -20
 17039.586  118860 112520 8860 0
 17040.096  119060 112720 8900 -20
 17040.605  119340 112960 8880 0
 17041.05   119340 113000 8900 0
 17041.496  119680 113300 8880 -20
 17042.005  119620 113240 8900 0
 17042.515  119800 113420 8880 0
 17042.96   119820 113460 8900 -20
 17043.406  120200 113800 8940 0
 17043.915  120280 113900 8920 -20
 17044.425  120060 113700 8940 0
 17044.871  119900 113560 8940 0
 17045.316  120080 113680 8940 -20
 17045.826  120080 113720 8920 0
 17046.336  120480 114120 8940 -20
 17046.845  119940 113540 8940 0
 17047.291  120240 113880 8960 -20
 17047.737  120480 114060 8960 0
 17048.247  120240 113860 8980 0
 17048.756  120300 113960 8980 -20
 17049.202  120560 114160 8960 0
 17049.648  119920 113540 8920 0
 17050.158  120580 114180 8980 -20
 17050.604  120640 114240 8980 0
 17051.05   120220 113820 8980 -20
 17051.56   120180 113820 8980 0
 17052.006  119540 113220 8960 -20
 17052.453  120320 113960 9000 0
 17052.963  120580 114220 9040 -20
 17053.473  121000 114660 9040 0
 17053.919  120800 114460 9060 0
 17054.365  120680 114380 9040 -20
 17054.875  120880 114580 9080 0
 17055.385  121060 114740 9080 -20
 17055.895  120840 114520 9080 0
 17056.342  120920 114620 9100 0
 17056.788  121420 115100 9120 -20
 17057.298  121260 114940 9100 0
 17057.809  121580 115240 9100 -20
 17058.319  121600 115300 9100 0
 17058.765  120760 114500 9080 0
 17059.212  121360 115040 9100 -20
 17059.722  121140 114840 9100 0
 17060.233  120800 114560 9100 -20
 17060.679  121440 115140 9120 0
 17061.126  121260 115000 9120 0
 17061.637  121900 115620 9160 -20
 17062.147  122200 115900 9160 0
 17062.594  122260 115960 9160 -20
 17063.04   122380 116080 9180 0
 17063.551  122260 116000 9160 -20
 17063.998  122460 116180 9180 0
 17064.445  122520 116260 9180 0
 17064.955  122560 116320 9200 -20
 17065.466  122580 116300 9200 0
 17065.977  122640 116360 9220 -20
 17066.424  122680 116420 9220 0
 17066.871  122720 116460 9200 -20
 17067.382  122980 116740 9220 0
 17067.892  123100 116820 9220 -20
 17068.339  123320 117020 9220 0
 17068.786  123300 117060 9220 -20
 17069.297  122880 116640 9240 0
 17069.808  122720 116480 9220 -20
 17070.255  122080 115880 9220 0
 17070.703  122420 116220 9240 -20
 17071.214  123200 116960 9280 0
 17071.725  123060 116840 9260 -20
 17072.172  122980 116780 9260 0
 17072.619  123380 117160 9280 0
 17073.13   123620 117360 9300 -20
 17073.578  123560 117340 9280 0
 17074.025  123800 117540 9300 -20
 17074.536  123660 117420 9300 0
 17075.048  123580 117360 9320 0
 17075.495  123820 117600 9320 -20
 17075.942  123840 117600 9340 0
 17076.454  123520 117320 9320 -20
 17076.965  123960 117760 9320 0
 17077.477  123480 117280 9320 -20
 17077.924  124000 117780 9360 0
 17078.372  124380 118100 9360 0
 17078.883  124480 118220 9360 -20
 17079.331  124320 118080 9360 0
 17079.778  123640 117460 9340 -20
 17080.29   123640 117480 9320 0
 17080.802  123780 117580 9340 -20
 17081.313  123980 117820 9340 0
 17081.761  124100 117860 9340 -20
 17082.209  124900 118680 9360 0
 17082.721  125280 118980 9360 -20
 17083.168  124860 118600 9380 0
 17083.616  125080 118860 9380 -20
 17084.128  124380 118160 9360 0
 17084.576  124980 118720 9400 0
 17085.088  125180 118900 9420 -20
 17085.6    124860 118600 9400 0
 17086.048  125020 118740 9420 0
 17086.496  125000 118760 9460 -20
 17087.008  125160 118900 9460 -20
 17087.52   124260 118060 9420 0
 17087.968  125380 119140 9480 0
 17088.48   125600 119300 9460 -20
 17088.928  125080 118860 9440 0
 17089.376  124660 118440 9440 -20
 17089.888  125460 119200 9460 0
 17090.401  125400 119140 9460 -20
 17090.849  125860 119580 9480 0
 17091.297  125960 119680 9480 0
 17091.809  124740 118520 9440 -20
 17092.322  124940 118720 9480 0
 17092.77   125860 119540 9500 -20
 17093.282  124840 118640 9460 -20
 17093.795  123900 117720 9420 0
 17094.243  124200 118000 9420 0
 17094.756  124440 118280 9460 -20
 17095.204  124640 118420 9460 0
 17095.653  125520 119260 9520 -20
 17096.165  125600 119320 9500 0
 17096.614  126140 119840 9520 0
 17097.062  126040 119720 9540 -20
 17097.575  124920 118700 9500 0
 17098.087  124800 118560 9460 0
 17098.6    124840 118620 9460 -20
 17099.049  124400 118160 9460 -20
 17099.497  126380 120020 9540 0
 17100.01   126480 120120 9540 0
 17100.523  125220 118940 9480 0
 17100.972  125420 119120 9520 -20
 17101.421  126200 119840 9540 0
 17101.934  124900 118600 9500 -20
 17102.382  124040 117780 9460 0
 17102.831  125820 119460 9540 -20
 17103.344  126120 119760 9580 0
 17103.857  126140 119780 9560 -20
 17104.37   125500 119140 9560 0
 17104.819  124540 118260 9520 -20
 17105.268  126400 120000 9580 0
 17105.781  126420 120000 9580 -20
 17106.23   125900 119520 9560 0
 17106.679  126880 120460 9580 0
 17107.193  126600 120160 9580 -20
 17107.706  127160 120680 9600 0
 17108.219  128260 121700 9640 -20
 17108.668  127340 120820 9620 0
 17109.118  127900 121400 9620 -20
 17109.567  127720 121160 9640 0
 17110.08   128220 121640 9640 -20
 17110.594  128680 122080 9660 0
 17111.043  128740 122140 9660 -20
 17111.556  128300 121680 9680 0
 17112.006  128440 121780 9700 0
 17112.519  128120 121480 9660 -20
 17113.033  128120 121460 9680 0
 17113.482  128740 122060 9700 0
 17113.996  129100 122380 9700 -20
 17114.509  128500 121780 9680 -20
 17114.959  128860 122160 9660 0
 17115.408  128840 122040 9660 -20
 17115.922  128260 121520 9680 0
 17116.372  128560 121780 9700 -20
 17116.821  127960 121160 9680 0
 17117.335  127200 120440 9660 -20
 17117.785  126980 120200 9680 0
 17118.235  126500 119720 9640 -20
 17118.748  128040 121160 9720 0
 17119.262  129300 122340 9720 0
 17119.776  129220 122280 9740 -20
 17120.226  128820 121860 9760 0
 17120.676  128720 121720 9720 -20
 17121.19   127820 120820 9700 0
 17121.704  127300 120340 9700 0
 17122.218  129180 122080 9760 -20
 17122.668  129700 122540 9760 0
 17123.118  129320 122160 9780 -20
 17123.632  129180 122000 9760 0
 17124.082  129180 121960 9740 -20
 17124.532  129680 122380 9800 0
 17124.982  129880 122560 9800 -20
 17125.497  129840 122460 9780 0
 17126.011  130240 122860 9820 -20
 17126.461  130340 122860 9800 -20
 17126.975  130180 122700 9800 0
 17127.49   129940 122420 9800 0
 17128.004  129300 121780 9760 0
 17128.455  129160 121620 9780 -20
 17128.905  129340 121720 9760 0
 17129.355  130100 122400 9800 -20
 17129.87   129480 121760 9800 0
 17130.384  130780 122940 9840 -20
 17130.835  130740 122840 9820 0
 17131.349  129840 121920 9800 -20
 17131.864  129340 121380 9760 0
 17132.314  130260 122200 9820 -20
 17132.765  130700 122560 9840 0
 17133.28   130120 121940 9800 -20
 17133.73   130200 121960 9840 0
 17134.181  130840 122460 9840 -20
 17134.696  131160 122720 9840 -20
 17135.21   131160 122620 9880 0
 17135.661  130880 122280 9840 0
 17136.112  130600 121920 9860 -20
 17136.627  131160 122360 9880 0
 17137.142  131060 122180 9860 0
 17137.592  131060 122080 9880 -20
 17138.043  131320 122220 9880 0
 17138.558  130920 121780 9860 -20
 17139.073  130640 121360 9840 0
 17139.524  131000 121600 9840 -20
 17139.975  131020 121500 9860 -20
 17140.49   131700 121980 9880 0
 17140.941  132060 122200 9900 0
 17141.456  130840 120940 9860 -20
 17141.972  131380 121320 9860 0
 17142.423  131360 121140 9880 -20
 17142.938  130540 120180 9840 0
 17143.453  132000 121420 9900 -20
 17143.904  131580 120840 9880 0
 17144.356  131120 120220 9880 0
 17144.871  132220 121060 9900 -20
 17145.322  131620 120280 9900 -20
 17145.773  131780 120260 9900 0
 17146.289  131540 119800 9900 0
 17146.804  131240 119300 9880 -20
 17147.256  132740 120440 9920 0
 17147.707  132460 119880 9920 -20
 17148.223  132520 119760 9940 0
 17148.738  132620 119520 9940 -20
 17149.254  132520 119120 9960 0
 17149.705  131640 117980 9920 0
 17150.157  132440 118400 9940 -20
 17150.673  132820 118360 9940 0
 17151.188  131980 117180 9920 -20
 17151.64   130400 115360 9880 0
 17152.091  131600 115980 9900 -20
 17152.607  132600 116380 9920 0
 17153.123  132480 115800 9940 -20
 17153.575  132640 115400 9940 0
 17154.026  132380 114540 9940 -20
 17154.543  132300 113800 9920 0
 17154.994  132880 113620 9940 0
 17155.446  132300 112320 9940 -20
 17155.962  132820 111860 9940 0
 17156.414  133000 111040 9960 -20
 17156.865  132740 109820 9940 0
 17157.382  133220 109060 9960 -20
 17157.898  133100 107720 9960 0
 17158.414  132560 105940 9940 -20
 17158.931  131700 103800 9920 0
 17159.382  132720 103020 9960 -20
 17159.834  132420 101120 9940 0
 17160.351  132940 99620 9960 -20
 17160.867  133460 97920 9980 0
 17161.319  132820 95340 9960 0
 17161.771  132360 92760 9940 -20
 17162.288  132780 90700 9960 0
 17162.74   132680 88160 9960 -20
 17163.192  133060 85860 9960 0
 17163.708  133140 83260 9960 -20
 17164.225  132360 79920 9920 0
 17164.742  131680 76500 9920 0
 17165.258  133480 74240 9960 -20
 17165.711  131480 69660 9940 0
 17166.163  132300 66460 9940 0
 17166.68   133680 63320 9960 -20
 17167.132  133180 59100 9980 0
 17167.584  134000 55520 10000 0
 17168.101  134300 51620 10020 -20
 17168.553  134200 47900 10000 0
 17169.006  134240 44660 10000 0
 17169.523  133460 41580 9960 -20
 17170.04   133660 39180 9980 0
 17170.557  134060 37500 10000 0
 17171.009  133160 36080 9980 0
 17171.462  133160 35420 9980 0
 17171.979  133360 35240 9980 -20
 17172.496  133880 35640 10000 0
 17172.949  132840 35960 9960 0
 17173.401  133680 37000 9980 -20
 17173.919  132560 37740 9940 0
 17174.436  132720 38860 9940 0
 17174.889  134300 40560 9980 -20
 17175.341  133580 41540 9980 0
 17175.859  132720 42340 9940 0
 17176.311  132700 43320 9960 -20
 17176.764  132380 44120 9920 0
 17177.282  132700 45060 9920 0
 17177.799  132440 45660 9940 0
 17178.252  133940 46720 9960 -20
 17178.705  133800 47160 9980 0
 17179.222  134360 47720 9980 0
 17179.74   133620 47740 9980 0
 17180.193  133580 47960 9980 -20
 17180.646  135480 48780 10020 0
 17181.164  134360 48500 9960 -20
 17181.681  134580 48640 9980 0
 17182.199  135200 48920 10000 0
 17182.652  135280 48980 10000 -20
 17183.105  134600 48760 10000 0
 17183.623  134440 48740 9980 0
 17184.141  134520 48840 9980 -20
 17184.594  134800 48980 10000 0
 17185.047  135700 49420 10000 0
 17185.565  135720 49540 10000 0
 17186.083  135640 49660 10000 0
 17186.601  135280 49660 10000 -20
 17187.055  135480 49920 10000 0
 17187.508  135080 49960 9980 0
 17187.961  134180 49860 9960 -20
 17188.479  135120 50420 9980 0
 17188.998  135100 50700 9980 0
 17189.451  134220 50620 9960 0
 17189.969  133240 50500 9940 -20
 17190.423  131940 50300 9900 0
 17190.876  132960 50980 9940 0
 17191.395  134540 51860 9980 -20
 17191.913  135060 52340 10000 0
 17192.367  135380 52720 10000 0
 17192.82   135080 52820 9980 0
 17193.339  133060 52240 9920 -20
 17193.792  133980 52860 9940 0
 17194.246  133960 53020 9980 0
 17194.765  133060 52800 9920 -20
 17195.283  134700 53600 9960 0
 17195.802  135400 54020 10000 0
 17196.32   134560 53800 9940 -20
 17196.774  133780 53580 9920 0
 17197.228  135020 54160 9980 0
 17197.682  135020 54200 9980 -20
 17198.201  135020 54220 9960 0
 17198.719  135760 54540 9980 0
 17199.173  135220 54340 9980 -20
 17199.692  134540 54040 9940 0
 17200.146  135120 54280 9960 -20
 17200.6    134240 53880 9940 0
 17201.119  131360 52640 9880 0
 17201.638  132480 53020 9860 0
 17202.092  132940 53120 9880 -20
 17202.546  133360 53280 9900 0
 17203.065  135120 53880 9960 0
 17203.584  134980 53700 9940 -20
 17204.039  135100 53660 9960 0
 17204.493  135960 53920 9980 0
 17205.012  136040 53840 9980 0
 17205.531  134520 53160 9940 -20
 17206.05   133980 52880 9920 0
 17206.505  134820 53140 9920 -20
 17206.959  134660 53040 9920 0
 17207.478  135720 53440 9940 0
 17207.998  135980 53480 9920 0
 17208.452  135660 53400 9940 -20
 17208.907  136340 53660 9940 0
 17209.426  136440 53760 9940 -20
 17209.946  136440 53840 9960 0
 17210.4    136480 53900 9940 0
 17210.855  136680 54080 9940 0
 17211.374  136180 54020 9940 -20
 17211.829  136800 54400 9940 0
 17212.283  137020 54620 9960 -20
 17212.803  136640 54620 9920 0
 17213.323  136720 54860 9960 0
 17213.777  136500 54940 9920 -20
 17214.232  136560 55120 9960 0
 17214.752  136740 55380 9900 0
 17215.207  136640 55520 9900 -20
 17215.662  136740 55740 9920 0
 17216.181  135880 55560 9900 0
 17216.701  134280 55100 9860 -20
 17217.221  136540 56260 9900 0
 17217.741  136420 56340 9900 -20
 17218.196  137000 56760 9900 0
 17218.651  137300 57060 9920 0
 17219.171  137020 57120 9880 -20
 17219.691  137260 57380 9920 0
 17220.146  137060 57480 9900 0
 17220.601  136260 57260 9880 0
 17221.121  136420 57500 9880 -20
 17221.577  137180 57980 9880 0
 17222.032  136380 57800 9880 -20
 17222.552  135500 57560 9840 0
 17223.072  136100 57940 9880 0
 17223.592  135240 57700 9840 -20
 17224.048  135780 58040 9860 0
 17224.503  136520 58460 9860 0
 17224.958  135920 58340 9860 -20
 17225.479  136300 58600 9860 0
 17225.999  136700 58860 9880 -20
 17226.455  136960 59040 9860 0
 17226.975  136580 58980 9880 0
 17227.431  136440 58980 9860 -20
 17227.886  136340 58980 9820 0
 17228.407  136580 59160 9860 0
 17228.927  136860 59340 9880 -20
 17229.383  136740 59320 9860 0
 17229.838  136640 59320 9840 0
 17230.359  136440 59220 9820 -20
 17230.88   137020 59540 9840 0
 17231.335  137240 59620 9840 0
 17231.791  135960 59080 9780 -20
 17232.312  136220 59180 9820 0
 17232.833  137040 59520 9840 0
 17233.288  137080 59540 9820 -20
 17233.744  137280 59640 9820 0
 17234.265  136500 59280 9820 -20
 17234.721  136800 59380 9800 0
 17235.177  136520 59260 9800 0
 17235.698  136580 59240 9760 0
 17236.219  136880 59340 9800 -20
 17236.74   136940 59340 9780 0
 17237.261  137220 59440 9800 -20
 17237.717  136060 58880 9780 0
 17238.173  135580 58620 9760 0
 17238.694  136780 59120 9800 -20
 17239.216  136800 59100 9780 0
 17239.672  135660 58520 9740 -20
 17240.128  135500 58440 9720 0
 17240.649  133880 57700 9700 0
 17241.105  134800 58040 9740 -20
 17241.627  136140 58600 9740 0
 17242.148  133880 57560 9680 -20
 17242.604  133080 57180 9640 0
 17243.126  134540 57760 9700 0
 17243.582  134620 57720 9660 0
 17244.039  136460 58500 9700 -20
 17244.56   137780 59020 9740 -20
 17245.082  136980 58600 9720 0
 17245.538  137400 58720 9720 0
 17245.995  137260 58620 9720 -20
 17246.516  136360 58140 9680 0
 17247.038  136080 57960 9680 0
 17247.56   135940 57800 9660 0
 17248.016  135500 57560 9660 -20
 17248.473  135800 57660 9680 0
 17248.995  135520 57440 9660 0
 17249.451  135920 57540 9660 -20
 17249.908  135520 57300 9640 0
 17250.43   134640 56840 9640 -20
 17250.952  135420 57080 9640 0
 17251.409  135540 57040 9620 0
 17251.865  134820 56680 9600 0
 17252.387  136940 57480 9660 -20
 17252.844  136120 57080 9620 0
 17253.301  134880 56440 9600 -20
 17253.823  136920 57260 9640 0
 17254.28   136320 56900 9620 0
 17254.737  136980 57120 9620 -20
 17255.259  137500 57240 9640 0
 17255.781  137340 57060 9600 -20
 17256.304  137520 57060 9620 0
 17256.761  137040 56740 9600 -20
 17257.283  136140 56360 9600 0
 17257.805  135780 56080 9580 0
 17258.262  136960 56520 9580 0
 17258.72   137300 56580 9600 -20
 17259.177  136880 56340 9600 0
 17259.699  135780 55780 9540 0
 17260.222  135780 55700 9540 0
 17260.744  136020 55720 9560 -20
 17261.201  134780 55180 9500 0
 17261.659  134200 54860 9500 0
 17262.181  135140 55220 9480 -20
 17262.639  134940 55100 9480 0
 17263.161  134960 55080 9420 0
 17263.684  136400 55620 9440 -20
 17264.141  134040 54600 9320 0
 17264.664  131340 53460 9220 -20
 17265.122  133380 54300 9260 0
 17265.579  133160 54200 9260 0
 17266.102  133760 54440 9280 -20
 17266.625  133020 54100 9300 0
 17267.083  129300 52580 9240 -20
 17267.54   130580 53140 9340 0
 17268.063  131940 53680 9400 0
 17268.521  132800 54020 9380 -20
 17268.978  135680 55240 9460 0
 17269.502  137380 55940 9480 -20
 17270.025  137460 55960 9520 0
 17270.548  137080 55860 9500 0
 17271.006  137260 55920 9500 -20
 17271.463  137260 55940 9500 0
 17271.987  136420 55560 9460 0
 17272.444  135520 55240 9440 -20
 17272.902  136000 55420 9420 0
 17273.426  136080 55480 9440 0
 17273.949  136820 55800 9440 -20
 17274.472  136920 55880 9440 0
 17274.93   135820 55460 9400 -20
 17275.388  136140 55600 9400 0
 17275.912  134960 55100 9380 0
 17276.435  135180 55220 9360 -20
 17276.893  135260 55280 9380 0
 17277.352  132800 54260 9320 0
 17277.875  135140 55280 9360 -20
 17278.399  135400 55420 9360 0
 17278.857  135620 55500 9400 0
 17279.381  136420 55900 9380 -20
 17279.904  135800 55640 9340 0
 17280.363  136000 55780 9360 0
 17280.821  136320 55960 9340 -20
 17281.279  134920 55400 9340 0
 17281.803  136560 56120 9360 0
 17282.261  137140 56420 9360 -20
 17282.785  137260 56500 9360 0
 17283.309  136680 56320 9340 0
 17283.768  136720 56380 9340 0
 17284.292  136720 56460 9320 -20
 17284.75   136420 56360 9340 0
 17285.209  136900 56620 9320 -20
 17285.733  135780 56220 9300 0
 17286.257  136600 56620 9300 -20
 17286.716  136640 56680 9300 0
 17287.174  134740 55960 9260 0
 17287.698  136060 56580 9280 -20
 17288.223  135200 56260 9240 0
 17288.681  135840 56560 9260 -20
 17289.14   136720 57000 9260 0
 17289.664  136400 56920 9260 0
 17290.123  136300 56920 9260 -20
 17290.582  136720 57180 9260 0
 17291.106  135620 56760 9220 -20
 17291.631  133560 55940 9160 0
 17292.155  135720 56900 9200 -20
 17292.614  135980 57060 9200 0
 17293.073  135260 56820 9220 0
 17293.598  136200 57260 9200 -20
 17294.122  135920 57220 9200 0
 17294.581  134460 56620 9160 0
 17295.04   134020 56500 9140 -20
 17295.565  135060 57000 9160 0
 17296.09   135820 57380 9160 -20
 17296.549  135900 57460 9160 0
 17297.008  135920 57520 9180 0
 17297.533  134800 57100 9120 -20
 17298.058  136060 57680 9120 0
 17298.582  136480 57900 9160 -20
 17299.042  136080 57780 9140 0
 17299.501  136100 57860 9140 0
 17300.026  135960 57820 9120 -20
 17300.551  135800 57800 9120 -20
 17301.01   135960 57920 9120 0
 17301.47   135740 57880 9100 0
 17301.995  136140 58080 9120 -20
 17302.52   136200 58160 9080 0
 17302.979  135500 57880 9080 -20
 17303.439  134300 57400 9040 0
 17303.964  135540 57960 9060 -20
 17304.424  134240 57440 9020 0
 17304.883  134580 57620 9020 0
 17305.408  135520 58060 9040 -20
 17305.934  134640 57720 9020 0
 17306.459  134500 57680 9000 -20
 17306.919  135120 57940 9020 0
 17307.379  134800 57840 9020 0
 17307.904  135620 58240 9040 -20
 17308.364  135740 58280 9020 0
 17308.824  134960 57980 9020 -20
 17309.349  135520 58240 9020 0
 17309.809  135020 58040 8980 -20
 17310.269  135740 58380 9000 0
 17310.794  135480 58280 9000 0
 17311.32   135380 58240 8980 -20
 17311.78   135940 58480 9000 0
 17312.24   135140 58180 8980 -20
 17312.766  135300 58200 8960 0
 17313.291  135040 58140 8980 0
 17313.817  135680 58380 8960 -20
 17314.277  135460 58320 8960 0
 17314.737  134000 57680 8900 0
 17315.263  134820 58040 8920 -20
 17315.789  134480 57900 8900 0
 17316.249  134260 57780 8900 0
 17316.71   134320 57820 8900 -20
 17317.236  134120 57720 8880 0
 17317.762  134580 57900 8880 0
 17318.222  134560 57880 8900 -20
 17318.682  135100 58120 8900 0
 17319.208  135340 58220 8900 0
 17319.734  135060 58100 8880 -20
 17320.261  134320 57740 8860 0
 17320.721  134100 57640 8860 -20
 17321.182  134400 57760 8860 0
 17321.708  133540 57380 8840 -20
 17322.234  134500 57800 8860 0
 17322.695  135220 58080 8860 0
 17323.155  134960 57960 8840 -20
 17323.682  135380 58120 8840 0
 17324.142  135500 58180 8840 -20
 17324.603  135620 58200 8840 0
 17325.129  135120 57960 8820 0
 17325.656  135100 57960 8840 -20
 17326.182  135200 57980 8800 0
 17326.643  134860 57780 8820 0
 17327.104  134720 57760 8820 -20
 17327.63   134560 57640 8800 0
 17328.157  134100 57440 8800 0
 17328.618  134240 57500 8800 -20
 17329.079  134280 57500 8780 0
 17329.606  133660 57200 8760 -20
 17330.067  134200 57460 8760 0
 17330.593  134220 57440 8780 0
 17331.12   134340 57500 8740 0
 17331.581  133880 57320 8720 -20
 17332.042  134280 57460 8740 0
 17332.503  134040 57340 8760 0
 17333.03   133120 56940 8680 -20
 17333.557  133580 57140 8720 0
 17334.018  133540 57140 8720 -20
 17334.48   134240 57400 8720 0
 17335.007  134260 57440 8720 0
 17335.534  134240 57400 8720 0
 17336.061  132860 56820 8680 -20
 17336.522  133220 56960 8680 0
 17336.984  134060 57340 8700 0
 17337.511  133040 56900 8660 -20
 17337.972  132460 56640 8660 0
 17338.433  133280 57000 8640 0
 17338.961  133660 57160 8660 -20
 17339.488  133880 57240 8660 0
 17339.95   133780 57200 8620 0
 17340.411  133460 57060 8640 0
 17340.939  132960 56860 8640 -20
 17341.466  131900 56400 8580 0
 17341.994  129800 55500 8540 0
 17342.455  128500 54940 8460 -20
 17342.917  128100 54780 8460 0
 17343.444  128880 55120 8460 0
 17343.972  131300 56160 8560 -20
 17344.434  131260 56160 8540 0
 17344.895  132320 56600 8580 0
 17345.423  132700 56760 8580 -20
 17345.885  132900 56840 8600 0
 17346.347  132860 56820 8560 0
 17346.875  132460 56640 8580 -20
 17347.402  132800 56820 8560 0
 17347.93   132900 56860 8560 0
 17348.392  132980 56860 8540 -20
 17348.854  133260 57000 8520 0
 17349.382  133540 57120 8520 -20
 17349.844  133620 57140 8520 0
 17350.372  133700 57200 8520 0
 17350.9    133460 57060 8520 -20
 17351.362  133220 56980 8520 0
 17351.89   133000 56860 8520 0
 17352.352  132940 56860 8520 0
 17352.815  133300 56980 8500 -20
 17353.343  133140 56940 8520 0
 17353.871  132920 56840 8500 0
 17354.333  133380 57040 8480 -20
 17354.795  133060 56880 8500 0
 17355.324  132880 56820 8480 0
 17355.786  133480 57080 8460 -20
 17356.315  133420 57040 8500 0
 17356.843  133560 57100 8460 0
 17357.305  132920 56820 8460 -20
 17357.834  131560 56240 8400 0
 17358.362  132160 56480 8440 0
 17358.825  132560 56660 8440 -20
 17359.287  132160 56480 8420 0
 17359.816  132460 56620 8420 -20
 17360.278  132320 56560 8440 0
 17360.741  132180 56480 8460 0
 17361.27   132180 56520 8440 -20
 17361.798  131960 56400 8420 0
 17362.261  132160 56500 8420 -20
 17362.724  131240 56080 8380 0
 17363.253  131580 56220 8400 0
 17363.781  131900 56380 8360 0
 17364.244  131080 56020 8360 -20
 17364.707  130940 55960 8340 0
 17365.236  131400 56160 8380 0
 17365.765  131020 56000 8340 -20
 17366.228  131080 56040 8340 0
 17366.691  131140 56040 8340 -20
 17367.22   130860 55940 8320 0
 17367.683  130000 55600 8280 0
 17368.146  130180 55680 8300 -20
 17368.675  130360 55720 8320 0
 17369.204  130660 55860 8320 0
 17369.667  131020 56040 8320 -20
 17370.13   130700 55900 8300 0
 17370.659  131080 56020 8280 0
 17371.189  131260 56140 8320 -20
 17371.718  131260 56120 8300 0
 17372.247  131040 56020 8280 -20
 17372.711  131840 56360 8300 0
 17373.174  131020 56040 8300 0
 17373.703  130060 55640 8220 -20
 17374.167  130820 55980 8240 0
 17374.63   131100 56080 8240 0
 17375.159  131400 56240 8240 -20
 17375.689  131240 56140 8240 0
 17376.152  131480 56260 8260 0
 17376.616  130280 55740 8220 0
 17377.145  131000 56080 8260 -20
 17377.675  131020 56080 8240 0
 17378.205  130760 55980 8240 -20
 17378.668  131420 56260 8240 0
 17379.132  131640 56340 8260 0
 17379.662  131440 56260 8260 -20
 17380.125  131520 56300 8260 0
 17380.589  131880 56500 8240 -20
 17381.119  131760 56420 8240 0
 17381.649  131720 56440 8240 0
 17382.179  131620 56380 8200 -20
 17382.643  131660 56400 8200 0
 17383.106  131540 56340 8200 -20
 17383.57   131460 56340 8180 0
 17384.1    132020 56580 8200 -20
 17384.63   131880 56500 8200 0
 17385.094  131880 56520 8220 0
 17385.624  132040 56600 8180 0
 17386.088  132040 56600 8200 -20
 17386.552  131660 56420 8200 0
 17387.083  131820 56520 8180 0
 17387.613  131340 56320 8160 -20
 17388.143  131400 56320 8160 0
 17388.607  130880 56120 8160 0
 17389.071  130540 55980 8120 -20
 17389.602  131140 56240 8160 0
 17390.066  130960 56140 8160 -20
 17390.53   131000 56200 8140 0
 17391.061  131080 56220 8160 0
 17391.591  131340 56340 8140 -20
 17392.056  131500 56400 8160 0
 17392.52   131460 56400 8160 -20
 17393.05   131160 56260 8160 0
 17393.581  130500 56020 8120 0
 17394.045  130480 55940 8160 -20
 17394.51   130380 55920 8140 0
 17395.041  130500 56000 8140 -20
 17395.571  130420 55980 8120 0
 17396.036  130460 55960 8120 0
 17396.5    130060 55820 8120 -20
 17397.031  130240 55920 8120 0
 17397.562  130380 55960 8100 0
 17398.093  130400 55980 8100 -20
 17398.558  130240 55900 8080 0
 17399.022  130680 56120 8100 0
 17399.553  130460 56020 8100 -20
 17400.085  129940 55820 8040 0
 17400.549  130200 55960 8040 0
 17401.014  129900 55820 8040 0
 17401.545  130140 55940 8020 -20
 17402.076  130740 56160 8040 0
 17402.541  131020 56280 8060 0
 17403.006  129660 55720 7980 -20
 17403.537  130280 56000 8020 0
 17404.069  130360 56040 8000 0
 17404.534  129880 55840 7980 -20
 17404.998  129880 55860 8000 0
 17405.53   129960 55880 7980 0
 17405.995  129920 55860 8000 -20
 17406.46   130300 56020 8020 0
 17406.991  129840 55860 8000 0
 17407.523  129940 55900 7960 -20
 17408.054  130760 56220 8020 0
 17408.586  130100 55960 7980 0
 17409.051  130660 56200 8000 -20
 17409.516  130920 56300 8020 0
 17410.048  129900 55900 8000 0
 17410.513  130560 56200 7980 -20
 17410.979  130440 56140 7980 0
 17411.51   130080 56000 7980 0
 17412.042  130160 56020 7980 -20
 17412.574  130340 56140 7980 0
 17413.039  130160 56060 7980 0
 17413.505  129800 55920 7980 0
 17413.97   129920 55980 7980 0
 17414.436  129820 55960 7960 -20
 17414.968  130640 56280 7960 0
 17415.5    131140 56500 7980 -20
 17416.032  130940 56440 7960 0
 17416.497  131040 56480 7960 0
 17416.963  131180 56580 7940 -20
 17417.495  130620 56360 7960 0
 17417.961  130320 56240 7940 -20
 17418.426  131160 56600 7940 0
 17418.959  130760 56460 7940 0
 17419.491  130480 56340 7940 -20
 17420.023  130860 56520 7980 0
 17420.489  130240 56280 7940 0
 17420.955  130600 56420 7940 -20
 17421.487  130560 56420 7960 0
 17421.953  130520 56420 7940 -20
 17422.419  131060 56660 7960 0
 17422.951  130700 56540 7960 0
 17423.484  130900 56620 7940 -20
 17423.95   130820 56620 7960 0
 17424.416  130600 56540 7920 0
 17424.949  130800 56660 7920 -20
 17425.481  130720 56620 7920 0
 17425.947  130340 56460 7920 -20
 17426.413  130520 56560 7920 0
 17426.946  130680 56640 7920 -20
 17427.479  130960 56780 7900 0
 17427.945  130200 56460 7920 0
 17428.411  130200 56460 7920 0
 17428.944  129880 56340 7920 -20
 17429.477  130140 56480 7900 0
 17430.01   129880 56360 7900 0
 17430.476  129920 56440 7900 -20
 17430.943  129960 56460 7880 0
 17431.476  129920 56460 7900 0
 17432.009  129640 56380 7820 -20
 17432.475  130640 56780 7880 0
 17432.941  130800 56880 7860 0
 17433.475  130700 56880 7840 0
 17434.008  130060 56580 7860 -20
 17434.474  129960 56540 7860 0
 17434.941  129920 56580 7820 0
 17435.474  129460 56360 7820 0
 17436.007  129800 56540 7840 -20
 17436.474  129120 56240 7800 0
 17436.941  129720 56540 7840 0
 17437.474  129460 56400 7800 -20
 17438.007  128820 56160 7800 0
 17438.474  130320 56800 7860 0
 17438.941  130300 56780 7840 -20
 17439.475  130100 56700 7860 0
 17440.008  130140 56720 7880 -20
 17440.475  130260 56800 7860 0
 17440.942  130400 56840 7860 0
 17441.475  130540 56920 7880 -20
 17442.009  130560 56920 7860 0
 17442.476  131020 57160 7860 0
 17442.943  130640 57000 7860 -20
 17443.477  130700 57020 7860 0
 17444.011  130660 57020 7860 0
 17444.544  130680 57020 7860 -20
 17445.011  130840 57120 7860 0
 17445.479  131100 57220 7860 0
 17446.012  130920 57160 7840 -20
 17446.48   131180 57280 7840 0
 17446.947  130180 56860 7860 0
 17447.414  129720 56660 7840 0
 17447.948  129760 56660 7820 0
 17448.482  129540 56620 7800 -20
 17448.95   130020 56820 7800 0
 17449.484  129920 56800 7800 -20
 17449.951  129820 56740 7780 0
 17450.418  130340 56980 7820 0
 17450.953  130140 56900 7820 0
 17451.487  130380 57000 7840 -20
 17452.021  130700 57120 7820 0
 17452.489  129600 56660 7780 0
 17452.956  130060 56880 7820 0
 17453.49   130500 57080 7820 -20
 17454.025  130620 57120 7820 0
 17454.493  130420 57020 7840 0
 17454.96   130700 57160 7820 -20
 17455.495  130980 57300 7820 0
 17456.029  131300 57460 7800 0
 17456.564  131280 57440 7800 -20
 17457.031  131920 57720 7780 0
 17457.499  131740 57640 7780 -20
 17458.034  131300 57460 7800 0
 17458.502  131240 57460 7780 0
 17458.97   130880 57300 7780 -20
 17459.504  130760 57240 7780 0
 17460.039  130960 57340 7800 0
 17460.507  131260 57460 7780 -20
 17460.975  130240 57060 7780 0
 17461.51   130140 57020 7740 0
 17462.045  130160 57020 7740 -20
 17462.513  129220 56640 7720 0
 17462.981  129660 56800 7760 0
 17463.516  130160 57020 7780 -20
 17464.051  130520 57200 7820 0
 17464.586  129920 56920 7780 0
 17465.054  130420 57140 7780 0
 17465.522  130620 57240 7780 -20
 17466.057  130780 57320 7780 0
 17466.593  130560 57200 7760 0
 17467.061  129840 56920 7740 -20
 17467.529  130620 57240 7780 0
 17468.064  130980 57420 7800 -20
 17468.533  129720 56860 7780 0
 17469.001  129460 56800 7740 0
 17469.537  129660 56880 7760 0
 17470.072  129360 56760 7760 -20
 17470.54   129840 56980 7780 0
 17471.009  130380 57200 7800 0
 17471.544  130020 57060 7760 -20
 17472.013  130480 57260 7780 0
 17472.482  130120 57100 7760 0
 17473.084  130320 57180 7760 -20
 17473.62   130700 57360 7780 0
 17474.088  130320 57200 7780 -20
 17474.557  130460 57300 7780 0
 17475.026  130880 57440 7800 -20
 17475.561  131140 57560 7800 0
 17476.097  130860 57440 7780 -20
 17476.633  130660 57380 7780 0
 17477.102  130460 57320 7740 0
 17477.571  130440 57300 7760 0
 17478.107  130740 57460 7760 -20
 17478.642  130060 57180 7740 0
 17479.111  130460 57340 7740 0
 17479.58   130380 57300 7780 -20
 17480.116  130260 57260 7760 0
 17480.652  130420 57360 7740 0
 17481.122  130720 57480 7760 0
 17481.591  130940 57580 7780 -20
 17482.127  130760 57520 7760 0
 17482.596  130700 57500 7760 0
 17483.065  129440 56980 7700 -20
 17483.601  130120 57280 7740 0
 17484.137  130460 57400 7780 0
 17484.674  130680 57500 7760 -20
 17485.21   130000 57240 7740 0
 17485.679  129880 57180 7760 0
 17486.149  129180 56940 7700 -20
 17486.685  129780 57180 7740 0
 17487.154  130620 57480 7800 0
 17487.624  130320 57400 7780 0
 17488.16   130060 57300 7760 -20
 17488.697  130620 57540 7760 0
 17489.166  130920 57680 7760 0
 17489.636  131100 57760 7740 -20
 17490.173  131500 57960 7780 0
 17490.709  132180 58260 7760 0
 17491.179  131940 58160 7780 -20
 17491.648  131660 58060 7760 0
 17492.185  131800 58100 7780 0
 17492.722  131700 58080 7760 -20
 17493.259  131520 58040 7760 0
 17493.728  131280 57880 7780 0
 17494.198  131240 57880 7780 -20
 17494.668  130160 57420 7780 0
 17495.138  129900 57340 7720 0
 17495.675  129920 57360 7740 0
 17496.212  130180 57460 7740 -20
 17496.749  130120 57440 7760 0
 17497.219  130200 57480 7760 0
 17497.689  130140 57480 7760 -20
 17498.226  129980 57380 7740 0
 17498.696  130600 57660 7780 0
 17499.166  130380 57560 7740 -20
 17499.703  130580 57660 7760 0
 17500.24   131040 57860 7780 0
 17500.778  131200 57940 7780 -20
 17501.248  131000 57840 7780 0
 17501.718  130960 57840 7780 -20
 17502.255  129920 57380 7760 0
 17502.725  129380 57160 7780 0
 17503.196  129820 57340 7780 -20
 17503.733  130200 57520 7780 0
 17504.203  130220 57520 7780 0
 17504.741  130740 57760 7780 -20
 17505.279  130760 57780 7760 0
 17505.749  130960 57860 7760 0
 17506.219  131100 57920 7760 -20
 17506.757  131140 57980 7780 0
 17507.295  131260 58000 7740 0
 17507.765  130900 57860 7760 0
 17508.303  130760 57780 7760 -20
 17508.841  130320 57620 7740 0
 17509.311  129840 57380 7760 0
 17509.782  129180 57140 7740 -20
 17510.32   129460 57240 7760 0
 17510.858  128360 56780 7680 0
 17511.328  128960 57040 7740 -20
 17511.799  128960 57000 7740 0
 17512.337  129420 57220 7760 0
 17512.875  129780 57380 7740 -20
 17513.346  129600 57320 7760 0
 17513.817  129460 57260 7740 0
 17514.355  130260 57580 7760 -20
 17514.893  129340 57220 7740 0
 17515.364  129080 57080 7760 0
 17515.835  129380 57180 7780 0
 17516.373  129540 57280 7760 -20
 17516.844  129280 57180 7780 0
 17517.315  129140 57100 7760 0
 17517.853  129100 57080 7760 0
 17518.392  129220 57160 7760 -20
 17518.93   129320 57180 7760 0
 17519.401  129220 57160 7760 0
 17519.872  129420 57220 7740 -20
 17520.411  128880 57020 7740 0
 17520.949  128200 56740 7680 0
 17521.421  129480 57300 7740 -20
 17521.892  128880 57020 7740 0
 17522.431  128460 56880 7700 0
 17522.902  127640 56520 7680 -20
 17523.373  128120 56720 7720 0
 17523.912  128040 56680 7720 0
 17524.451  128960 57060 7760 -20
 17524.989  128720 56960 7760 0
 17525.461  128360 56840 7740 0
 17525.932  129040 57100 7760 0
 17526.471  129100 57120 7780 -20
 17527.01   128860 57040 7740 0
 17527.549  129200 57160 7780 0
 17528.021  129020 57100 7740 -20
 17528.492  128580 56920 7780 0
 17529.031  129300 57260 7760 0
 17529.503  129180 57200 7760 0
 17529.975  129320 57240 7780 -20
 17530.514  128640 56980 7740 0
 17531.053  128920 57140 7760 0
 17531.525  129560 57380 7760 0
 17531.996  129560 57400 7780 0
 17532.536  129920 57560 7720 -20
 17533.008  129600 57420 7760 0
 17533.547  129380 57340 7760 -20
 17534.086  128320 56900 7720 0
 17534.558  128760 57080 7740 0
 17535.098  128300 56880 7740 -20
 17535.57   128580 56980 7760 0
 17536.042  128140 56800 7780 0
 17536.581  127780 56660 7740 0
 17537.121  127880 56700 7760 -20
 17537.593  128280 56900 7800 0
 17538.065  128140 56840 7780 0
 17538.604  128200 56860 7760 -20
 17539.144  128020 56800 7760 0
 17539.616  128200 56900 7740 0
 17540.089  127980 56780 7780 0
 17540.628  127500 56580 7760 -20
 17541.168  127320 56540 7720 0
 17541.64   127440 56560 7760 0
 17542.18   127280 56520 7740 0
 17542.72   127300 56500 7760 -20
 17543.125  127380 56560 7760 0
 17543.665  126800 56300 7740 -20
 17544.205  125820 55880 7740 0
 17544.677  126020 55960 7800 0
 17545.217  126060 56000 7760 -20
 17545.758  125500 55740 7780 0
 17546.23   126040 55980 7760 0
 17546.703  126200 56080 7760 0
 17547.243  126320 56140 7780 -20
 17547.783  127300 56600 7780 0
 17548.256  127000 56460 7720 0
 17548.728  127340 56640 7740 0
 17549.269  127260 56600 7740 0
 17549.809  127220 56580 7760 -20
 17550.282  127060 56520 7720 0
 17550.755  126600 56320 7720 0
 17551.228  126140 56160 7680 -20
 17551.768  126080 56120 7660 0
 17552.308  125080 55700 7640 0
 17552.781  125800 56020 7700 -20
 17553.322  125540 55880 7680 0
 17553.862  125600 55940 7700 0
 17554.335  126080 56140 7720 0
 17554.808  126320 56240 7760 -20
 17555.349  126400 56320 7760 0
 17555.822  125980 56120 7760 0
 17556.295  126340 56280 7760 -20
 17556.836  126100 56180 7720 0
 17557.377  126100 56180 7740 -20
 17557.85   126540 56380 7760 0
 17558.323  125620 55980 7720 0
 17558.864  126000 56200 7740 0
 17559.405  126020 56200 7760 -20
 17559.878  125960 56160 7740 0
 17560.352  125420 55940 7700 0
 17560.893  125960 56180 7760 -20
 17561.434  125660 56060 7740 0
 17561.907  125460 55980 7760 0
 17562.381  125620 56060 7740 0
 17562.922  125840 56160 7760 -20
 17563.463  125560 56040 7720 0
 17563.937  125660 56100 7760 0
 17564.41   125400 56000 7740 -20
 17564.951  125700 56140 7760 0
 17565.493  125540 56060 7740 0
 17566.034  125380 56020 7740 0
 17566.508  125560 56080 7740 -20
 17566.981  125680 56160 7720 0
 17567.523  125600 56160 7720 0
 17567.996  125980 56300 7720 -20
 17568.47   125700 56200 7720 0
 17569.012  125980 56300 7740 -20
 17569.553  125900 56300 7700 0
 17570.027  125460 56100 7700 0
 17570.501  125300 56040 7720 -20
 17571.043  124880 55860 7700 0
 17571.584  124680 55780 7720 0
 17572.058  124640 55740 7720 -20
 17572.532  124460 55700 7740 0
 17573.074  124480 55700 7740 0
 17573.616  124540 55740 7740 -20
 17574.158  124380 55680 7740 0
 17574.632  124000 55500 7720 0
 17575.106  123880 55480 7740 0
 17575.58   123640 55360 7740 -20
 17576.122  123420 55260 7740 0
 17576.664  123680 55380 7760 0
 17577.138  123480 55320 7740 0
 17577.68   123220 55180 7740 -20
 17578.222  123280 55220 7720 0
 17578.697  123120 55140 7740 0
 17579.171  122420 54860 7720 -20
 17579.713  122040 54680 7700 0
 17580.188  122100 54700 7720 0
 17580.662  122120 54720 7700 -20
 17581.204  121740 54560 7720 0
 17581.747  122240 54800 7700 0
 17582.289  122180 54760 7720 0
 17582.764  121740 54600 7740 -20
 17583.238  121580 54520 7680 0
 17583.781  122000 54740 7720 0
 17584.323  122140 54780 7680 0
 17584.798  122480 54960 7700 -20
 17585.272  122340 54880 7720 0
 17585.815  122760 55120 7700 0
 17586.358  122160 54820 7700 0
 17586.832  122000 54760 7700 -20
 17587.307  122060 54780 7700 0
 17587.85   122380 54940 7720 0
 17588.392  122260 54900 7680 0
 17588.867  122280 54920 7680 -20
 17589.342  122220 54900 7680 0
 17589.885  122460 55000 7700 0
 17590.428  122100 54840 7680 -20
 17590.971  122020 54800 7700 0
 17591.446  121660 54680 7720 0
 17591.921  121660 54660 7680 0
 17592.396  121460 54580 7720 -20
 17592.871  120800 54260 7680 0
 17593.414  120820 54280 7680 0
 17593.957  120300 54060 7700 -20
 17594.5    120540 54200 7660 0
 17594.975  120800 54300 7660 0
 17595.451  120940 54400 7700 0
 17595.994  120740 54340 7680 0
 17596.537  120780 54320 7680 -20
 17597.012  120560 54240 7680 0
 17597.488  120340 54140 7680 0
 17598.031  120160 54100 7680 0
 17598.574  120120 54060 7680 -20
 17599.05   119880 53980 7680 0
 17599.525  119860 53960 7660 0
 17600.069  119200 53680 7660 0
 17600.544  119740 53940 7640 -20
 17601.02   119940 54000 7660 0
 17601.563  119960 54040 7680 -20
 17602.107  120300 54200 7640 0
 17602.583  120400 54280 7660 0
 17603.058  120000 54080 7660 0
 17603.602  120040 54100 7620 0
 17604.146  119640 53940 7620 -20
 17604.689  119560 53900 7660 0
 17605.165  119140 53720 7640 0
 17605.641  119420 53880 7660 -20
 17606.185  119460 53880 7640 0
 17606.729  119320 53840 7640 0
 17607.272  119080 53720 7640 0
 17607.748  119340 53860 7640 -20
 17608.224  118620 53520 7620 0
 17608.768  118560 53520 7620 0
 17609.244  118220 53380 7580 -20
 17609.788  118260 53420 7600 0
 17610.332  118100 53340 7640 -20
 17610.808  118060 53320 7620 0
 17611.353  118120 53360 7640 0
 17611.829  118260 53420 7600 0
 17612.305  118120 53360 7600 0
 17612.849  118040 53360 7600 -20
 17613.393  117580 53140 7640 0
 17613.87   116500 52660 7620 0
 17614.346  116780 52800 7640 0
 17614.89   116300 52580 7620 -20
 17615.367  116500 52680 7620 0
 17615.843  116160 52560 7600 -20
 17616.387  116640 52780 7600 0
 17616.932  116780 52820 7600 0
 17617.408  116940 52920 7580 -20
 17617.885  117100 53000 7600 0
 17618.429  117040 52960 7620 0
 17618.906  116860 52920 7580 -20
 17619.382  117140 53040 7580 0
 17619.927  117020 52960 7620 0
 17620.472  116560 52780 7600 0
 17621.016  116740 52860 7600 -20
 17621.493  117060 53060 7560 0
 17621.97   116700 52860 7560 -20
 17622.515  116660 52860 7580 0
 17622.991  116540 52800 7580 0
 17623.536  116220 52700 7560 0
 17624.081  116160 52640 7540 0
 17624.558  115660 52400 7540 0
 17625.103  116000 52600 7540 -20
 17625.58   115800 52520 7480 0
 17626.057  115540 52400 7520 0
 17626.602  116080 52640 7500 0
 17627.147  115720 52500 7520 -20
 17627.624  115900 52560 7540 0
 17628.101  115660 52460 7540 -20
 17628.646  115660 52460 7540 0
 17629.192  115840 52540 7560 0
 17629.669  115640 52480 7520 0
 17630.214  115620 52480 7560 -20
 17630.759  115060 52220 7540 0
 17631.236  114600 52020 7540 0
 17631.714  114720 52080 7540 0
 17632.191  114620 52020 7540 -20
 17632.736  114700 52080 7520 0
 17633.282  114240 51860 7540 0
 17633.827  114460 51960 7540 -20
 17634.305  114540 52000 7520 0
 17634.782  114720 52100 7540 -20
 17635.328  114520 52000 7520 0
 17635.873  114320 51960 7520 0
 17636.351  114300 51940 7500 0
 17636.828  114460 52020 7500 0
 17637.374  114880 52200 7500 -20
 17637.852  114580 52080 7500 0
 17638.329  114600 52100 7520 0
 17638.875  113800 51720 7500 -20
 17639.421  114040 51840 7520 0
 17639.899  113540 51620 7500 -20
 17640.445  113660 51680 7480 0
 17640.991  112960 51360 7500 0
 17641.4    112900 51340 7520 0
 17641.878  113080 51440 7460 -20
 17642.424  112940 51380 7480 0
 17642.97   112860 51320 7480 0
 17643.448  112840 51340 7500 -20
 17643.994  113020 51420 7460 0
 17644.54   112760 51300 7480 0
 17645.018  112960 51420 7480 -20
 17645.565  113460 51660 7440 0
 17646.111  112720 51280 7440 0
 17646.657  112500 51220 7460 -20
 17647.135  112680 51300 7440 0
 17647.613  112760 51360 7420 0
 17648.091  112620 51280 7440 -20
 17648.57   112880 51420 7440 20
 17649.116  112080 51060 7460 -20
 17649.663  111140 50620 7440 0
 17650.209  111100 50580 7460 -20
 17650.756  110960 50560 7440 0
 17651.234  111280 50700 7460 0
 17651.644  111260 50700 7440 -20
 17652.191  111100 50600 7440 0
 17652.737  111300 50720 7420 0
 17653.216  111760 50920 7460 -20
 17653.763  111520 50820 7460 0
 17654.241  112060 51100 7420 0
 17654.719  112080 51100 7420 0
 17655.266  112100 51100 7440 0
 17655.813  112480 51300 7380 -20
 17656.36   112200 51180 7380 0
 17656.839  111720 50960 7400 0
 17657.317  111680 50960 7400 -20
 17657.864  111340 50780 7400 0
 17658.343  111280 50760 7400 0
 17658.822  111140 50720 7400 0
 17659.369  110620 50460 7420 -20
 17659.916  110600 50440 7420 0
 17660.395  110460 50400 7440 0
 17660.874  110680 50520 7420 -20
 17661.421  110620 50480 7400 0
 17661.968  110440 50420 7420 0
 17662.447  110500 50440 7380 -20
 17662.926  110180 50300 7400 0
 17663.473  109540 50000 7380 0
 17664.021  110280 50380 7380 -20
 17664.5    110140 50300 7400 0
 17664.979  110000 50220 7380 0
 17665.526  110000 50240 7400 0
 17666.074  110280 50380 7380 -20
 17666.621  109620 50060 7380 0
 17667.101  110020 50280 7380 0
 17667.58   110260 50400 7380 -20
 17668.127  109980 50260 7400 0
 17668.675  109460 50000 7380 0
 17669.154  109680 50120 7380 -20
 17669.634  109640 50120 7380 0
 17670.182  108940 49780 7380 0
 17670.729  109480 50040 7360 0
 17671.209  109700 50140 7360 -20
 17671.688  110220 50400 7340 0
 17672.236  111200 50860 7300 0
 17672.784  110360 50480 7360 -20
 17673.263  110180 50400 7360 0
 17673.743  109580 50140 7340 0
 17674.291  109140 49920 7360 -20
 17674.771  108400 49580 7360 0
 17675.319  108220 49500 7360 0
 17675.867  108000 49420 7360 0
 17676.347  108140 49480 7340 -20
 17676.895  108860 49840 7300 0
 17677.374  108520 49680 7360 0
 17677.854  107960 49420 7340 0
 17678.403  107980 49460 7340 -20
 17678.951  108140 49520 7320 0
 17679.431  108220 49540 7320 0
 17679.911  107960 49480 7340 0
 17680.459  107440 49180 7340 -20
 17680.939  107480 49220 7360 0
 17681.419  107120 49060 7340 -20
 17681.967  107140 49080 7340 0
 17682.516  107160 49080 7340 0
 17682.996  106940 49020 7340 -20
 17683.476  107140 49080 7340 0
 17684.025  106400 48760 7340 0
 17684.505  106600 48860 7340 0
 17685.053  106200 48680 7340 0
 17685.671  106000 48600 7320 -20
 17686.151  106320 48740 7320 0
 17686.631  106900 49020 7320 0
 17687.18   106700 48940 7300 -20
 17687.66   106620 48900 7320 0
 17688.141  107020 49100 7320 0
 17688.69   106800 48980 7340 -20
 17689.239  107040 49120 7280 0
 17689.719  106580 48920 7320 0
 17690.199  106420 48840 7320 0
 17690.749  106680 48960 7300 0
 17691.229  106460 48880 7300 -20
 17691.778  106500 48880 7320 0
 17692.327  106940 49120 7260 0
 17692.808  106380 48840 7300 -20
 17693.357  105900 48600 7320 0
 17693.838  105640 48480 7300 -20
 17694.318  105620 48500 7320 0
 17694.868  106120 48740 7300 0
 17695.417  106060 48720 7300 0
 17695.898  105960 48680 7300 -20
 17696.379  105840 48640 7260 0
 17696.928  105620 48540 7280 0
 17697.478  105400 48440 7280 0
 17697.958  105760 48660 7280 0
 17698.439  105420 48480 7280 -20
 17698.989  105520 48520 7280 0
 17699.538  106440 48940 7260 -20
 17700.019  105740 48640 7300 0
 17700.569  105300 48420 7280 -20
 17701.119  105860 48700 7280 0
 17701.531  106000 48760 7240 0
 17702.012  105720 48640 7280 -20
 17702.562  105000 48320 7260 0
 17703.112  104700 48180 7280 0
 17703.662  104920 48260 7300 0
 17704.143  105280 48460 7280 -20
 17704.624  105700 48680 7240 0
 17705.174  105780 48720 7240 0
 17705.724  105700 48680 7240 -20
 17706.205  105280 48460 7240 0
 17706.687  105240 48460 7260 -20
 17707.237  106120 48900 7200 0
 17707.787  105300 48500 7240 0
 17708.337  105080 48440 7220 0
 17708.819  106060 48880 7180 0
 17709.3    105040 48400 7260 -20
 17709.85   104820 48320 7240 0
 17710.332  104400 48100 7280 0
 17710.813  103920 47860 7280 0
 17711.364  103600 47760 7300 -20
 17711.914  103760 47820 7280 0
 17712.465  103560 47720 7280 -20
 17712.946  103820 47880 7280 0
 17713.428  103980 47940 7280 -20
 17713.978  103860 47880 7280 0
 17714.46   104280 48100 7280 0
 17714.942  104080 48000 7280 0
 17715.493  103860 47900 7280 0
 17716.043  104160 48060 7260 0
 17716.525  103740 47860 7260 -20
 17717.007  103260 47620 7280 0
 17717.558  103620 47820 7240 0
 17718.109  103260 47660 7260 -20
 17718.591  102760 47440 7260 0
 17719.073  102620 47380 7260 -20
 17719.623  102480 47320 7260 0
 17720.105  103020 47560 7280 0
 17720.588  103020 47560 7260 0
 17721.139  102880 47540 7240 0
 17721.69   102740 47460 7260 0
 17722.241  102620 47420 7280 -20
 17722.792  102620 47420 7280 0
 17723.274  102340 47240 7280 0
 17723.756  102580 47400 7260 -20
 17724.307  102380 47340 7260 0
 17724.79   102520 47400 7280 -20
 17725.272  102020 47160 7260 20
 17725.823  101300 46840 7280 -20
 17726.375  101200 46800 7260 0
 17726.857  101300 46860 7260 0
 17727.339  101480 46940 7280 0
 17727.891  101500 46960 7260 -20
 17728.442  101940 47160 7260 0
 17728.994  101820 47100 7280 0
 17729.476  102120 47260 7280 0
 17729.959  102200 47320 7240 -20
 17730.51   102160 47300 7280 0
 17731.062  101920 47220 7240 -20
 17731.545  101860 47160 7260 0
 17732.027  101940 47220 7260 0
 17732.579  101780 47140 7260 0
 17733.131  101880 47200 7260 0
 17733.614  101340 46940 7240 0
 17734.096  101480 47040 7240 -20
 17734.648  101100 46860 7240 0
 17735.131  101040 46820 7260 0
 17735.614  101080 46860 7280 -20
 17736.166  101160 46900 7260 0
 17736.718  100900 46800 7240 0
 17737.27   100760 46740 7240 -20
 17737.753  101060 46860 7260 0
 17738.236  100980 46820 7240 0
 17738.788  101160 46960 7260 -20
 17739.271  101040 46880 7260 0
 17739.754  101060 46900 7260 0
 17740.306  100680 46700 7260 0
 17740.859  100680 46740 7260 0
 17741.342  100740 46760 7240 0
 17741.825  100820 46820 7240 -20
 17742.377  100500 46700 7260 0
 17742.93   100600 46720 7240 0
 17743.482  100500 46700 7260 -20
 17743.966  99900 46400 7260 0
 17744.449  99940 46440 7240 0
 17745.001  100580 46780 7200 0
 17745.485  100300 46640 7240 -20
 17745.968  99980 46500 7220 0
 17746.521  99440 46280 7240 0
 17747.073  99120 46080 7260 0
 17747.626  99240 46160 7260 -20
 17748.11   99540 46320 7240 0
 17748.593  99780 46440 7280 0
 17749.146  100160 46620 7260 -20
 17749.63   99820 46460 7280 0
 17750.113  99540 46340 7260 0
 17750.666  99780 46460 7260 0
 17751.219  99340 46260 7260 0
 17751.772  99820 46500 7240 -20
 17752.256  99640 46400 7200 0
 17752.74   99180 46220 7280 0
 17753.293  98800 46060 7240 0
 17753.846  98640 45980 7240 -20
 17754.33   98440 45880 7240 0
 17754.814  98100 45700 7240 0
 17755.367  98400 45880 7240 0
 17755.92   98000 45700 7260 -20
 17756.473  99160 46280 7240 0
 17756.957  99400 46380 7220 0
 17757.441  99120 46240 7220 -20
 17757.994  99900 46660 7220 0
 17758.479  99300 46360 7200 0
 17758.963  99000 46220 7240 0
 17759.516  99000 46240 7220 -20
 17760.07   98500 45980 7240 0
 17760.554  98640 46080 7220 0
 17761.038  98000 45760 7220 -20
 17761.592  97720 45680 7200 0
 17762.145  97340 45500 7240 0
 17762.699  97040 45340 7240 -20
 17763.183  97000 45320 7260 0
 17763.668  96960 45320 7240 0
 17764.221  97400 45540 7260 -20
 17764.706  97740 45700 7240 0
 17765.19   97760 45700 7240 0
 17765.744  98520 46100 7220 -20
 17766.298  98060 45860 7240 0
 17766.783  98460 46080 7240 0
 17767.267  98220 45980 7200 0
 17767.821  97540 45660 7240 0
 17768.375  97060 45440 7240 -20
 17768.86   96340 45100 7260 0
 17769.345  96400 45120 7280 0
 17769.899  96600 45220 7240 -20
 17770.383  96800 45340 7260 0
 17770.868  96380 45120 7260 0
 17771.422  96460 45180 7260 0
 17771.976  96720 45320 7240 -20
 17772.531  96500 45200 7260 0
 17773.085  96860 45400 7220 0
 17773.57   97080 45540 7200 -20
 17774.055  96820 45420 7200 0
 17774.609  97140 45580 7180 0
 17775.094  96860 45460 7180 -20
 17775.579  96200 45120 7220 0
 17776.134  95940 45020 7240 0
 17776.688  95760 44920 7240 0
 17777.173  95360 44740 7240 0
 17777.659  95260 44700 7260 -20
 17778.213  94920 44560 7260 0
 17778.768  94880 44540 7240 0
 17779.253  94840 44540 7260 0
 17779.738  95160 44700 7240 0
 17780.293  95320 44780 7240 -20
 17780.778  95480 44840 7240 0
 17781.264  95900 45060 7220 0
 17781.819  95740 45000 7240 -20
 17782.374  95880 45060 7200 0
 17782.859  95540 44920 7220 0
 17783.414  95420 44840 7220 -20
 17783.969  95540 44920 7220 0
 17784.454  95500 44920 7180 0
 17784.94   95160 44760 7180 0
 17785.495  95300 44840 7120 -20
 17786.05   95180 44780 7060 0
 17786.536  95060 44760 7040 0
 17787.091  95740 45080 6900 0
 17787.646  95360 44900 6860 0
 17788.132  95240 44860 6780 -20
 17788.618  94440 44500 6720 0
 17789.103  92840 43740 6700 0
 17789.659  90320 42560 6760 0
 17790.214  88320 41640 6780 -20
 17790.7    86640 40840 6820 0
 17791.255  85620 40320 6920 0
 17791.811  86460 40720 6940 0
 17792.297  88000 41440 7080 0
 17792.783  89440 42140 7120 -20
 17793.338  90860 42800 7160 0
 17793.824  91500 43100 7180 0
 17794.311  91920 43340 7200 0
 17794.866  91920 43340 7220 0
 17795.422  91980 43380 7220 -20
 17795.908  91700 43240 7220 0
 17796.394  91820 43320 7220 0
 17796.95   91760 43280 7220 0
 17797.506  91560 43200 7240 -20
 17797.992  91720 43260 7220 0
 17798.478  91760 43320 7240 0
 17799.034  92040 43440 7240 0
 17799.59   92000 43460 7220 -20
 17800.077  92280 43560 7220 0
 17800.563  91960 43440 7220 0
 17801.119  91760 43340 7240 0
 17801.606  91960 43420 7220 -20
 17802.162  91800 43360 7220 0
 17802.718  91160 43080 7220 0
 17803.204  90580 42800 7220 0
 17803.76   90560 42800 7240 -20
 17804.247  90880 42920 7220 0
 17804.734  90820 42940 7220 0
 17805.29   91120 43060 7200 0
 17805.846  91040 43060 7200 -20
 17806.333  91440 43280 7180 0
 17806.82   91180 43120 7180 0
 17807.376  91520 43320 7180 0
 17807.933  92400 43740 7080 -20
 17808.489  92180 43620 7140 0
 17808.976  91260 43200 7160 0
 17809.463  91260 43200 7140 0
 17810.02   90520 42840 7200 0
 17810.576  90180 42680 7220 -20
 17811.063  90340 42800 7200 0
 17811.55   90460 42840 7200 0
 17812.107  90540 42900 7180 0
 17812.664  90660 42940 7160 -20
 17813.151  90660 42960 7180 0
 17813.638  90280 42800 7160 0
 17814.195  90160 42760 7180 0
 17814.752  90340 42800 7180 -20
 17815.239  90080 42700 7200 0
 17815.726  90600 42960 7200 0
 17816.283  90540 42940 7160 0
 17816.771  90680 43000 7180 -20
 17817.258  90720 43060 7160 0
 17817.815  90540 42960 7200 0
 17818.303  90340 42880 7180 0
 17818.86   89920 42660 7180 0
 17819.417  89660 42560 7180 -20
 17819.904  89600 42560 7180 0
 17820.462  89640 42560 7180 0
 17820.949  89580 42540 7160 0
 17821.437  89620 42560 7160 0
 17821.994  89600 42560 7180 -20
 17822.551  89220 42400 7180 0
 17823.109  89760 42640 7140 0
 17823.597  89660 42600 7120 0
 17824.084  89240 42420 7160 0
 17824.642  88860 42240 7160 0
 17825.13   89360 42500 7160 -20
 17825.617  89720 42640 7160 0
 17826.175  89900 42760 7180 0
 17826.733  89940 42800 7160 -20
 17827.221  89760 42700 7160 0
 17827.778  90200 42920 7140 0
 17828.336  89220 42440 7120 -20
 17828.754  88980 42360 7160 0
 17829.312  89000 42360 7120 0
 17829.87   88800 42260 7140 0
 17830.358  88660 42180 7120 -20
 17830.916  88960 42360 7100 0
 17831.404  88400 42100 7100 0
 17831.892  88500 42160 7120 0
 17832.45   89020 42400 7060 -20
 17833.008  88640 42220 7100 0
 17833.566  88820 42300 7060 0
 17834.054  88280 42060 7060 0
 17834.543  88900 42380 7040 -20
 17835.101  88080 41980 7080 0
 17835.659  87620 41760 7080 0
 17836.148  87480 41700 7120 -20
 17836.636  87120 41540 7100 0
 17837.194  87200 41560 7060 0
 17837.753  87140 41540 7080 0
 17838.241  86200 41100 7100 -20
 17838.73   85920 40980 7100 0
 17839.288  85560 40820 7080 0
 17839.846  85840 40940 7080 0
 17840.335  85560 40800 7100 0
 17840.824  85500 40820 7100 -20
 17841.382  85680 40880 7060 0
 17841.871  86020 41060 7060 0
 17842.36   85900 41000 7080 -20
 17842.918  85940 41020 7040 0
 17843.477  86540 41320 7020 0
 17844.036  86200 41180 7040 0
 17844.525  86560 41340 6980 0
 17845.014  86420 41300 6940 -20
 17845.572  85540 40840 7000 0
 17846.131  85620 40900 7020 0
 17846.62   85480 40860 6980 0
 17847.109  85260 40760 6980 0
 17847.668  85300 40760 6960 -20
 17848.227  85240 40740 6920 0
 17848.786  84700 40480 6920 0
 17849.275  84200 40240 6880 0
 17849.764  83040 39700 6900 0
 17850.254  82020 39220 6900 0
 17850.743  81240 38840 6940 -20
 17851.302  80760 38640 6900 0
 17851.861  81340 38920 6920 0
 17852.351  82320 39400 6940 0
 17852.91   83040 39740 6980 -20
 17853.469  83460 39940 6960 0
 17853.959  84060 40240 6960 0
 17854.448  83700 40060 6980 0
 17854.937  83420 39920 6980 0
 17855.497  84080 40260 7000 0
 17856.056  84320 40400 6960 -20
 17856.616  83820 40120 7000 0
 17857.105  83640 40060 6980 0
 17857.595  84040 40240 6980 0
 17858.155  83420 39960 6980 0
 17858.714  83360 39940 6980 0
 17859.204  83640 40080 6960 -20
 17859.694  83440 39980 6960 0
 17860.253  83880 40180 6940 0
 17860.743  83480 40020 6940 0
 17861.233  83520 40040 6980 -20
 17861.793  83580 40040 6960 0
 17862.353  84080 40300 6960 0
 17862.842  83920 40260 6960 -20
 17863.332  83720 40140 6980 0
 17863.892  83460 40020 6940 0
 17864.452  83300 39960 6960 0
 17865.012  83160 39880 6960 0
 17865.502  82880 39780 6940 -20
 17865.992  82880 39760 6960 0
 17866.553  82720 39720 6940 0
 17867.113  82600 39640 6920 0
 17867.603  82380 39540 6960 0
 17868.093  82560 39620 6920 0
 17868.653  82700 39700 6900 -20
 17869.214  82420 39560 6920 0
 17869.704  82740 39720 6900 0
 17870.194  82960 39860 6860 0
 17870.755  82460 39600 6920 0
 17871.315  82040 39420 6900 -20
 17871.805  82080 39440 6900 0
 17872.296  81780 39300 6900 0
 17872.856  81540 39180 6880 -20
 17873.417  81780 39320 6860 0
 17873.907  81180 39000 6900 0
 17874.398  80500 38680 6900 0
 17874.959  79760 38320 6900 0
 17875.519  79680 38300 6900 0
 17876.01   79660 38300 6880 0
 17876.501  79900 38420 6880 0
 17877.061  80000 38460 6880 0
 17877.622  80120 38520 6900 -20
 17878.113  80440 38700 6860 0
 17878.604  80940 38940 6880 0
 17879.165  80720 38820 6860 0
 17879.725  81380 39180 6840 0
 17880.216  81160 39060 6840 -20
 17880.707  80920 38960 6860 0
 17881.268  80820 38900 6840 0
 17881.829  80580 38800 6860 0
 17882.39   80520 38760 6820 0
 17882.881  79820 38440 6840 0
 17883.372  79580 38320 6840 0
 17883.864  79820 38460 6820 -20
 17884.425  79760 38420 6840 0
 17884.986  79800 38440 6840 0
 17885.407  79960 38540 6820 0
 17885.968  80100 38620 6800 0
 17886.53   79740 38440 6820 0
 17887.021  79540 38340 6800 0
 17887.582  79340 38260 6820 -20
 17888.144  79020 38100 6840 0
 17888.635  78900 38040 6800 0
 17889.127  78720 37980 6820 0
 17889.688  79200 38200 6780 0
 17890.25   78780 38000 6780 -20
 17890.741  78840 38020 6800 0
 17891.233  78760 38000 6800 0
 17891.794  78340 37800 6780 0
 17892.356  78160 37720 6780 0
 17892.848  77840 37580 6800 -20
 17893.339  77780 37560 6780 0
 17893.901  77560 37440 6780 0
 17894.463  77640 37500 6780 0
 17895.025  77480 37400 6760 0
 17895.517  77780 37560 6740 0
 17896.008  77780 37580 6720 -20
 17896.57   77280 37320 6760 0
 17897.062  77360 37380 6760 0
 17897.554  77680 37540 6740 0
 17898.116  77420 37400 6740 0
 17898.678  76840 37120 6760 0
 17899.17   76960 37200 6740 0
 17899.662  77000 37240 6720 -20
 17900.224  76960 37200 6700 0
 17900.787  76520 37000 6720 0
 17901.279  76440 36960 6720 0
 17901.841  76820 37160 6700 0
 17902.403  76620 37060 6720 0
 17902.895  76380 36940 6720 0
 17903.458  76340 36960 6720 -20
 17903.95   76560 37040 6700 0
 17904.442  77100 37320 6700 0
 17905.005  76840 37180 6700 0
 17905.567  76760 37140 6700 0
 17906.13   76820 37180 6700 0
 17906.622  76640 37100 6680 0
 17907.115  76260 36920 6700 -20
 17907.607  76060 36840 6680 0
 17908.099  75700 36660 6680 0
 17908.662  75560 36620 6680 0
 17909.225  75260 36460 6680 0
 17909.717  75400 36540 6660 0
 17910.28   74980 36340 6660 0
 17910.843  75160 36420 6680 -20
 17911.336  75180 36440 6660 0
 17911.899  75020 36340 6620 0
 17912.462  74820 36280 6660 0
 17912.955  74760 36260 6640 0
 17913.447  75180 36460 6620 -20
 17913.94   75200 36480 6600 0
 17914.433  75500 36600 6580 0
 17914.996  75340 36560 6580 0
 17915.559  75000 36360 6580 0
 17916.122  74680 36240 6620 0
 17916.615  74440 36120 6640 0
 17917.108  73840 35840 6600 0
 17917.671  73700 35760 6600 0
 17918.235  73140 35520 6600 0
 17918.728  72920 35420 6620 -20
 17919.221  72780 35340 6620 0
 17919.784  73560 35740 6580 0
 17920.348  73460 35660 6580 0
 17920.841  73480 35720 6580 0
 17921.334  73520 35700 6580 0
 17921.898  73440 35700 6560 -20
 17922.391  73660 35780 6580 0
 17922.884  73480 35720 6560 0
 17923.448  73560 35760 6600 0
 17924.012  73480 35720 6580 0
 17924.505  73240 35620 6580 0
 17925.069  73100 35540 6580 0
 17925.632  72920 35480 6580 -20
 17926.126  73000 35480 6560 0
 17926.69   72840 35420 6560 0
 17927.183  73020 35540 6520 0
 17927.677  72600 35340 6560 0
 17928.241  72520 35300 6560 0
 17928.805  72320 35200 6560 0
 17929.298  72260 35180 6580 0
 17929.792  72200 35180 6560 0
 17930.356  72180 35120 6540 -20
 17930.85   72440 35280 6540 0
 17931.343  72340 35220 6540 0
 17931.908  72200 35160 6520 0
 17932.472  71900 35020 6540 0
 17933.036  72060 35120 6560 0
 17933.53   72280 35200 6520 0
 17934.024  72140 35140 6520 0
 17934.588  72240 35220 6520 0
 17935.082  72540 35380 6460 0
 17935.576  72160 35180 6480 0
 17936.141  71840 35020 6480 0
 17936.705  71560 34900 6500 0
 17937.27   71260 34740 6520 -20
 17937.764  71280 34760 6500 0
 17938.258  71180 34700 6500 0
 17938.823  71020 34640 6520 0
 17939.317  70980 34620 6500 0
 17939.811  71220 34780 6500 0
 17940.376  71520 34880 6500 -20
 17940.941  71680 35000 6480 0
 17941.505  71500 34900 6480 0
 17942.07   71400 34840 6460 0
 17942.565  71280 34820 6480 0
 17943.059  71080 34700 6440 0
 17943.553  70580 34480 6460 0
 17944.048  70500 34440 6440 0
 17944.613  70440 34420 6440 0
 17945.178  69900 34120 6460 0
 17945.743  70040 34220 6460 -20
 17946.237  69900 34140 6460 0
 17946.732  70100 34240 6460 0
 17947.297  69840 34160 6440 0
 17947.862  69740 34060 6440 0
 17948.357  69380 33900 6440 0
 17948.852  69260 33840 6460 0
 17949.417  69500 33960 6440 0
 17949.982  69560 34020 6440 -20
 17950.477  69420 33960 6400 0
 17950.972  68980 33700 6440 0
 17951.537  68780 33660 6420 0
 17952.103  68960 33720 6440 0
 17952.598  68640 33560 6420 0
 17953.093  67960 33240 6400 -20
 17953.658  67880 33220 6400 0
 17954.153  67500 33020 6380 0
 17954.719  67540 33060 6400 -20
 17955.285  67240 32900 6380 0
 17955.78   67280 32940 6380 0
 17956.275  67060 32840 6360 0
 17956.77   66600 32600 6380 0
 17957.336  66300 32440 6380 0
 17957.902  66840 32720 6380 0
 17958.468  67300 32960 6380 0
 17958.963  67420 33020 6380 0
 17959.458  67520 33080 6380 0
 17960.024  67600 33120 6400 0
 17960.59   67820 33220 6380 0
 17961.086  67720 33200 6380 0
 17961.581  67420 33060 6360 -20
 17962.147  67360 33020 6340 0
 17962.713  67240 32980 6340 0
 17963.209  67160 32940 6340 0
 17963.704  67180 32960 6360 0
 17964.27   67460 33100 6340 0
 17964.766  66800 32760 6360 0
 17965.262  66740 32740 6360 -20
 17965.828  66600 32700 6340 0
 17966.394  66560 32660 6360 0
 17966.961  66700 32740 6340 0
 17967.527  66420 32600 6360 0
 17968.094  66460 32620 6360 0
 17968.59   66100 32440 6380 -20
 17969.085  66540 32680 6340 0
 17969.652  66100 32460 6340 0
 17970.148  66100 32460 6340 0
 17970.644  66140 32500 6320 0
 17971.211  65940 32400 6340 -20
 17971.706  66220 32540 6320 0
 17972.202  65940 32400 6320 0
 17972.769  65780 32320 6360 0
 17973.336  66040 32460 6340 0
 17973.832  65600 32220 6340 0
 17974.399  65500 32200 6340 -20
 17974.966  65460 32180 6340 0
 17975.462  65460 32180 6340 0
 17976.029  65840 32380 6320 0
 17976.525  66040 32500 6300 0
 17977.022  66340 32620 6340 0
 17977.589  66260 32620 6340 0
 17978.156  66080 32520 6320 -20
 17978.652  66120 32580 6320 0
 17979.149  65460 32200 6320 0
 17979.716  65700 32340 6300 0
 17980.212  65240 32120 6300 0
 17980.709  64960 32000 6280 -20
 17981.276  65160 32080 6260 20
 17981.844  64880 31980 6240 -20
 17982.34   64580 31820 6280 0
 17982.837  64160 31600 6300 0
 17983.404  64360 31700 6300 0
 17983.972  64100 31600 6280 0
 17984.468  64440 31780 6260 0
 17985.036  64120 31580 6300 0
 17985.604  64000 31560 6280 0
 17986.1    64280 31700 6220 0
 17986.668  64220 31660 6260 0
 17987.165  64000 31580 6260 -20
 17987.662  63960 31560 6240 0
 17988.229  64180 31660 6240 0
 17988.797  64120 31660 6200 0
 17989.365  63160 31140 6240 0
 17989.862  62780 31000 6240 -20
 17990.359  62660 30920 6220 0
 17990.927  62440 30820 6260 0
 17991.424  62180 30680 6260 0
 17991.921  62300 30760 6260 0
 17992.489  62180 30700 6260 0
 17992.986  62820 31020 6260 0
 17993.483  62560 30900 6260 0
 17994.052  62900 31060 6260 -20
 17994.62   62660 30960 6220 0
 17995.188  62260 30740 6240 0
 17995.685  62460 30880 6200 0
 17996.183  62440 30840 6240 0
 17996.751  62300 30800 6240 0
 17997.319  62120 30700 6220 0
 17997.817  62000 30680 6220 0
