MRCAT_XAFS V0.3 Datafile
"uhup.003" created at APS Sector 10-ID on Wed Jun  6 22:09:49 2001
Ring energy= 7.00 GeV
E0= 17166.00
NUM_REGIONS= 1
SRB= 17000
SRSS= 0.66666667
SPP= 0.2
Settling time= 0


Offsets= 0.00 11537.89 12002.11 0.33 10539.22 0.00 0.00 0.00 0.00 0.00 0.00 0.00 0.00 0.00 0.00 0.00 
Gains= 9.00 7.00 7.00 8.00 7.00 1.00 1.00 1.00 1.00 1.00 1.00 1.00 1.00 1.00 1.00 1.00
U XANES
U HUP powder sample in graphite
 
------------------------------------------------------------------------------------------------
   energy joerger_timer       Io       It       If     Iref 
 17001.673  15466620 99060 36990 0 171530
 17002.687  15469185 102350 38210 0 172795
 17003.701  15467815 104040 38840 0 173385
 17004.842  15468280 99430 37135 0 169555
 17005.856  15468655 97240 36330 0 167655
 17006.87   15467730 102005 38110 0 169320
 17007.885  20624635 122580 45820 0 216410
 17008.899  15467630 99685 37235 0 170005
 17010.041  15468600 96545 36085 0 166405
 17010.929  15468255 98725 36910 0 170565
 17011.182  15468680 96405 36035 0 169075
 17014.101  15468600 103320 38615 0 172805
 17014.482  15467570 95580 35745 0 166655
 17015.497  15468655 93855 35130 0 166425
 17016.132  15469075 97520 36465 0 170335
 17017.401  20622865 121045 45325 0 213710
 17018.544  15468040 92880 34710 0 162110
 17019.687  15470880 86835 32530 0 157475
 17020.703  15465820 89875 33630 0 160790
 17021.592  15468350 97710 36580 0 167030
 17022.735  15468025 93415 34950 0 163020
 17023.878  15468560 103390 38685 0 171880
 17024.895  15468040 101950 38175 0 172205
 17025.912  15468635 87505 32800 0 157660
 17027.055  15468610 90405 33840 0 162485
 17028.072  20623730 121945 45690 0 217270
 17029.089  15468520 97405 36470 0 167715
 17030.106  15468730 92590 34700 0 162800
 17031.251  15467470 94095 35265 0 163595
 17032.268  15467710 98380 36850 0 167135
 17033.286  15469170 97185 36440 0 169280
 17034.431  15467880 90480 33915 0 163030
 17035.576  15468325 93780 35160 0 163980
 17036.593  15467435 78885 29605 0 144415
 17037.611  15468930 88370 33140 0 155415
 17038.63   20624050 116300 43615 0 205585
 17039.775  15468320 90500 33950 0 154420
 17040.794  15468640 94495 35425 0 154580
 17041.812  15467935 98850 37090 0 156380
 17042.958  15468365 97310 36495 0 154120
 17043.977  15470345 100365 37650 0 152135
 17044.996  15466130 85540 32125 0 138790
 17046.142  15467905 94590 35480 0 146065
 17047.161  15469285 100920 37865 0 148025
 17048.181  15467250 95415 35810 0 142270
 17049.2    20624265 129600 48645 0 189080
 17050.347  15469010 94175 35335 0 137385
 17051.367  15467590 99340 37275 0 140045
 17052.514  15468595 96670 36270 0 137200
 17053.534  15467760 94880 35620 0 134510
 17054.554  15469615 100610 37750 0 139055
 17055.702  15467120 96640 36280 0 136300
 17056.595  15468525 97230 36505 0 135765
 17057.743  15467610 99670 37390 0 137725
 17058.763  20624505 121225 45530 0 177780
 17059.784  15468790 88555 33265 0 130565
 17060.932  15467270 95220 35735 0 134735
 17061.953  15469030 96170 36135 0 136385
 17063.102  15467495 90715 34095 0 130995
 17064.123  15469320 96075 36090 0 136885
 17065.145  15468170 83275 31315 0 123635
 17066.294  15467850 91720 34450 0 132845
 17067.315  15467910 87825 33010 0 129875
 17068.337  15469540 94985 35690 0 134975
 17069.359  20623610 121210 45580 0 176455
 17070.509  15467770 89845 33780 0 132415
 17071.659  15468660 96500 36270 0 136685
 17072.553  15467905 96710 36360 0 138015
 17073.703  15468480 93470 35160 0 135480
 17074.598  15467635 100500 37760 0 140940
 17075.62   15468865 99135 37280 0 140860
 17076.899  15467835 82035 30895 0 123335
 17077.922  15469255 85455 32140 0 128945
 17079.073  15468875 84125 31665 0 129470
 17079.968  20622250 123905 46615 0 183730
 17081.119  15469730 101610 38205 0 142895
 17082.27   15469410 90325 34000 0 134840
 17083.294  15466750 90535 34070 0 135500
 17084.318  15467380 90115 33925 0 134440
 17085.469  15470595 90250 33960 0 134140
 17086.493  15466150 92195 34685 0 134810
 17087.389  15469560 87045 32770 0 131430
 17088.669  15466565 95600 35960 0 141210
 17089.694  20624690 125800 47335 0 187200
 17090.718  15468940 91120 34300 0 138005
 17091.871  15467180 92855 34945 0 139280
 17092.896  15469540 90015 33895 0 134115
 17093.92   15467085 95165 35800 0 138370
 17094.945  15469170 87645 33030 0 129635
 17096.098  15467790 92425 34760 0 137400
 17097.124  15468470 77805 29310 0 118395
 17098.277  15467535 100235 37685 0 140095
 17099.303  15468820 95485 35940 0 137505
 17100.328  15468155 103695 38995 0 142800
 17101.354  20623900 131420 49465 0 185930
 17102.508  15468730 91130 34295 0 133930
 17103.534  15468310 95250 35850 0 138255
 17104.688  15468290 96465 36285 0 138590
 17105.715  15467470 85305 32130 0 127425
 17106.741  15471300 86375 32515 0 128415
 17107.896  15465300 87145 32790 0 130230
 17108.922  15469495 80075 30155 0 119640
 17109.949  15467350 90465 34015 0 131910
 17110.976  15468455 95090 35765 0 136990
 17112.003  20624765 119930 45115 0 177355
 17113.159  15467425 88035 33105 0 130215
 17114.186  15468440 84075 31625 0 125920
 17115.342  15468160 85940 32325 0 128985
 17116.369  15469030 90495 34005 0 136040
 17117.397  15468350 92065 34590 0 136130
 17118.553  15467790 88090 33125 0 130870
 17119.581  15467560 85325 32050 0 127980
 17120.609  15468785 92590 34765 0 137335
 17121.637  15467815 90805 34075 0 189035
 17122.794  20624095 129215 48460 0 136480
 17123.822  15468830 97620 36635 0 137140
 17124.851  15467900 95015 35650 0 133470
 17126.008  15469505 78765 29570 0 116645
 17127.037  15467130 87405 32740 0 130165
 17128.195  15468985 93230 34925 0 138130
 17129.095  15467165 85080 31900 0 127865
 17130.124  15469105 83480 31265 0 125520
 17131.282  15468545 88945 33285 0 132180
 17132.44   20623330 117020 43770 0 173235
 17133.47   15468995 90610 33860 0 134035
 17134.5    15467505 89895 33580 0 135350
 17135.658  15468750 85005 31755 0 127340
 17136.688  15467530 85375 31835 0 127845
 17137.718  15468850 86785 32350 0 129420
 17138.749  15467850 89345 33240 0 134365
 17139.779  15469460 91440 33990 0 139555
 17140.938  15467415 88225 32785 0 133865
 17141.969  15469615 94160 34920 0 141500
 17143.128  20623560 122110 45240 0 183765
 17144.159  15467705 91925 33995 0 135815
 17145.19   15470435 98020 36195 0 140600
 17146.35   15465440 96945 35745 0 138400
 17147.382  15468850 94375 34755 0 135225
 17148.413  15468115 98335 36100 0 140540
 17149.445  15468790 92360 33875 0 136140
 17150.605  15467335 90100 32955 0 135025
 17151.637  15468470 92320 33675 0 135515
 17152.669  15469330 94505 34365 0 138915
 17153.83   20622835 112215 40685 0 168425
 17154.862  15468950 80970 29200 0 122255
 17156.023  15468605 91885 33000 0 138415
 17157.056  15468150 87245 31225 0 131370
 17158.089  15467930 84485 30010 0 128885
 17159.121  15468125 86210 30455 0 131720
 17160.283  15467905 90195 31615 0 138005
 17161.445  15468805 90995 31625 0 139275
 17162.478  15467855 89040 30655 0 135045
 17163.512  20624005 114940 38960 0 176500
 17164.545  15468780 87950 29295 0 132215
 17165.578  15468070 91690 29930 0 136915
 17166.741  15468585 92550 29530 0 138225
 17167.646  15467275 87440 27055 0 127815
 17168.809  15468775 90970 27145 0 136065
 17169.972  15470790 86805 24795 0 128765
 17171.006  15466395 90155 24410 0 134475
 17172.17   15467900 92805 23720 0 136835
 17173.204  15468365 90970 21595 0 136010
 17174.239  20624845 121745 25920 0 178255
 17175.403  15467400 81830 15215 0 120555
 17176.438  15468590 84040 13560 0 126300
 17177.472  15467410 88975 12415 0 137735
 17178.508  15469615 89600 10835 0 135800
 17179.672  15467280 89940 9915 0 139540
 17180.707  15469295 91775 9765 0 141240
 17181.743  15467230 90455 9840 0 138505
 17182.908  15468360 86730 10000 0 130610
 17183.944  15467715 92300 11315 0 139685
 17184.979  20624475 120060 15675 0 183985
 17186.145  15468660 90370 12350 0 136415
 17187.181  15467885 91085 12765 0 138045
 17188.217  15469100 90240 12825 0 137425
 17189.383  15467885 89205 12775 0 135665
 17190.29   15468335 80630 11615 0 121310
 17191.456  15468520 84675 12215 0 129680
 17192.623  15468090 77620 11245 0 116585
 17193.659  15467705 86130 12535 0 127625
 17194.826  15469570 91350 13365 0 138690
 17195.993  20623190 121285 17925 0 179595
 17196.901  15468200 91600 13690 0 137165
 17198.068  15468675 83200 12595 0 122390
 17199.105  15467485 90345 13815 0 135515
 17200.143  15468465 91015 14085 0 134195
 17201.181  15467960 91295 14275 0 137290
 17202.348  15469315 85210 13470 0 123545
 17203.386  15467460 83915 13355 0 123230
 17204.425  15468335 90265 14440 0 137570
 17205.593  15469210 91650 14735 0 138745
 17206.501  20623465 120045 19355 0 176145
 17207.67   15468245 91875 14815 0 135825
 17208.838  15470310 92180 14855 0 139235
 17209.877  15465895 92630 14900 0 135480
 17211.046  15468160 90170 14460 0 130990
 17212.085  15468880 85660 13690 0 126330
 17213.124  15467430 86700 13800 0 132295
 17214.164  15468960 81140 12885 0 119565
 17215.333  15467450 91060 14405 0 135220
 17216.373  15469825 90050 14240 0 131545
 17217.413  20623390 120640 19065 0 181315
 17218.583  15467605 88550 14035 0 128935
 17219.623  15470120 84005 13355 0 124890
 17220.663  15466770 89205 14240 0 131425
 17221.833  15468240 89645 14385 0 132490
 17222.874  15468085 87205 14085 0 126430
 17223.914  15468575 91570 14875 0 133460
 17224.955  15468110 88810 14515 0 137745
 17226.126  15468550 85975 14155 0 129485
 17227.167  15467505 86180 14280 0 132465
 17228.208  20624700 115025 19185 0 184260
 17229.379  15468710 87475 14695 0 140030
 17230.421  15467640 87820 14840 0 136035
 17231.462  15468505 87685 14890 0 132005
 17232.504  15467960 77285 13205 0 115565
 17233.676  15471585 80735 13835 0 122000
 17234.848  15465170 83110 14280 0 137260
 17235.89   15468275 84395 14560 0 128660
 17236.932  15467975 87425 15125 0 136125
 17237.974  20624725 117365 20350 0 172335
 17239.147  15468355 88210 15330 0 131540
 17240.189  15467905 86390 15015 0 138265
 17241.232  15469570 87060 15135 0 135925
 17242.275  15466870 87655 15225 0 133705
 17243.448  15469610 84635 14705 0 129605
 17244.491  15467850 85735 14865 0 137750
 17245.665  15467405 87095 15080 0 128955
 17246.708  15467675 89295 15440 0 127830
 17247.752  15469550 89595 15460 0 129575
 17248.926  20624000 119785 20625 0 177380
 17249.97   15467520 82055 14100 0 118800
 17251.013  15469015 84580 14500 0 122360
 17252.057  15467660 86535 14795 0 129080
 17253.101  15468245 85625 14600 0 138080
 17254.146  15467995 82450 14040 0 124135
 17255.451  15469305 86680 14725 0 133905
 17256.496  15467625 79700 13520 0 118215
 17257.671  15468700 83315 14080 0 130235
 17258.716  15468240 83460 14075 0 125255
 17259.63   20623625 115920 19490 0 177585
 17260.806  15468705 88095 14775 0 133435
 17261.851  15467590 86040 14385 0 131330
 17262.896  15468810 84795 14145 0 123785
 17264.072  15467680 83190 13830 0 126945
 17265.249  15469330 86410 14330 0 132405
 17266.164  15467275 88170 14580 0 128805
 17267.34   15468755 89055 14690 0 133340
 17268.386  15467855 83900 13810 0 122595
 17269.432  20633560 116960 19175 0 169280
 17270.609  15459220 86800 14210 0 132655
 17271.787  15468025 88380 14440 0 132255
 17272.964  15470565 87720 14315 0 127420
 17274.011  15465985 83135 13560 0 118840
 17275.057  15468795 85585 13935 0 123405
 17275.973  15467345 90125 14665 0 130750
 17277.02   15468855 87730 14280 0 126870
 17278.199  15467815 86380 14065 0 125805
 17279.246  15469065 86790 14125 0 132845
 17280.293  20624010 111930 18230 0 162325
 17281.603  15467525 83410 13595 0 121835
 17282.781  15469325 89385 14575 0 131175
 17283.829  15468595 77245 12610 0 113805
 17284.877  15467380 85130 13910 0 122520
 17285.794  15468170 81570 13335 0 117705
 17286.974  15468350 87065 14250 0 123865
 17288.022  15468435 89015 14580 0 129710
 17289.071  15468235 88580 14535 0 128485
 17290.119  15467430 87930 14450 0 131020
 17291.43   20624495 117225 19300 0 174560
 17292.479  15468950 88365 14580 0 129545
 17293.528  15467640 87415 14455 0 129545
 17294.577  15468855 86120 14275 0 124925
 17295.627  15467595 86570 14385 0 124015
 17296.807  15469280 87730 14605 0 124810
 17297.857  15470170 85145 14215 0 120080
 17299.038  15465765 86470 14455 0 121365
 17299.956  20624925 117345 19665 0 162940
 17301.138  15468380 74110 12470 0 107720
 17302.188  15467585 81595 13720 0 117080
 17303.369  15467780 87635 14785 0 122460
 17304.42   15469360 88145 14890 0 126665
 17305.601  15467050 88445 14975 0 127200
 17306.652  15468545 86305 14640 0 123225
 17307.703  15467965 92555 15720 0 128645
 17308.754  15469420 88920 15140 0 124790
 17309.936  20625985 118125 20140 0 164150
 17310.987  15465260 89695 15320 0 125840
 17312.039  15470055 86280 14755 0 122880
 17313.222  15466375 89065 15245 0 125770
 17314.273  15469480 83135 14245 0 118345
 17315.456  15467285 90480 15515 0 125965
 17316.377  15468770 92215 15835 0 128570
 17317.56   15467455 92150 15820 0 125815
 17318.744  15468880 86295 14835 0 120725
 17319.796  15468805 85875 14765 0 120100
 17320.98   20622880 122675 21095 0 168780
 17322.033  15469000 86215 14825 0 121320
 17323.085  15469165 85270 14665 0 119965
 17324.138  15467875 91210 15680 0 124225
 17325.191  15467110 86670 14915 0 118125
 17326.244  15468990 85375 14675 0 118135
 17327.429  15467880 89685 15415 0 124375
 17328.614  15468970 88370 15195 0 124145
 17329.799  15467605 85295 14645 0 118710
 17330.721  15468745 83810 14395 0 116840
 17331.906  20624560 111890 19210 0 155515
 17332.96   15467285 83820 14375 0 116035
 17334.014  15468740 91115 15620 0 122455
 17335.068  15467625 90760 15550 0 125470
 17336.123  15468775 84110 14425 0 118385
 17337.309  15469960 79110 13555 0 112145
 17338.363  15466630 88835 15205 0 121310
 17339.55   15467595 83390 14280 0 118440
 17340.605  20627690 113390 19400 0 159885
 17341.66   10308850 56510 9665 0 79395
 17342.715  20624330 115035 19680 0 159300
 17343.902  15468945 87620 14980 0 119710
 17344.957  15467525 91880 15705 0 121405
 17346.013  15469310 89735 15345 0 121005
 17347.2    15467565 87775 15005 0 119460
 17348.256  15468995 88950 15200 0 118525
 17349.444  15467210 90290 15435 0 120055
 17350.5    15468610 87165 14900 0 117785
 17351.556  15468175 84005 14360 0 116155
 17352.744  20623965 106955 18275 0 149985
 17353.933  15468740 82695 14135 0 115715
 17354.989  15468930 84335 14415 0 116250
 17356.046  15467870 81330 13900 0 113190
 17357.103  15467360 88460 15120 0 116930
 17358.16   15468760 84245 14400 0 114545
 17359.217  15467565 81340 13900 0 113365
 17360.406  15469615 92245 15755 0 122810
 17361.464  15467285 90170 15405 0 121975
 17362.653  15470910 90995 15545 0 120630
 17363.843  20622210 120185 20540 0 160385
 17364.769  15467845 86670 14810 0 117845
 17365.959  15469550 88790 15170 0 120995
 17367.017  15466745 81570 13945 0 113745
 17368.075  15469005 91255 15575 0 119375
 17369.266  15467540 91200 15580 0 121650
 17370.324  15468815 82985 14200 0 114685
 17371.383  15467460 74575 12745 0 106480
 17372.441  15468380 80590 13770 0 112100
 17373.5    15469230 83445 14275 0 114350
 17374.559  20623045 116985 19995 0 156555
 17375.883  15468915 83580 14295 0 113345
 17376.942  15469185 91735 15685 0 118925
 17378.134  15467995 89650 15330 0 117175
 17379.194  15467425 82570 14130 0 114570
 17380.253  15468515 79995 13680 0 111470
 17381.313  15467660 89890 15375 0 118635
 17382.373  15468810 87710 15015 0 116925
 17383.433  15467925 89915 15385 0 118590
 17384.493  15468885 83805 24910 0 154650
 17385.686  20624070 111610 8540 0 110220
 17386.747  15467935 81220 13915 0 112255
 17387.94   15469055 85705 14675 0 116385
 17389.133  15466850 85200 14595 0 115440
 17390.194  15469195 86670 14850 0 115275
 17391.255  15467425 89705 15370 0 117465
 17392.316  15469185 80125 13730 0 109635
 17393.377  15468175 87280 14965 0 113870
 17394.572  15468040 81150 13920 0 111285
 17395.633  20624805 112915 19360 0 152180
 17396.695  15467730 88285 15140 0 117255
 17397.889  15468140 75090 12890 0 108070
 17398.951  15467770 76865 13190 0 108530
 17400.013  15468575 78060 13395 0 109520
 17401.208  15468340 75655 12990 0 106925
 17402.404  15470885 78145 13415 0 108870
 17403.466  15465220 78560 13490 0 109260
 17404.662  15468615 69885 12005 0 101615
 17405.592  20627410 108000 18540 0 147055
 17406.787  15464725 83410 14340 0 114030
 17407.85   15468655 90635 15560 0 118725
 17408.914  15467755 86395 14860 0 115480
 17409.977  15469300 90100 15485 0 116420
 17411.04   15467565 81335 13995 0 109685
 17412.237  15468390 84975 14620 0 110950
 17413.301  15468840 79795 13730 0 107295
 17414.497  15467685 85545 14725 0 112080
 17415.694  15467810 90105 15515 0 115915
 17416.892  15469070 82055 14140 0 111645
 17417.956  20623925 101915 17565 0 142220
 17418.887  15468065 77525 13355 0 109165
 17419.952  15469000 70960 12240 0 101030
 17421.15   15467225 86620 14930 0 113565
 17422.214  15468825 87720 15135 0 114025
 17423.279  15467590 82880 14310 0 110225
 17424.478  15469235 86540 14935 0 112070
 17425.543  15467765 86675 14975 0 114135
 17426.608  15468225 79565 13750 0 108910
 17427.674  20625410 115860 20040 0 150420
 17428.739  15467160 73160 12665 0 102500
 17429.938  15468380 89625 15505 0 113750
 17431.004  15468960 81995 14205 0 109130
 17432.204  15468190 74435 12890 0 102950
 17433.27   15467700 81410 14115 0 108645
 17434.469  15468560 86875 15050 0 112790
 17435.536  15467385 87665 15210 0 112925
 17436.736  15468600 84980 14750 0 110385
 17437.802  15467835 85150 14795 0 110465
 17438.869  20624450 120590 20950 0 149780
 17439.936  15468425 90010 15655 0 111670
 17441.003  15467875 84490 14700 0 109845
 17442.204  15470125 72955 12705 0 101200
 17443.405  15466795 71530 12450 0 100490
 17444.473  15468260 64580 11260 0 94665
 17445.407  15467860 72200 12570 0 101015
 17446.608  15468625 87450 15245 0 112165
 17447.676  15468050 87055 15180 0 110700
 17448.878  15468555 89415 15595 0 112250
 17449.812  20624285 111010 19375 0 145415
 17451.148  15467870 90680 15820 0 112140
 17452.216  15469115 83830 14645 0 108235
 17453.285  15468385 86895 15185 0 109385
 17454.354  15467685 88245 15410 0 108905
 17455.423  15468005 86760 15170 0 109780
 17456.625  15468680 76645 13405 0 104990
 17457.828  15467960 83085 14525 0 110580
 17458.898  15468260 82445 14425 0 108245
 17459.967  15467800 77715 13595 0 103845
 17461.17   20624470 109570 19175 0 142800
 17462.24   15468480 79705 13950 0 105705
 17463.31   15467740 83835 14675 0 108545
 17464.38   15468810 83030 14535 0 108310
 17465.584  15468285 90400 15825 0 111775
 17466.52   15468395 77125 13525 0 103470
 17467.725  15470065 84015 14715 0 109875
 17468.795  15465905 82445 14445 0 108650
 17470.134  15468045 79065 13860 0 105175
 17471.204  20627020 110500 19375 0 142830
 17472.142  15466015 81865 14355 0 107245
 17473.347  15467855 88075 15435 0 109770
 17474.418  15469135 90570 15880 0 111315
 17475.623  15467725 87615 15375 0 108860
 17476.561  15468120 88330 15500 0 108820
 17477.766  15467990 86330 15150 0 109145
 17478.972  15469425 83915 14730 0 108380
 17480.044  15467380 74040 13010 0 101045
 17481.116  15468695 82250 14435 0 107500
 17482.188  20624935 117445 20625 0 147715
 17483.395  15466970 80435 14135 0 107180
 17484.467  15468825 88145 15480 0 110665
 17485.54   15467425 85640 15055 0 106585
 17486.613  15468490 84065 14785 0 105380
 17487.954  15468170 81720 14375 0 103940
 17489.027  15469090 64065 11290 0 91760
 17490.234  15467665 75710 13305 0 100520
 17491.173  15468370 87625 15420 0 106790
 17492.381  15467865 87470 15405 0 105525
 17493.455  20625280 115905 20410 0 141720
 17494.394  15467775 77820 13710 0 101305
 17495.468  15467705 89775 15815 0 108525
 17496.676  15470395 82120 14470 0 105475
 17497.885  15466510 80080 14110 0 102875
 17498.959  15468600 90190 15890 0 110295
 17500.168  15467355 82010 14465 0 104930
 17501.242  15468950 82215 14505 0 105025
 17502.451  15467430 75220 13265 0 100300
 17503.392  20624505 111340 19650 0 141035
 17504.601  15468830 80355 14175 0 104160
 17505.676  15467800 86250 15210 0 108225
 17506.752  15468845 89505 15810 0 108345
 17507.827  15469005 74130 13100 0 98575
 17508.902  15467535 77740 13725 0 101705
 17510.113  15467675 83955 14825 0 106080
 17511.323  15468385 84440 14910 0 107705
 17512.399  15468160 86640 15305 0 108510
 17513.475  15468535 77450 13690 0 100950
 17514.686  15467530 85630 15125 0 105315
 17515.762  20624705 107985 19085 0 137705
 17516.838  15468840 73745 13040 0 98885
 17517.915  15467440 82420 14555 0 105190
 17519.126  15469550 87890 15535 0 108510
 17520.203  15466940 83765 14810 0 104350
 17521.28   15469310 79855 14130 0 101630
 17522.358  15467790 67050 11860 0 92890
 17523.57   15468290 83310 14720 0 104055
 17524.782  15467520 77180 13655 0 99695
 17525.725  15468790 78375 13850 0 101940
 17526.937  20624065 109515 19375 0 140075
 17528.15   15468175 82905 14665 0 104335
 17529.228  15468440 74030 13115 0 98020
 17530.306  15468180 81930 14485 0 103265
 17531.384  15468645 76320 13525 0 98715
 17532.597  15467255 76135 13470 0 98935
 17533.676  15471165 76365 13520 0 99135
 17534.755  15465655 81440 14415 0 102030
 17535.834  15469070 65650 11645 0 90435
 17537.047  20626945 99870 17670 0 130215
 17538.127  15464730 87055 15420 0 106515
 17539.341  15469485 76040 13475 0 98370
 17540.285  15467420 87490 15500 0 104725
 17541.5    15468505 79665 14135 0 100300
 17542.714  15467685 70165 12435 0 94555
 17543.929  15468465 80275 14230 0 101040
 17545.009  15468930 79475 14090 0 101550
 17546.089  15468065 85070 15075 0 105670
 17547.305  15467105 72730 12925 0 95910
 17548.25   20625720 109735 19455 0 137135
 17549.33   15467970 85490 15175 0 105230
 17550.546  15467325 87450 15515 0 104775
 17551.627  15468925 74520 13250 0 95705
 17552.708  15467585 85145 15105 0 100895
 17553.924  15469290 89085 15830 0 103775
 17554.87   15467395 82945 14740 0 101535
 17556.087  15468725 70310 12510 0 93780
 17557.168  15467710 77575 13780 0 98735
 17558.385  15468740 86195 15315 0 105145
 17559.467  20624750 113075 20110 0 139025
 17560.684  15467120 79020 14075 0 100105
 17561.766  15469595 77350 13770 0 98040
 17562.848  15468270 76440 13605 0 96575
 17563.931  15468650 85555 15235 0 102495
 17565.148  15466705 81080 14440 0 101100
 17566.231  15468675 84230 15005 0 102730
 17567.314  15467760 87280 15560 0 103845
 17568.532  15469210 86890 15490 0 103430
 17569.615  15467530 74030 13215 0 95520
 17570.834  20624070 96990 17300 0 125770
 17571.917  15468810 77655 13855 0 97920
 17573.136  15467865 87355 15585 0 103285
 17574.219  15469720 75580 13520 0 95545
 17575.439  15466495 76180 13595 0 94725
 17576.387  15471030 78075 13955 0 96740
 17577.607  15466410 78170 13965 0 97790
 17578.691  15469105 80270 14345 0 99480
 17579.775  15466425 80510 14400 0 99635
 17580.859  20624890 112725 20155 0 135920
 17581.944  15468545 86085 15405 0 102090
 17583.029  15467270 79725 14270 0 98365
 17584.249  15468680 83600 14965 0 101430
 17585.47   15469160 79785 14290 0 99840
 17586.419  15467910 73675 13195 0 95490
 17587.776  15467810 79940 14315 0 99320
 17588.861  15468020 80570 14435 0 98235
 17589.947  15468070 80490 14425 0 98505
 17591.033  15468730 77765 13950 0 95975
 17592.254  20624150 101500 18190 0 127205
 17593.34   15467930 84295 15120 0 101790
 17594.426  15468460 83580 15000 0 101620
 17595.648  15468110 84475 15160 0 102810
 17596.735  15468870 78930 14175 0 98415
 17597.957  15467515 84165 15105 0 101720
 17599.044  15468600 78615 14120 0 97625
 17599.995  15469900 83465 14990 0 99895
 17601.217  15467185 86570 15550 0 100225
 17602.44   15467805 85425 15360 0 99400
 17603.528  20626415 110540 19875 0 132345
 17604.615  15466900 75590 13605 0 94785
 17605.703  15467270 80600 14485 0 98560
 17606.79   15468460 85500 15380 0 100725
 17608.014  15467870 86940 15650 0 101845
 17609.238  15468630 74210 13365 0 93410
 17610.326  15467995 82465 14855 0 97775
 17611.414  15469455 79505 14330 0 96285
 17612.639  20623320 108965 19635 0 130280
 17613.727  15468005 66885 12080 0 87535
 17614.816  15469395 77245 13920 0 94565
 17615.905  15467000 83665 15095 0 99800
 17617.13   15468630 86850 15665 0 102120
 17618.219  15467585 85790 15485 0 100895
 17619.308  15469580 80990 14630 0 97940
 17620.67   15467215 83540 15090 0 99295
 17621.895  15468540 76820 13875 0 95590
 17622.849  20624555 114605 20705 0 132180
 17624.075  15468020 80010 14475 0 95430
 17625.301  15468415 74930 13545 0 92385
 17626.391  15468410 70410 12745 0 88730
 17627.481  15468825 69100 12510 0 88060
 17628.572  15467115 71425 12915 0 89020
 17629.662  15469575 85560 15480 0 98045
 17630.753  15466510 86230 15615 0 99960
 17631.98   15468755 87845 15910 0 100035
 17633.071  15467795 87175 15795 0 98865
 17634.162  20624170 114220 20700 0 131190
 17635.39   15468825 87120 15800 0 97210
 17636.617  15467975 86835 15750 0 97420
 17637.572  15469530 76965 13965 0 92855
 17638.801  15467385 71585 12990 0 89415
 17639.892  15468150 72555 13155 0 89370
 17641.121  15469070 82330 14945 0 95440
 17642.213  15467560 84655 15370 0 96070
 17643.305  15467920 76635 13915 0 91345
 17644.397  15468895 86470 15715 0 95765
 17645.49   20624135 114340 20780 0 127050
 17646.582  15467955 87500 15900 0 97750
 17647.675  15468630 75920 13805 0 92030
 17648.905  15467700 76200 13855 0 91530
 17649.861  15468465 72995 13270 0 88390
 17651.227  15467795 80615 14660 0 92720
 17652.457  15469800 79785 14525 0 93300
 17653.688  15466795 74820 13605 0 90255
 17654.781  15468530 79510 14470 0 92490
 17655.875  15467915 82540 26040 0 130900
 17657.106  20624450 113400 9630 0 90895
 17658.2    15468550 86085 15680 0 96570
