# Gold (381 atom cluster)                                                         
#          1      1000
# Au      Au      
  2.499250E+00  0.000000E+00
  2.505750E+00  0.000000E+00
  2.512250E+00  0.000000E+00
  2.518750E+00  0.000000E+00
  2.525250E+00  0.000000E+00
  2.531750E+00  0.000000E+00
  2.538250E+00  0.000000E+00
  2.544750E+00  0.000000E+00
  2.551250E+00  1.074858E-07
  2.557750E+00  5.347010E-07
  2.564250E+00  2.127974E-07
  2.570750E+00  1.376198E-06
  2.577250E+00  9.584853E-06
  2.583750E+00  5.156099E-05
  2.590250E+00  1.947828E-04
  2.596750E+00  6.530157E-04
  2.603250E+00  2.024121E-03
  2.609750E+00  5.554331E-03
  2.616250E+00  1.382683E-02
  2.622750E+00  3.207784E-02
  2.629250E+00  7.885940E-02
  2.635750E+00  2.818836E-01
  2.642250E+00  3.801608E+00
  2.648750E+00  1.245984E+01
  2.655250E+00  1.017059E+00
  2.661750E+00  1.660477E-01
  2.668250E+00  6.903760E-02
  2.674750E+00  5.119136E-02
  2.681250E+00  6.556027E-02
  2.687750E+00  1.158219E-01
  2.694250E+00  2.260498E-01
  2.700750E+00  4.847497E-01
  2.707250E+00  1.398247E+00
  2.713750E+00  1.156748E+01
  2.720250E+00  4.751965E+01
  2.726750E+00  1.965493E+01
  2.733250E+00  2.406051E+01
  2.739750E+00  4.233836E+01
  2.746250E+00  2.368190E+01
  2.752750E+00  2.959095E+01
  2.759250E+00  7.586545E+01
  2.765750E+00  1.993350E+01
  2.772250E+00  3.487876E+00
  2.778750E+00  2.309782E+00
  2.785250E+00  7.796446E+00
  2.791750E+00  4.051509E+01
  2.798250E+00  1.656284E+01
  2.804750E+00  8.064904E+00
  2.811250E+00  2.988758E+01
  2.817750E+00  5.515400E+01
  2.824250E+00  1.233406E+02
  2.830750E+00  1.893268E+02
  2.837250E+00  1.407880E+02
  2.843750E+00  1.234156E+02
  2.850250E+00  1.774146E+02
  2.856750E+00  1.827776E+02
  2.863250E+00  2.399424E+02
  2.869750E+00  1.474864E+02
  2.876250E+00  8.535257E+01
  2.882750E+00  8.581604E+01
  2.889250E+00  9.938212E+01
  2.895750E+00  1.201055E+02
  2.902250E+00  6.306214E+01
  2.908750E+00  7.420442E+01
  2.915250E+00  3.588543E+01
  2.921750E+00  2.823078E+01
  2.928250E+00  2.514269E+01
  2.934750E+00  5.308525E+00
  2.941250E+00  1.399856E+00
  2.947750E+00  6.334547E-01
  2.954250E+00  3.443727E-01
  2.960750E+00  2.000052E-01
  2.967250E+00  1.189897E-01
  2.973750E+00  7.117432E-02
  2.980250E+00  4.236273E-02
  2.986750E+00  2.511095E-02
  2.993250E+00  1.445904E-02
  2.999750E+00  8.300958E-03
  3.006250E+00  4.631392E-03
  3.012750E+00  2.559533E-03
  3.019250E+00  1.389420E-03
  3.025750E+00  7.536264E-04
  3.032250E+00  3.775583E-04
  3.038750E+00  1.872147E-04
  3.045250E+00  9.045457E-05
  3.051750E+00  4.424606E-05
  3.058250E+00  2.184209E-05
  3.064750E+00  1.005544E-05
  3.071250E+00  2.892621E-06
  3.077750E+00  1.107852E-06
  3.084250E+00  1.470917E-07
  3.090750E+00  2.929473E-07
  3.097250E+00  0.000000E+00
  3.103750E+00  0.000000E+00
  3.110250E+00  0.000000E+00
  3.116750E+00  0.000000E+00
  3.123250E+00  0.000000E+00
  3.129750E+00  0.000000E+00
  3.136250E+00  0.000000E+00
