# Gold (381 atom cluster)                                                         
#          1      1000
# Au      Au      
  3.250000E-03  0.000000E+00
  9.750000E-03  0.000000E+00
  1.625000E-02  0.000000E+00
  2.275000E-02  0.000000E+00
  2.925000E-02  0.000000E+00
  3.575000E-02  0.000000E+00
  4.225000E-02  0.000000E+00
  4.875000E-02  0.000000E+00
  5.525000E-02  0.000000E+00
  6.175000E-02  0.000000E+00
  6.825000E-02  0.000000E+00
  7.475000E-02  0.000000E+00
  8.125000E-02  0.000000E+00
  8.775000E-02  0.000000E+00
  9.425000E-02  0.000000E+00
  1.007500E-01  0.000000E+00
  1.072500E-01  0.000000E+00
  1.137500E-01  0.000000E+00
  1.202500E-01  0.000000E+00
  1.267500E-01  0.000000E+00
  1.332500E-01  0.000000E+00
  1.397500E-01  0.000000E+00
  1.462500E-01  0.000000E+00
  1.527500E-01  0.000000E+00
  1.592500E-01  0.000000E+00
  1.657500E-01  0.000000E+00
  1.722500E-01  0.000000E+00
  1.787500E-01  0.000000E+00
  1.852500E-01  0.000000E+00
  1.917500E-01  0.000000E+00
  1.982500E-01  0.000000E+00
  2.047500E-01  0.000000E+00
  2.112500E-01  0.000000E+00
  2.177500E-01  0.000000E+00
  2.242500E-01  0.000000E+00
  2.307500E-01  0.000000E+00
  2.372500E-01  0.000000E+00
  2.437500E-01  0.000000E+00
  2.502500E-01  0.000000E+00
  2.567500E-01  0.000000E+00
  2.632500E-01  0.000000E+00
  2.697500E-01  0.000000E+00
  2.762500E-01  0.000000E+00
  2.827500E-01  0.000000E+00
  2.892500E-01  0.000000E+00
  2.957500E-01  0.000000E+00
  3.022500E-01  0.000000E+00
  3.087500E-01  0.000000E+00
  3.152500E-01  0.000000E+00
  3.217500E-01  0.000000E+00
  3.282500E-01  0.000000E+00
  3.347500E-01  0.000000E+00
  3.412500E-01  0.000000E+00
  3.477500E-01  0.000000E+00
  3.542500E-01  0.000000E+00
  3.607500E-01  0.000000E+00
  3.672500E-01  0.000000E+00
  3.737500E-01  0.000000E+00
  3.802500E-01  0.000000E+00
  3.867500E-01  0.000000E+00
  3.932500E-01  0.000000E+00
  3.997500E-01  0.000000E+00
  4.062500E-01  0.000000E+00
  4.127500E-01  0.000000E+00
  4.192500E-01  0.000000E+00
  4.257500E-01  0.000000E+00
  4.322500E-01  0.000000E+00
  4.387500E-01  0.000000E+00
  4.452500E-01  0.000000E+00
  4.517500E-01  0.000000E+00
  4.582500E-01  0.000000E+00
  4.647500E-01  0.000000E+00
  4.712500E-01  0.000000E+00
  4.777500E-01  0.000000E+00
  4.842500E-01  0.000000E+00
  4.907500E-01  0.000000E+00
  4.972500E-01  0.000000E+00
  5.037500E-01  0.000000E+00
  5.102500E-01  0.000000E+00
  5.167500E-01  0.000000E+00
  5.232500E-01  0.000000E+00
  5.297500E-01  0.000000E+00
  5.362500E-01  0.000000E+00
  5.427500E-01  0.000000E+00
  5.492500E-01  0.000000E+00
  5.557500E-01  0.000000E+00
  5.622500E-01  0.000000E+00
  5.687500E-01  0.000000E+00
  5.752500E-01  0.000000E+00
  5.817500E-01  0.000000E+00
  5.882500E-01  0.000000E+00
  5.947500E-01  0.000000E+00
  6.012500E-01  0.000000E+00
  6.077500E-01  0.000000E+00
  6.142500E-01  0.000000E+00
  6.207500E-01  0.000000E+00
  6.272500E-01  0.000000E+00
  6.337500E-01  0.000000E+00
  6.402500E-01  0.000000E+00
  6.467500E-01  0.000000E+00
  6.532500E-01  0.000000E+00
  6.597500E-01  0.000000E+00
  6.662500E-01  0.000000E+00
  6.727500E-01  0.000000E+00
  6.792500E-01  0.000000E+00
  6.857500E-01  0.000000E+00
  6.922500E-01  0.000000E+00
  6.987500E-01  0.000000E+00
  7.052500E-01  0.000000E+00
  7.117500E-01  0.000000E+00
  7.182500E-01  0.000000E+00
  7.247500E-01  0.000000E+00
  7.312500E-01  0.000000E+00
  7.377500E-01  0.000000E+00
  7.442500E-01  0.000000E+00
  7.507500E-01  0.000000E+00
  7.572500E-01  0.000000E+00
  7.637500E-01  0.000000E+00
  7.702500E-01  0.000000E+00
  7.767500E-01  0.000000E+00
  7.832500E-01  0.000000E+00
  7.897500E-01  0.000000E+00
  7.962500E-01  0.000000E+00
  8.027500E-01  0.000000E+00
  8.092500E-01  0.000000E+00
  8.157500E-01  0.000000E+00
  8.222500E-01  0.000000E+00
  8.287500E-01  0.000000E+00
  8.352500E-01  0.000000E+00
  8.417500E-01  0.000000E+00
  8.482500E-01  0.000000E+00
  8.547500E-01  0.000000E+00
  8.612500E-01  0.000000E+00
  8.677500E-01  0.000000E+00
  8.742500E-01  0.000000E+00
  8.807500E-01  0.000000E+00
  8.872500E-01  0.000000E+00
  8.937500E-01  0.000000E+00
  9.002500E-01  0.000000E+00
  9.067500E-01  0.000000E+00
  9.132500E-01  0.000000E+00
  9.197500E-01  0.000000E+00
  9.262500E-01  0.000000E+00
  9.327500E-01  0.000000E+00
  9.392500E-01  0.000000E+00
  9.457500E-01  0.000000E+00
  9.522500E-01  0.000000E+00
  9.587500E-01  0.000000E+00
  9.652500E-01  0.000000E+00
  9.717500E-01  0.000000E+00
  9.782500E-01  0.000000E+00
  9.847500E-01  0.000000E+00
  9.912500E-01  0.000000E+00
  9.977500E-01  0.000000E+00
  1.004250E+00  0.000000E+00
  1.010750E+00  0.000000E+00
  1.017250E+00  0.000000E+00
  1.023750E+00  0.000000E+00
  1.030250E+00  0.000000E+00
  1.036750E+00  0.000000E+00
  1.043250E+00  0.000000E+00
  1.049750E+00  0.000000E+00
  1.056250E+00  0.000000E+00
  1.062750E+00  0.000000E+00
  1.069250E+00  0.000000E+00
  1.075750E+00  0.000000E+00
  1.082250E+00  0.000000E+00
  1.088750E+00  0.000000E+00
  1.095250E+00  0.000000E+00
  1.101750E+00  0.000000E+00
  1.108250E+00  0.000000E+00
  1.114750E+00  0.000000E+00
  1.121250E+00  0.000000E+00
  1.127750E+00  0.000000E+00
  1.134250E+00  0.000000E+00
  1.140750E+00  0.000000E+00
  1.147250E+00  0.000000E+00
  1.153750E+00  0.000000E+00
  1.160250E+00  0.000000E+00
  1.166750E+00  0.000000E+00
  1.173250E+00  0.000000E+00
  1.179750E+00  0.000000E+00
  1.186250E+00  0.000000E+00
  1.192750E+00  0.000000E+00
  1.199250E+00  0.000000E+00
  1.205750E+00  0.000000E+00
  1.212250E+00  0.000000E+00
  1.218750E+00  0.000000E+00
  1.225250E+00  0.000000E+00
  1.231750E+00  0.000000E+00
  1.238250E+00  0.000000E+00
  1.244750E+00  0.000000E+00
  1.251250E+00  0.000000E+00
  1.257750E+00  0.000000E+00
  1.264250E+00  0.000000E+00
  1.270750E+00  0.000000E+00
  1.277250E+00  0.000000E+00
  1.283750E+00  0.000000E+00
  1.290250E+00  0.000000E+00
  1.296750E+00  0.000000E+00
  1.303250E+00  0.000000E+00
  1.309750E+00  0.000000E+00
  1.316250E+00  0.000000E+00
  1.322750E+00  0.000000E+00
  1.329250E+00  0.000000E+00
  1.335750E+00  0.000000E+00
  1.342250E+00  0.000000E+00
  1.348750E+00  0.000000E+00
  1.355250E+00  0.000000E+00
  1.361750E+00  0.000000E+00
  1.368250E+00  0.000000E+00
  1.374750E+00  0.000000E+00
  1.381250E+00  0.000000E+00
  1.387750E+00  0.000000E+00
  1.394250E+00  0.000000E+00
  1.400750E+00  0.000000E+00
  1.407250E+00  0.000000E+00
  1.413750E+00  0.000000E+00
  1.420250E+00  0.000000E+00
  1.426750E+00  0.000000E+00
  1.433250E+00  0.000000E+00
  1.439750E+00  0.000000E+00
  1.446250E+00  0.000000E+00
  1.452750E+00  0.000000E+00
  1.459250E+00  0.000000E+00
  1.465750E+00  0.000000E+00
  1.472250E+00  0.000000E+00
  1.478750E+00  0.000000E+00
  1.485250E+00  0.000000E+00
  1.491750E+00  0.000000E+00
  1.498250E+00  0.000000E+00
  1.504750E+00  0.000000E+00
  1.511250E+00  0.000000E+00
  1.517750E+00  0.000000E+00
  1.524250E+00  0.000000E+00
  1.530750E+00  0.000000E+00
  1.537250E+00  0.000000E+00
  1.543750E+00  0.000000E+00
  1.550250E+00  0.000000E+00
  1.556750E+00  0.000000E+00
  1.563250E+00  0.000000E+00
  1.569750E+00  0.000000E+00
  1.576250E+00  0.000000E+00
  1.582750E+00  0.000000E+00
  1.589250E+00  0.000000E+00
  1.595750E+00  0.000000E+00
  1.602250E+00  0.000000E+00
  1.608750E+00  0.000000E+00
  1.615250E+00  0.000000E+00
  1.621750E+00  0.000000E+00
  1.628250E+00  0.000000E+00
  1.634750E+00  0.000000E+00
  1.641250E+00  0.000000E+00
  1.647750E+00  0.000000E+00
  1.654250E+00  0.000000E+00
  1.660750E+00  0.000000E+00
  1.667250E+00  0.000000E+00
  1.673750E+00  0.000000E+00
  1.680250E+00  0.000000E+00
  1.686750E+00  0.000000E+00
  1.693250E+00  0.000000E+00
  1.699750E+00  0.000000E+00
  1.706250E+00  0.000000E+00
  1.712750E+00  0.000000E+00
  1.719250E+00  0.000000E+00
  1.725750E+00  0.000000E+00
  1.732250E+00  0.000000E+00
  1.738750E+00  0.000000E+00
  1.745250E+00  0.000000E+00
  1.751750E+00  0.000000E+00
  1.758250E+00  0.000000E+00
  1.764750E+00  0.000000E+00
  1.771250E+00  0.000000E+00
  1.777750E+00  0.000000E+00
  1.784250E+00  0.000000E+00
  1.790750E+00  0.000000E+00
  1.797250E+00  0.000000E+00
  1.803750E+00  0.000000E+00
  1.810250E+00  0.000000E+00
  1.816750E+00  0.000000E+00
  1.823250E+00  0.000000E+00
  1.829750E+00  0.000000E+00
  1.836250E+00  0.000000E+00
  1.842750E+00  0.000000E+00
  1.849250E+00  0.000000E+00
  1.855750E+00  0.000000E+00
  1.862250E+00  0.000000E+00
  1.868750E+00  0.000000E+00
  1.875250E+00  0.000000E+00
  1.881750E+00  0.000000E+00
  1.888250E+00  0.000000E+00
  1.894750E+00  0.000000E+00
  1.901250E+00  0.000000E+00
  1.907750E+00  0.000000E+00
  1.914250E+00  0.000000E+00
  1.920750E+00  0.000000E+00
  1.927250E+00  0.000000E+00
  1.933750E+00  0.000000E+00
  1.940250E+00  0.000000E+00
  1.946750E+00  0.000000E+00
  1.953250E+00  0.000000E+00
  1.959750E+00  0.000000E+00
  1.966250E+00  0.000000E+00
  1.972750E+00  0.000000E+00
  1.979250E+00  0.000000E+00
  1.985750E+00  0.000000E+00
  1.992250E+00  0.000000E+00
  1.998750E+00  0.000000E+00
  2.005250E+00  0.000000E+00
  2.011750E+00  0.000000E+00
  2.018250E+00  0.000000E+00
  2.024750E+00  0.000000E+00
  2.031250E+00  0.000000E+00
  2.037750E+00  0.000000E+00
  2.044250E+00  0.000000E+00
  2.050750E+00  0.000000E+00
  2.057250E+00  0.000000E+00
  2.063750E+00  0.000000E+00
  2.070250E+00  0.000000E+00
  2.076750E+00  0.000000E+00
  2.083250E+00  0.000000E+00
  2.089750E+00  0.000000E+00
  2.096250E+00  0.000000E+00
  2.102750E+00  0.000000E+00
  2.109250E+00  0.000000E+00
  2.115750E+00  0.000000E+00
  2.122250E+00  0.000000E+00
  2.128750E+00  0.000000E+00
  2.135250E+00  0.000000E+00
  2.141750E+00  0.000000E+00
  2.148250E+00  0.000000E+00
  2.154750E+00  0.000000E+00
  2.161250E+00  0.000000E+00
  2.167750E+00  0.000000E+00
  2.174250E+00  0.000000E+00
  2.180750E+00  0.000000E+00
  2.187250E+00  0.000000E+00
  2.193750E+00  0.000000E+00
  2.200250E+00  0.000000E+00
  2.206750E+00  0.000000E+00
  2.213250E+00  0.000000E+00
  2.219750E+00  0.000000E+00
  2.226250E+00  0.000000E+00
  2.232750E+00  0.000000E+00
  2.239250E+00  0.000000E+00
  2.245750E+00  0.000000E+00
  2.252250E+00  0.000000E+00
  2.258750E+00  0.000000E+00
  2.265250E+00  0.000000E+00
  2.271750E+00  0.000000E+00
  2.278250E+00  0.000000E+00
  2.284750E+00  0.000000E+00
  2.291250E+00  0.000000E+00
  2.297750E+00  0.000000E+00
  2.304250E+00  0.000000E+00
  2.310750E+00  0.000000E+00
  2.317250E+00  0.000000E+00
  2.323750E+00  0.000000E+00
  2.330250E+00  0.000000E+00
  2.336750E+00  0.000000E+00
  2.343250E+00  0.000000E+00
  2.349750E+00  0.000000E+00
  2.356250E+00  0.000000E+00
  2.362750E+00  0.000000E+00
  2.369250E+00  0.000000E+00
  2.375750E+00  0.000000E+00
  2.382250E+00  0.000000E+00
  2.388750E+00  0.000000E+00
  2.395250E+00  0.000000E+00
  2.401750E+00  0.000000E+00
  2.408250E+00  0.000000E+00
  2.414750E+00  0.000000E+00
  2.421250E+00  0.000000E+00
  2.427750E+00  0.000000E+00
  2.434250E+00  0.000000E+00
  2.440750E+00  0.000000E+00
  2.447250E+00  0.000000E+00
  2.453750E+00  0.000000E+00
  2.460250E+00  0.000000E+00
  2.466750E+00  0.000000E+00
  2.473250E+00  0.000000E+00
  2.479750E+00  0.000000E+00
  2.486250E+00  0.000000E+00
  2.492750E+00  0.000000E+00
  2.499250E+00  0.000000E+00
  2.505750E+00  0.000000E+00
  2.512250E+00  0.000000E+00
  2.518750E+00  0.000000E+00
  2.525250E+00  0.000000E+00
  2.531750E+00  0.000000E+00
  2.538250E+00  0.000000E+00
  2.544750E+00  0.000000E+00
  2.551250E+00  1.074858E-07
  2.557750E+00  5.347010E-07
  2.564250E+00  2.127974E-07
  2.570750E+00  1.376198E-06
  2.577250E+00  9.584853E-06
  2.583750E+00  5.156099E-05
  2.590250E+00  1.947828E-04
  2.596750E+00  6.530157E-04
  2.603250E+00  2.024121E-03
  2.609750E+00  5.554331E-03
  2.616250E+00  1.382683E-02
  2.622750E+00  3.207784E-02
  2.629250E+00  7.885940E-02
  2.635750E+00  2.818836E-01
  2.642250E+00  3.801608E+00
  2.648750E+00  1.245984E+01
  2.655250E+00  1.017059E+00
  2.661750E+00  1.660477E-01
  2.668250E+00  6.903760E-02
  2.674750E+00  5.119136E-02
  2.681250E+00  6.556027E-02
  2.687750E+00  1.158219E-01
  2.694250E+00  2.260498E-01
  2.700750E+00  4.847497E-01
  2.707250E+00  1.398247E+00
  2.713750E+00  1.156748E+01
  2.720250E+00  4.751965E+01
  2.726750E+00  1.965493E+01
  2.733250E+00  2.406051E+01
  2.739750E+00  4.233836E+01
  2.746250E+00  2.368190E+01
  2.752750E+00  2.959095E+01
  2.759250E+00  7.586545E+01
  2.765750E+00  1.993350E+01
  2.772250E+00  3.487876E+00
  2.778750E+00  2.309782E+00
  2.785250E+00  7.796446E+00
  2.791750E+00  4.051509E+01
  2.798250E+00  1.656284E+01
  2.804750E+00  8.064904E+00
  2.811250E+00  2.988758E+01
  2.817750E+00  5.515400E+01
  2.824250E+00  1.233406E+02
  2.830750E+00  1.893268E+02
  2.837250E+00  1.407880E+02
  2.843750E+00  1.234156E+02
  2.850250E+00  1.774146E+02
  2.856750E+00  1.827776E+02
  2.863250E+00  2.399424E+02
  2.869750E+00  1.474864E+02
  2.876250E+00  8.535257E+01
  2.882750E+00  8.581604E+01
  2.889250E+00  9.938212E+01
  2.895750E+00  1.201055E+02
  2.902250E+00  6.306214E+01
  2.908750E+00  7.420442E+01
  2.915250E+00  3.588543E+01
  2.921750E+00  2.823078E+01
  2.928250E+00  2.514269E+01
  2.934750E+00  5.308525E+00
  2.941250E+00  1.399856E+00
  2.947750E+00  6.334547E-01
  2.954250E+00  3.443727E-01
  2.960750E+00  2.000052E-01
  2.967250E+00  1.189897E-01
  2.973750E+00  7.117432E-02
  2.980250E+00  4.236273E-02
  2.986750E+00  2.511095E-02
  2.993250E+00  1.445904E-02
  2.999750E+00  8.300958E-03
  3.006250E+00  4.631392E-03
  3.012750E+00  2.559533E-03
  3.019250E+00  1.389420E-03
  3.025750E+00  7.536264E-04
  3.032250E+00  3.775583E-04
  3.038750E+00  1.872147E-04
  3.045250E+00  9.045457E-05
  3.051750E+00  4.424606E-05
  3.058250E+00  2.184209E-05
  3.064750E+00  1.005544E-05
  3.071250E+00  2.892621E-06
  3.077750E+00  1.107852E-06
  3.084250E+00  1.470917E-07
  3.090750E+00  2.929473E-07
  3.097250E+00  0.000000E+00
  3.103750E+00  0.000000E+00
  3.110250E+00  0.000000E+00
  3.116750E+00  0.000000E+00
  3.123250E+00  0.000000E+00
  3.129750E+00  0.000000E+00
  3.136250E+00  0.000000E+00
  3.142750E+00  0.000000E+00
  3.149250E+00  0.000000E+00
  3.155750E+00  0.000000E+00
  3.162250E+00  0.000000E+00
  3.168750E+00  0.000000E+00
  3.175250E+00  0.000000E+00
  3.181750E+00  0.000000E+00
  3.188250E+00  0.000000E+00
  3.194750E+00  0.000000E+00
  3.201250E+00  0.000000E+00
  3.207750E+00  0.000000E+00
  3.214250E+00  0.000000E+00
  3.220750E+00  0.000000E+00
  3.227250E+00  0.000000E+00
  3.233750E+00  0.000000E+00
  3.240250E+00  0.000000E+00
  3.246750E+00  0.000000E+00
  3.253250E+00  0.000000E+00
  3.259750E+00  0.000000E+00
  3.266250E+00  0.000000E+00
  3.272750E+00  0.000000E+00
  3.279250E+00  0.000000E+00
  3.285750E+00  0.000000E+00
  3.292250E+00  0.000000E+00
  3.298750E+00  0.000000E+00
  3.305250E+00  0.000000E+00
  3.311750E+00  0.000000E+00
  3.318250E+00  0.000000E+00
  3.324750E+00  0.000000E+00
  3.331250E+00  0.000000E+00
  3.337750E+00  0.000000E+00
  3.344250E+00  0.000000E+00
  3.350750E+00  0.000000E+00
  3.357250E+00  0.000000E+00
  3.363750E+00  0.000000E+00
  3.370250E+00  0.000000E+00
  3.376750E+00  0.000000E+00
  3.383250E+00  0.000000E+00
  3.389750E+00  0.000000E+00
  3.396250E+00  0.000000E+00
  3.402750E+00  0.000000E+00
  3.409250E+00  0.000000E+00
  3.415750E+00  0.000000E+00
  3.422250E+00  0.000000E+00
  3.428750E+00  0.000000E+00
  3.435250E+00  0.000000E+00
  3.441750E+00  0.000000E+00
  3.448250E+00  0.000000E+00
  3.454750E+00  0.000000E+00
  3.461250E+00  0.000000E+00
  3.467750E+00  0.000000E+00
  3.474250E+00  0.000000E+00
  3.480750E+00  0.000000E+00
  3.487250E+00  0.000000E+00
  3.493750E+00  0.000000E+00
  3.500250E+00  0.000000E+00
  3.506750E+00  0.000000E+00
  3.513250E+00  0.000000E+00
  3.519750E+00  0.000000E+00
  3.526250E+00  0.000000E+00
  3.532750E+00  0.000000E+00
  3.539250E+00  0.000000E+00
  3.545750E+00  0.000000E+00
  3.552250E+00  0.000000E+00
  3.558750E+00  0.000000E+00
  3.565250E+00  0.000000E+00
  3.571750E+00  0.000000E+00
  3.578250E+00  0.000000E+00
  3.584750E+00  0.000000E+00
  3.591250E+00  0.000000E+00
  3.597750E+00  7.026494E-07
  3.604250E+00  1.615655E-06
  3.610750E+00  2.683073E-06
  3.617250E+00  3.849752E-06
  3.623750E+00  7.245689E-06
  3.630250E+00  9.290140E-06
  3.636750E+00  1.391189E-05
  3.643250E+00  2.150500E-05
  3.649750E+00  3.681706E-05
  3.656250E+00  5.505557E-05
  3.662750E+00  8.828759E-05
  3.669250E+00  1.307934E-04
  3.675750E+00  1.930891E-04
  3.682250E+00  2.861611E-04
  3.688750E+00  4.187838E-04
  3.695250E+00  6.166173E-04
  3.701750E+00  8.712122E-04
  3.708250E+00  1.227249E-03
  3.714750E+00  1.739275E-03
  3.721250E+00  2.409743E-03
  3.727750E+00  3.291864E-03
  3.734250E+00  4.556607E-03
  3.740750E+00  6.239418E-03
  3.747250E+00  8.577668E-03
  3.753750E+00  1.194763E-02
  3.760250E+00  1.670922E-02
  3.766750E+00  2.359876E-02
  3.773250E+00  3.406525E-02
  3.779750E+00  5.066889E-02
  3.786250E+00  7.928768E-02
  3.792750E+00  1.341212E-01
  3.799250E+00  2.653561E-01
  3.805750E+00  7.196279E-01
  3.812250E+00  2.669560E+00
  3.818750E+00  6.230655E+00
  3.825250E+00  4.976910E+00
  3.831750E+00  1.782944E+00
  3.838250E+00  1.194920E+00
  3.844750E+00  3.821649E+00
  3.851250E+00  1.403421E+01
  3.857750E+00  1.136345E+01
  3.864250E+00  2.447930E+00
  3.870750E+00  6.206857E-01
  3.877250E+00  2.609010E-01
  3.883750E+00  1.422428E-01
  3.890250E+00  8.971025E-02
  3.896750E+00  6.248019E-02
  3.903250E+00  4.803578E-02
  3.909750E+00  4.170172E-02
  3.916250E+00  4.199635E-02
  3.922750E+00  4.870889E-02
  3.929250E+00  6.308705E-02
  3.935750E+00  8.849283E-02
  3.942250E+00  1.314787E-01
  3.948750E+00  2.060403E-01
  3.955250E+00  3.515730E-01
  3.961750E+00  6.965532E-01
  3.968250E+00  1.851261E+00
  3.974750E+00  7.509969E+00
  3.981250E+00  2.429917E+01
  3.987750E+00  2.544803E+01
  3.994250E+00  1.470989E+01
  4.000750E+00  1.205342E+01
  4.007250E+00  1.667864E+01
  4.013750E+00  1.200764E+01
  4.020250E+00  1.100394E+01
  4.026750E+00  1.169120E+01
  4.033250E+00  1.748134E+01
  4.039750E+00  2.324250E+01
  4.046250E+00  1.376564E+01
  4.052750E+00  1.796762E+01
  4.059250E+00  3.147250E+01
  4.065750E+00  4.384107E+01
  4.072250E+00  3.680062E+01
  4.078750E+00  4.268754E+01
  4.085250E+00  3.813236E+01
  4.091750E+00  2.647806E+01
  4.098250E+00  1.984337E+01
  4.104750E+00  9.750753E+00
  4.111250E+00  1.334806E+01
  4.117750E+00  1.217911E+01
  4.124250E+00  2.967099E+00
  4.130750E+00  7.979735E-01
  4.137250E+00  3.674119E-01
  4.143750E+00  2.091123E-01
  4.150250E+00  1.294194E-01
  4.156750E+00  8.298065E-02
  4.163250E+00  5.373902E-02
  4.169750E+00  3.471255E-02
  4.176250E+00  2.244715E-02
  4.182750E+00  1.420826E-02
  4.189250E+00  8.941894E-03
  4.195750E+00  5.531064E-03
  4.202250E+00  3.406958E-03
  4.208750E+00  2.026214E-03
  4.215250E+00  1.201422E-03
  4.221750E+00  7.119700E-04
  4.228250E+00  4.167204E-04
  4.234750E+00  2.355174E-04
  4.241250E+00  1.381473E-04
  4.247750E+00  7.607438E-05
  4.254250E+00  4.317819E-05
  4.260750E+00  2.424018E-05
  4.267250E+00  1.456131E-05
  4.273750E+00  6.511604E-06
  4.280250E+00  2.367613E-06
  4.286750E+00  1.446720E-06
  4.293250E+00  6.452587E-07
  4.299750E+00  8.325179E-07
  4.306250E+00  3.018206E-07
  4.312750E+00  3.385254E-07
  4.319250E+00  1.500032E-07
  4.325750E+00  0.000000E+00
  4.332250E+00  0.000000E+00
  4.338750E+00  0.000000E+00
  4.345250E+00  0.000000E+00
  4.351750E+00  0.000000E+00
  4.358250E+00  0.000000E+00
  4.364750E+00  0.000000E+00
  4.371250E+00  0.000000E+00
  4.377750E+00  0.000000E+00
  4.384250E+00  0.000000E+00
  4.390750E+00  0.000000E+00
  4.397250E+00  0.000000E+00
  4.403750E+00  0.000000E+00
  4.410250E+00  0.000000E+00
  4.416750E+00  0.000000E+00
  4.423250E+00  0.000000E+00
  4.429750E+00  0.000000E+00
  4.436250E+00  0.000000E+00
  4.442750E+00  0.000000E+00
  4.449250E+00  0.000000E+00
  4.455750E+00  0.000000E+00
  4.462250E+00  0.000000E+00
  4.468750E+00  0.000000E+00
  4.475250E+00  0.000000E+00
  4.481750E+00  0.000000E+00
  4.488250E+00  0.000000E+00
  4.494750E+00  0.000000E+00
  4.501250E+00  0.000000E+00
  4.507750E+00  0.000000E+00
  4.514250E+00  0.000000E+00
  4.520750E+00  0.000000E+00
  4.527250E+00  0.000000E+00
  4.533750E+00  0.000000E+00
  4.540250E+00  0.000000E+00
  4.546750E+00  0.000000E+00
  4.553250E+00  0.000000E+00
  4.559750E+00  1.345970E-07
  4.566250E+00  1.342140E-07
  4.572750E+00  2.342073E-07
  4.579250E+00  5.671756E-07
  4.585750E+00  1.663438E-06
  4.592250E+00  4.180005E-06
  4.598750E+00  9.990441E-06
  4.605250E+00  2.408096E-05
  4.611750E+00  4.407888E-05
  4.618250E+00  9.430621E-05
  4.624750E+00  1.914517E-04
  4.631250E+00  3.596164E-04
  4.637750E+00  6.848864E-04
  4.644250E+00  1.207621E-03
  4.650750E+00  2.118003E-03
  4.657250E+00  3.590378E-03
  4.663750E+00  6.025257E-03
  4.670250E+00  9.841968E-03
  4.676750E+00  1.583145E-02
  4.683250E+00  2.557685E-02
  4.689750E+00  4.209056E-02
  4.696250E+00  7.289744E-02
  4.702750E+00  1.415984E-01
  4.709250E+00  3.491558E-01
  4.715750E+00  1.537611E+00
  4.722250E+00  8.750417E+00
  4.728750E+00  9.309291E+00
  4.735250E+00  1.806594E+00
  4.741750E+00  5.878781E-01
  4.748250E+00  8.730104E-01
  4.754750E+00  4.709842E+00
  4.761250E+00  1.165819E+01
  4.767750E+00  3.892843E+00
  4.774250E+00  7.331783E-01
  4.780750E+00  3.918854E-01
  4.787250E+00  5.619776E-01
  4.793750E+00  2.347559E+00
  4.800250E+00  1.063489E+01
  4.806750E+00  7.162853E+00
  4.813250E+00  1.678260E+00
  4.819750E+00  2.631216E+00
  4.826250E+00  7.154401E+00
  4.832750E+00  1.302781E+01
  4.839250E+00  2.444833E+01
  4.845750E+00  1.860358E+01
  4.852250E+00  1.911306E+01
  4.858750E+00  9.248055E+00
  4.865250E+00  4.072733E+00
  4.871750E+00  9.981756E+00
  4.878250E+00  1.177114E+01
  4.884750E+00  1.565397E+01
  4.891250E+00  2.919107E+01
  4.897750E+00  1.793523E+01
  4.904250E+00  2.376988E+01
  4.910750E+00  3.667824E+01
  4.917250E+00  2.709859E+01
  4.923750E+00  3.471776E+01
  4.930250E+00  5.831608E+01
  4.936750E+00  5.728538E+01
  4.943250E+00  5.055672E+01
  4.949750E+00  6.940271E+01
  4.956250E+00  7.030259E+01
  4.962750E+00  8.566449E+01
  4.969250E+00  1.113951E+02
  4.975750E+00  1.124413E+02
  4.982250E+00  7.567621E+01
  4.988750E+00  7.804564E+01
  4.995250E+00  4.842095E+01
  5.001750E+00  3.433807E+01
  5.008250E+00  4.181019E+01
  5.014750E+00  3.141746E+01
  5.021250E+00  1.457977E+01
  5.027750E+00  6.325576E+00
  5.034250E+00  5.946416E+00
  5.040750E+00  1.034561E+01
  5.047250E+00  3.771437E+00
  5.053750E+00  8.212706E-01
  5.060250E+00  3.308327E-01
  5.066750E+00  1.756333E-01
  5.073250E+00  1.029441E-01
  5.079750E+00  6.270051E-02
  5.086250E+00  3.869432E-02
  5.092750E+00  2.387158E-02
  5.099250E+00  1.468926E-02
  5.105750E+00  8.963539E-03
  5.112250E+00  5.432219E-03
  5.118750E+00  3.194068E-03
  5.125250E+00  1.849426E-03
  5.131750E+00  1.068246E-03
  5.138250E+00  5.881683E-04
  5.144750E+00  3.180025E-04
  5.151250E+00  1.729561E-04
  5.157750E+00  8.925830E-05
  5.164250E+00  4.291668E-05
  5.170750E+00  2.119509E-05
  5.177250E+00  1.057095E-05
  5.183750E+00  5.441461E-06
  5.190250E+00  3.064522E-06
  5.196750E+00  1.347091E-06
  5.203250E+00  6.460230E-07
  5.209750E+00  2.577648E-07
  5.216250E+00  1.542737E-07
  5.222750E+00  0.000000E+00
  5.229250E+00  0.000000E+00
  5.235750E+00  0.000000E+00
  5.242250E+00  0.000000E+00
  5.248750E+00  0.000000E+00
  5.255250E+00  0.000000E+00
  5.261750E+00  0.000000E+00
  5.268250E+00  0.000000E+00
  5.274750E+00  0.000000E+00
  5.281250E+00  0.000000E+00
  5.287750E+00  0.000000E+00
  5.294250E+00  0.000000E+00
  5.300750E+00  0.000000E+00
  5.307250E+00  0.000000E+00
  5.313750E+00  0.000000E+00
  5.320250E+00  0.000000E+00
  5.326750E+00  0.000000E+00
  5.333250E+00  0.000000E+00
  5.339750E+00  0.000000E+00
  5.346250E+00  0.000000E+00
  5.352750E+00  7.325287E-08
  5.359250E+00  7.307529E-08
  5.365750E+00  7.289835E-08
  5.372250E+00  9.453867E-07
  5.378750E+00  3.361317E-06
  5.385250E+00  7.864356E-06
  5.391750E+00  2.254953E-05
  5.398250E+00  5.104046E-05
  5.404750E+00  1.160379E-04
  5.411250E+00  2.346246E-04
  5.417750E+00  4.556582E-04
  5.424250E+00  8.680449E-04
  5.430750E+00  1.575376E-03
  5.437250E+00  2.825101E-03
  5.443750E+00  4.958456E-03
  5.450250E+00  8.955321E-03
  5.456750E+00  1.753288E-02
  5.463250E+00  4.265695E-02
  5.469750E+00  1.799547E-01
  5.476250E+00  1.465161E+00
  5.482750E+00  2.040633E+00
  5.489250E+00  3.162957E-01
  5.495750E+00  6.196355E-02
  5.502250E+00  2.636608E-02
  5.508750E+00  1.726822E-02
  5.515250E+00  1.626724E-02
  5.521750E+00  2.018738E-02
  5.528250E+00  2.970816E-02
  5.534750E+00  4.867262E-02
  5.541250E+00  8.928546E-02
  5.547750E+00  2.040190E-01
  5.554250E+00  7.943143E-01
  5.560750E+00  5.503406E+00
  5.567250E+00  7.867449E+00
  5.573750E+00  1.582016E+00
  5.580250E+00  6.374070E-01
  5.586750E+00  1.503155E+00
  5.593250E+00  6.292270E+00
  5.599750E+00  7.555888E+00
  5.606250E+00  6.635842E+00
  5.612750E+00  7.062863E+00
  5.619250E+00  2.756457E+00
  5.625750E+00  3.905398E+00
  5.632250E+00  1.087913E+01
  5.638750E+00  1.037055E+01
  5.645250E+00  4.733635E+00
  5.651750E+00  1.299637E+00
  5.658250E+00  7.616347E-01
  5.664750E+00  1.145033E+00
  5.671250E+00  4.298203E+00
  5.677750E+00  1.732883E+01
  5.684250E+00  2.096952E+01
  5.690750E+00  1.776450E+01
  5.697250E+00  1.597122E+01
  5.703750E+00  2.137186E+01
  5.710250E+00  3.295845E+01
  5.716750E+00  2.199197E+01
  5.723250E+00  2.173066E+01
  5.729750E+00  3.077042E+01
  5.736250E+00  2.396715E+01
  5.742750E+00  2.793739E+01
  5.749250E+00  2.060841E+01
  5.755750E+00  1.688488E+01
  5.762250E+00  1.465643E+01
  5.768750E+00  1.704069E+01
  5.775250E+00  1.753746E+01
  5.781750E+00  9.524963E+00
  5.788250E+00  1.350628E+01
  5.794750E+00  8.382696E+00
  5.801250E+00  3.320762E+00
  5.807750E+00  1.558165E+00
  5.814250E+00  3.496478E+00
  5.820750E+00  2.632104E+00
  5.827250E+00  5.680498E-01
  5.833750E+00  1.759491E-01
  5.840250E+00  8.551906E-02
  5.846750E+00  4.890713E-02
  5.853250E+00  2.994201E-02
  5.859750E+00  1.881506E-02
  5.866250E+00  1.190515E-02
  5.872750E+00  7.510164E-03
  5.879250E+00  4.735970E-03
  5.885750E+00  2.944054E-03
  5.892250E+00  1.820777E-03
  5.898750E+00  1.082174E-03
  5.905250E+00  6.466281E-04
  5.911750E+00  3.843896E-04
  5.918250E+00  2.228329E-04
  5.924750E+00  1.254224E-04
  5.931250E+00  7.006119E-05
  5.937750E+00  3.573775E-05
  5.944250E+00  1.787932E-05
  5.950750E+00  9.186855E-06
  5.957250E+00  4.632693E-06
  5.963750E+00  2.242453E-06
  5.970250E+00  1.570226E-06
  5.976750E+00  7.050658E-07
  5.983250E+00  8.207905E-07
  5.989750E+00  1.150514E-06
  5.996250E+00  1.751219E-06
  6.002750E+00  2.232825E-06
  6.009250E+00  4.533490E-06
  6.015750E+00  6.688887E-06
  6.022250E+00  1.259659E-05
  6.028750E+00  2.180885E-05
  6.035250E+00  3.860672E-05
  6.041750E+00  6.271120E-05
  6.048250E+00  1.020884E-04
  6.054750E+00  1.652466E-04
  6.061250E+00  2.648867E-04
  6.067750E+00  4.125550E-04
  6.074250E+00  6.415045E-04
  6.080750E+00  9.746941E-04
  6.087250E+00  1.446610E-03
  6.093750E+00  2.163018E-03
  6.100250E+00  3.159596E-03
  6.106750E+00  4.702033E-03
  6.113250E+00  6.955718E-03
  6.119750E+00  1.046394E-02
  6.126250E+00  1.612522E-02
  6.132750E+00  2.610208E-02
  6.139250E+00  4.636361E-02
  6.145750E+00  9.886671E-02
  6.152250E+00  3.044058E-01
  6.158750E+00  1.358313E+00
  6.165250E+00  2.892414E+00
  6.171750E+00  1.479040E+00
  6.178250E+00  4.011784E-01
  6.184750E+00  2.563484E-01
  6.191250E+00  4.239573E-01
  6.197750E+00  1.600657E+00
  6.204250E+00  6.335504E+00
  6.210750E+00  8.179960E+00
  6.217250E+00  6.632999E+00
  6.223750E+00  2.308384E+00
  6.230250E+00  9.288117E-01
  6.236750E+00  1.502035E+00
  6.243250E+00  5.023535E+00
  6.249750E+00  1.249579E+01
  6.256250E+00  1.383080E+01
  6.262750E+00  5.721225E+00
  6.269250E+00  3.652301E+00
  6.275750E+00  4.119136E+00
  6.282250E+00  6.333651E+00
  6.288750E+00  3.297254E+00
  6.295250E+00  8.689228E-01
  6.301750E+00  4.268548E-01
  6.308250E+00  4.061415E-01
  6.314750E+00  6.255231E-01
  6.321250E+00  1.530424E+00
  6.327750E+00  4.815926E+00
  6.334250E+00  1.099627E+01
  6.340750E+00  1.801521E+01
  6.347250E+00  2.083210E+01
  6.353750E+00  1.885661E+01
  6.360250E+00  1.056499E+01
  6.366750E+00  9.643245E+00
  6.373250E+00  1.921643E+01
  6.379750E+00  2.318446E+01
  6.386250E+00  1.986801E+01
  6.392750E+00  2.817550E+01
  6.399250E+00  2.732493E+01
  6.405750E+00  3.871231E+01
  6.412250E+00  3.350965E+01
  6.418750E+00  3.395674E+01
  6.425250E+00  5.331004E+01
  6.431750E+00  5.042725E+01
  6.438250E+00  3.648990E+01
  6.444750E+00  2.845576E+01
  6.451250E+00  3.045982E+01
  6.457750E+00  2.517440E+01
  6.464250E+00  2.307820E+01
  6.470750E+00  1.696432E+01
  6.477250E+00  6.371645E+00
  6.483750E+00  1.722021E+00
  6.490250E+00  1.270179E+00
  6.496750E+00  2.629710E+00
