XDAC V1.2 Datafile V1
"fe.060" created on 10/3/02 at 10:20:36 PM on X-11A
Ring energy= 2.58 GeV
E0= 7112.00
NUM_REGIONS= 3
SRB= -200 -20 20 22k
SRSS= 5 0.5 0.05k
SPP= 2 2 2
Settling time= 0.50


Offsets= 9925.80 9914.40
Gains= 7.00 7.00
Iron foil, I0: 50%N2, It:N2


--------------------------------------------------------------------------------
        Energy    Enkev         I0            It
    6911.98862    6.91198862    41410.4000    39622.2000
    6916.99353    6.91699353    41396.4000    39720.2000
    6922.00600    6.92200600    41300.4000    39729.2000
    6927.00070    6.92700070    41247.4000    39769.2000
    6932.00293    6.93200293    41157.4000    39791.2000
    6937.01271    6.93701271    40865.4000    39605.2000
    6942.00457    6.94200457    41042.4000    39881.2000
    6947.00394    6.94700394    40979.4000    39936.2000
    6952.01083    6.95201083    40879.4000    39941.2000
    6956.99966    6.95699966    40833.4000    40000.2000
    6961.99597    6.96199597    40790.4000    40064.2000
    6966.99978    6.96699978    40742.4000    40135.2000
    6972.01110    6.97201110    40563.4000    40062.2000
    6977.00420    6.97700420    40481.4000    40096.2000
    6982.00476    6.98200476    40311.4000    40025.2000
    6987.01281    6.98701281    40110.4000    39929.2000
    6992.00249    6.99200249    40043.4000    39964.2000
    6996.99961    6.99699961    39948.4000    39975.2000
    7002.00419    7.00200419    39859.4000    39976.2000
    7006.99026    7.00699026    39752.4000    39974.2000
    7012.00977    7.01200977    39618.4000    39949.2000
    7017.01072    7.01701072    39448.4000    39871.2000
    7021.99301    7.02199301    39383.4000    39900.2000
    7027.00883    7.02700883    39225.4000    39839.2000
    7032.00595    7.03200595    39077.4000    39780.2000
    7037.01049    7.03701049    38931.4000    39730.2000
    7041.99620    7.04199620    38754.4000    39635.2000
    7046.98928    7.04698928    38104.4000    39057.2000
    7051.98975    7.05198975    38285.4000    39313.2000
    7056.99763    7.05699763    38021.4000    39128.2000
    7062.01293    7.06201293    37746.4000    38915.2000
    7067.00921    7.06700921    37451.4000    38671.2000
    7072.01286    7.07201286    37019.4000    38265.2000
    7076.99738    7.07699738    37350.4000    38655.2000
    7081.98922    7.08198922    37201.4000    38501.2000
    7086.98841    7.08698841    37121.4000    38388.2000
    7091.99496    7.09199496    37124.4000    38274.2000
    7092.50135    7.09250135    37120.4000    38247.2000
    7093.00782    7.09300782    37136.4000    38253.2000
    7093.48770    7.09348770    37136.4000    38227.2000
    7093.99431    7.09399431    37132.4000    38187.2000
    7094.50100    7.09450100    37133.4000    38165.2000
    7095.00777    7.09500777    37124.4000    38121.2000
    7095.48793    7.09548793    37130.4000    38093.2000
    7095.99484    7.09599484    37125.4000    38050.2000
    7096.50183    7.09650183    37148.4000    38024.2000
    7097.00889    7.09700889    37159.4000    37982.2000
    7097.48933    7.09748933    37147.4000    37913.2000
    7097.99654    7.09799654    37146.4000    37835.2000
    7098.50383    7.09850383    37147.4000    37760.2000
    7099.01119    7.09901119    37137.4000    37668.2000
    7099.49192    7.09949192    37159.4000    37587.2000
    7099.99942    7.09999942    37134.4000    37434.2000
    7100.50701    7.10050701    37103.4000    37260.2000
    7100.98794    7.10098794    37084.4000    37078.2000
    7101.49568    7.10149568    37145.4000    36901.2000
    7102.00348    7.10200348    37005.4000    36505.2000
    7102.51136    7.10251136    36946.4000    36038.2000
    7102.99258    7.10299258    37032.4000    35603.2000
    7103.50061    7.10350061    37078.4000    34772.2000
    7104.00872    7.10400872    37062.4000    33255.2000
    7104.49015    7.10449015    37048.4000    31037.2000
    7104.99840    7.10499840    37027.4000    27149.2000
    7105.50673    7.10550673    36996.4000    23619.2000
    7105.98838    7.10598838    36964.4000    20828.2000
    7106.49685    7.10649685    36951.4000    18917.2000
    7107.00541    7.10700541    36951.4000    17605.2000
    7107.48726    7.10748726    36949.4000    16485.2000
    7107.99596    7.10799596    36946.4000    15601.2000
    7108.50474    7.10850474    36905.4000    14830.2000
    7108.98680    7.10898680    36895.4000    14426.2000
    7109.49573    7.10949573    36900.4000    14157.2000
    7110.00473    7.11000473    36866.4000    13960.2000
    7110.48701    7.11048701    36844.4000    13724.2000
    7110.99615    7.11099615    36839.4000    13212.2000
    7111.50538    7.11150538    36828.4000    12414.2000
    7111.98787    7.11198787    36808.4000    11367.2000
    7112.49724    7.11249724    36791.4000    10262.2000
    7113.00669    7.11300669    36806.4000     9252.2000
    7113.48939    7.11348939    36857.4000     8279.2000
    7113.99899    7.11399899    36893.4000     7425.2000
    7114.50866    7.11450866    36895.4000     6547.2000
    7114.99157    7.11499157    36909.4000     5918.2000
    7115.50139    7.11550139    36937.4000     5354.2000
    7116.01129    7.11601129    36950.4000     4925.2000
    7116.49442    7.11649442    36968.4000     4624.2000
    7117.00446    7.11700446    36969.4000     4329.2000
    7117.48773    7.11748773    36965.4000     4120.2000
    7117.99792    7.11799792    36972.4000     3909.2000
    7118.50819    7.11850819    36969.4000     3730.2000
    7118.99167    7.11899167    36950.4000     3584.2000
    7119.50209    7.11950209    36920.4000     3432.2000
    7120.01258    7.12001258    36916.4000     3302.2000
    7120.49628    7.12049628    36906.4000     3153.2000
    7121.00692    7.12100692    36850.4000     3003.2000
    7121.49076    7.12149076    36812.4000     2842.2000
    7122.00155    7.12200155    36811.4000     2661.2000
    7122.51241    7.12251241    36786.4000     2495.2000
    7122.99646    7.12299646    36765.4000     2323.2000
    7123.50748    7.12350748    36752.4000     2172.2000
    7123.99167    7.12399167    36749.4000     2045.2000
    7124.50283    7.12450283    36679.4000     1962.2000
    7124.98716    7.12498716    36617.4000     1933.2000
    7125.49848    7.12549848    36617.4000     1967.2000
    7126.00987    7.12600987    36600.4000     2043.2000
    7126.49441    7.12649441    36583.4000     2165.2000
    7127.00595    7.12700595    36580.4000     2302.2000
    7127.49064    7.12749064    36556.4000     2446.2000
    7128.00232    7.12800232    36538.4000     2588.2000
    7128.48715    7.12848715    36517.4000     2699.2000
    7128.99899    7.12899899    36498.4000     2803.2000
    7129.51090    7.12951090    36471.4000     2872.2000
    7129.99594    7.12999594    36474.4000     2922.2000
    7130.50800    7.13050800    36464.4000     2944.2000
    7130.99318    7.13099318    36431.4000     2942.2000
    7131.50540    7.13150540    36390.4000     2916.2000
    7132.88066    7.13288066    36364.4000     2780.2000
    7133.77083    7.13377083    36364.4000     2679.2000
    7134.71520    7.13471520    36354.4000     2602.2000
    7135.63284    7.13563284    36341.4000     2577.2000
    7136.60473    7.13660473    36328.4000     2598.2000
    7137.57689    7.13757689    36322.4000     2638.2000
    7138.57634    7.13857634    36302.4000     2661.2000
    7139.60311    7.13960311    36287.4000     2631.2000
    7140.63019    7.14063019    36267.4000     2546.2000
    7141.68462    7.14168462    36285.4000     2422.2000
    7142.76642    7.14276642    36291.4000     2288.2000
    7143.84856    7.14384856    36284.4000     2199.2000
    7144.95811    7.14495811    36268.4000     2146.2000
    7146.09509    7.14609509    36255.4000     2107.2000
    7147.23245    7.14723245    36247.4000     2081.2000
    7148.39729    7.14839729    36229.4000     2079.2000
    7149.58962    7.14958962    36195.4000     2101.2000
    7150.80947    7.15080947    36183.4000     2137.2000
    7152.02976    7.15202976    36158.4000     2161.2000
    7153.27762    7.15327762    36146.4000     2167.2000
    7154.52593    7.15452593    36114.4000     2168.2000
    7155.80184    7.15580184    36016.4000     2176.2000
    7157.10540    7.15710540    35999.4000     2205.2000
    7158.43662    7.15843662    35991.4000     2241.2000
    7159.76835    7.15976835    35962.4000     2269.2000
    7161.12780    7.16112780    35932.4000     2288.2000
    7162.51499    7.16251499    35894.4000     2303.2000
    7163.90273    7.16390273    35856.4000     2327.2000
    7165.31827    7.16531827    35812.4000     2371.2000
    7166.76163    7.16676163    35780.4000     2446.2000
    7168.20559    7.16820559    35788.4000     2551.2000
    7169.67742    7.16967742    35783.4000     2674.2000
    7171.17715    7.17117715    35766.4000     2804.2000
    7172.67754    7.17267754    35746.4000     2922.2000
    7174.23317    7.17423317    35726.4000     2985.2000
    7175.76220    7.17576220    35721.4000     2985.2000
    7177.34655    7.17734655    35725.4000     2951.2000
    7178.93164    7.17893164    35701.4000     2882.2000
    7180.54479    7.18054479    35686.4000     2767.2000
    7182.15871    7.18215871    35657.4000     2633.2000
    7183.80075    7.18380075    35665.4000     2508.2000
    7185.47096    7.18547096    35671.4000     2379.2000
    7187.14198    7.18714198    35642.4000     2260.2000
    7188.84122    7.18884122    35624.4000     2206.2000
    7190.56873    7.19056873    35649.4000     2239.2000
    7192.29710    7.19229710    35636.4000     2337.2000
    7194.08124    7.19408124    35624.4000     2488.2000
    7195.83884    7.19583884    35646.4000     2673.2000
    7197.65230    7.19765230    35635.4000     2889.2000
    7199.46671    7.19946671    35624.4000     3106.2000
    7201.28208    7.20128208    35611.4000     3250.2000
    7203.15345    7.20315345    35619.4000     3247.2000
    7205.02583    7.20502583    35628.4000     3056.2000
    7206.92679    7.20692679    35631.4000     2699.2000
    7208.82878    7.20882878    35604.4000     2287.2000
    7210.75942    7.21075942    35586.4000     1914.2000
    7212.69113    7.21269113    35587.4000     1653.2000
    7214.67915    7.21467915    35575.4000     1528.2000
    7216.66831    7.21666831    35562.4000     1543.2000
    7218.65862    7.21865862    35553.4000     1693.2000
    7220.67774    7.22067774    35568.4000     1948.2000
    7222.72571    7.22272571    35575.4000     2261.2000
    7224.80260    7.22480260    35561.4000     2607.2000
    7226.88073    7.22688073    35591.4000     2972.2000
    7228.98783    7.22898783    35597.4000     3272.2000
    7231.09622    7.23109622    35586.4000     3448.2000
    7233.23365    7.23323365    35581.4000     3502.2000
    7235.40018    7.23540018    35569.4000     3443.2000
    7237.56806    7.23756806    35562.4000     3303.2000
    7239.76511    7.23976511    35553.4000     3143.2000
    7241.99139    7.24199139    35528.4000     3019.2000
    7244.21909    7.24421909    35455.4000     2974.2000
    7246.47610    7.24647610    35400.4000     3006.2000
    7248.76245    7.24876245    35310.4000     3089.2000
    7251.05031    7.25105031    35158.4000     3161.2000
    7253.36760    7.25336760    34450.4000     3088.2000
    7255.68643    7.25568643    35406.4000     3083.2000
    7258.03477    7.25803477    35338.4000     2983.2000
    7260.41268    7.26041268    35311.4000     2927.2000
    7262.79220    7.26279220    35297.4000     2871.2000
    7265.20138    7.26520138    35288.4000     2744.2000
    7267.64025    7.26764025    35295.4000     2574.2000
    7270.08083    7.27008083    35303.4000     2465.2000
    7272.52312    7.27252312    35287.4000     2433.2000
    7275.02332    7.27502332    35233.4000     2380.2000
    7277.52530    7.27752530    34599.4000     2242.2000
    7280.02908    7.28002908    35351.4000     2167.2000
    7282.59097    7.28259097    35371.4000     2072.2000
    7285.12656    7.28512656    35382.4000     2085.2000
    7287.72039    7.28772039    35383.4000     2266.2000
    7290.31614    7.29031614    35353.4000     2541.2000
    7292.94206    7.29294206    35319.4000     2815.2000
    7295.56995    7.29556995    35276.4000     3040.2000
    7298.22810    7.29822810    35234.4000     3221.2000
    7300.88826    7.30088826    35181.4000     3359.2000
    7303.57877    7.30357877    35131.4000     3440.2000
    7306.29969    7.30629969    35075.4000     3432.2000
    7309.02273    7.30902273    35009.4000     3388.2000
    7311.77627    7.31177627    34953.4000     3383.2000
    7314.53197    7.31453197    34898.4000     3395.2000
    7317.31827    7.31731827    34829.4000     3401.2000
    7320.13525    7.32013525    34670.4000     3383.2000
    7322.95448    7.32295448    34656.4000     3373.2000
    7325.80448    7.32580448    34627.4000     3392.2000
    7328.68532    7.32868532    34535.4000     3476.2000
    7331.53996    7.33153996    34525.4000     3581.2000
    7334.45407    7.33445407    34487.4000     3626.2000
    7337.37059    7.33737059    34421.4000     3569.2000
    7340.31816    7.34031816    34393.4000     3402.2000
    7343.26818    7.34326818    34322.4000     3182.2000
    7346.24935    7.34624935    34321.4000     2976.2000
    7349.26173    7.34926173    34238.4000     2788.2000
    7352.27668    7.35227668    34145.4000     2614.2000
    7355.29420    7.35529420    34180.4000     2481.2000
    7358.34308    7.35834308    34148.4000     2388.2000
    7361.42338    7.36142338    34141.4000     2368.2000
    7364.53518    7.36453518    34096.4000     2415.2000
    7367.62087    7.36762087    34057.4000     2548.2000
    7370.76700    7.37076700    33989.4000     2819.2000
    7373.91592    7.37391592    33949.4000     3245.2000
    7377.06764    7.37706764    33922.4000     3698.2000
    7380.28006    7.38028006    33911.4000     3947.2000
    7383.46642    7.38346642    33884.4000     3954.2000
    7386.71364    7.38671364    33847.4000     3844.2000
    7389.93480    7.38993480    33829.4000     3721.2000
    7393.21699    7.39321699    33790.4000     3644.2000
    7396.50222    7.39650222    33710.4000     3637.2000
    7399.79047    7.39979047    33201.4000     3581.2000
    7403.11091    7.40311091    34234.4000     3656.2000
    7406.46361    7.40646361    33964.4000     3591.2000
    7409.81946    7.40981946    33850.4000     3568.2000
    7413.17847    7.41317847    33776.4000     3586.2000
    7416.59915    7.41659915    33699.4000     3653.2000
    7419.99383    7.41999383    33627.4000     3753.2000
    7423.45034    7.42345034    33531.4000     3792.2000
    7426.88087    7.42688087    33436.4000     3775.2000
    7430.37342    7.43037342    33343.4000     3741.2000
    7433.86938    7.43386938    33249.4000     3636.2000
    7437.36876    7.43736876    33199.4000     3463.2000
    7440.90100    7.44090100    33145.4000     3286.2000
    7444.43674    7.44443674    33094.4000     3172.2000
    7448.00547    7.44800547    33046.4000     3142.2000
    7451.60729    7.45160729    33007.4000     3159.2000
    7455.21272    7.45521272    32973.4000     3188.2000
    7458.85138    7.45885138    32939.4000     3263.2000
    7462.49373    7.46249373    32940.4000     3401.2000
    7466.13977    7.46613977    32940.4000     3555.2000
    7469.81919    7.46981919    32951.4000     3675.2000
    7473.53210    7.47353210    32963.4000     3759.2000
    7477.24885    7.47724885    32935.4000     3859.2000
    7480.99921    7.48099921    32930.4000     4004.2000
    7484.75347    7.48475347    32830.4000     4122.2000
    7488.54149    7.48854149    32790.4000     4190.2000
    7492.33349    7.49233349    32786.4000     4173.2000
	      
    7496.12948    7.49612948    32750.4000     4103.2000
    7499.98933    7.49998933    32680.4000     4030.2000
    7503.82334    7.50382334    32613.4000     3985.2000
    7507.69142    7.50769142    32535.4000     3982.2000
    7511.59367    7.51159367    32465.4000     4011.2000
    7515.50013    7.51550013    32412.4000     4023.2000
    7519.44090    7.51944090    32392.4000     4011.2000
    7523.38596    7.52338596    32398.4000     3979.2000
    7527.36549    7.52736549    32419.4000     3953.2000
    7531.34938    7.53134938    32451.4000     3971.2000
    7535.33765    7.53533765    32468.4000     4019.2000
    7539.39083    7.53939083    32476.4000     4072.2000
    7543.41823    7.54341823    32520.4000     4117.2000
    7547.48043    7.54748043    32500.4000     4095.2000
    7551.57754    7.55157754    32485.4000     4004.2000
    7555.67926    7.55567926    32478.4000     3897.2000
    7559.78560    7.55978560    32444.4000     3841.2000
    7563.92704    7.56392704    32397.4000     3867.2000
    7568.10369    7.56810369    32170.4000     3940.2000
    7572.28512    7.57228512    32255.4000     4098.2000
    7576.47135    7.57647135    32180.4000     4239.2000
    7580.69299    7.58069299    32082.4000     4332.2000
    7584.91951    7.58491951    32015.4000     4374.2000
    7589.18159    7.58918159    31919.4000     4368.2000
    7593.44864    7.59344864    31827.4000     4330.2000
    7597.75142    7.59775142    31713.4000     4303.2000
    7602.05926    7.60205926    31419.4000     4297.2000
    7606.37216    7.60637216    31646.4000     4402.2000
    7610.72099    7.61072099    31538.4000     4444.2000
    7615.10588    7.61510588    31539.4000     4428.2000
    7619.49601    7.61949601    31488.4000     4359.2000
    7623.89139    7.62389139    31398.4000     4315.2000
    7628.32303    7.62832303    31341.4000     4337.2000
    7632.76001    7.63276001    31133.4000     4388.2000
    7637.23343    7.63723343    31200.4000     4496.2000
    7641.71229    7.64171229    31078.4000     4562.2000
    7646.22774    7.64622774    31096.4000     4613.2000
    7650.74873    7.65074873    30576.4000     4560.2000
    7655.27526    7.65527526    30999.4000     4636.2000
    7659.83862    7.65983862    30958.4000     4609.2000
    7664.40761    7.66440761    30980.4000     4567.2000
    7669.01361    7.66901361    30927.4000     4512.2000
    7673.62534    7.67362534    30933.4000     4473.2000
    7678.27425    7.67827425    30892.4000     4441.2000
    7682.92900    7.68292900    30848.4000     4458.2000
    7687.58960    7.68758960    30778.4000     4510.2000
    7692.28760    7.69228760    30687.4000     4565.2000
    7696.99156    7.69699156    30618.4000     4605.2000
    7701.73310    7.70173310    30546.4000     4638.2000
    7706.48069    7.70648069    30383.4000     4672.2000
    7711.23435    7.71123435    30672.4000     4791.2000
    7716.02584    7.71602584    30407.4000     4822.2000
    7720.82349    7.72082349    30287.4000     4842.2000
    7725.65916    7.72565916    30210.4000     4829.2000
    7730.50110    7.73050110    30148.4000     4817.2000
    7735.38124    7.73538124    30114.4000     4820.2000
    7740.26777    7.74026777    30091.4000     4843.2000
    7745.16069    7.74516069    30147.4000     4870.2000
    7750.06001    7.75006001    29519.4000     4770.2000
    7755.02992    7.75502992    27643.4000     4486.2000
    7759.97431    7.75997431    28181.4000     4619.2000
    7764.95739    7.76495739    28691.4000     4768.2000
    7769.94710    7.76994710    28729.4000     4835.2000
    7774.97571    7.77497571    28703.4000     4868.2000
    7780.01105    7.78001105    28663.4000     4895.2000
    7785.05314    7.78505314    28611.4000     4920.2000
    7790.13439    7.79013439    28612.4000     4949.2000
    7795.22250    7.79522250    28630.4000     4960.2000
    7800.34997    7.80034997    28708.4000     4973.2000
    7805.45190    7.80545190    28740.4000     4975.2000
    7810.62587    7.81062587    28694.4000     4977.2000
    7815.77432    7.81577432    28618.4000     4985.2000
    7820.96245    7.82096245    27648.4000     4837.2000
    7826.19041    7.82619041    28619.4000     5024.2000
    7831.39285    7.83139285    28548.4000     5021.2000
    7836.63525    7.83663525    28515.4000     5035.2000
    7841.91773    7.84191773    28475.4000     5058.2000
    7847.20759    7.84720759    28424.4000     5077.2000
    7852.50483    7.85250483    28406.4000     5102.2000
    7857.80947    7.85780947    28342.4000     5137.2000
    7863.15454    7.86315454    28279.4000     5182.2000
    7868.50713    7.86850713    28210.4000     5215.2000
    7873.90037    7.87390037    28129.4000     5252.2000
    7879.30126    7.87930126    28016.4000     5275.2000
    7884.70981    7.88470981    27987.4000     5304.2000
    7890.15930    7.89015930    27892.4000     5309.2000
    7895.61657    7.89561657    27697.4000     5312.2000
    7901.08166    7.90108166    27644.4000     5343.2000
    7906.55456    7.90655456    27577.4000     5357.2000
    7912.06876    7.91206876    27554.4000     5382.2000
    7917.62439    7.91762439    27513.4000     5409.2000
    7923.15456    7.92315456    27415.4000     5434.2000
    7928.72630    7.92872630    27298.4000     5439.2000
    7934.30614    7.93430614    27207.4000     5420.2000
    7939.92779    7.93992779    27160.4000     5415.2000
    7945.55767    7.94555767    27118.4000     5432.2000
    7951.19581    7.95119581    27100.4000     5463.2000
    7956.84222    7.95684222    27016.4000     5483.2000
    7962.53080    7.96253080    26958.4000     5492.2000
    7968.22780    7.96822780    26986.4000     5503.2000
    7973.96720    7.97396720    26980.4000     5501.2000
    7979.71515    7.97971515    26888.4000     5508.2000
    7985.47166    7.98547166    26928.4000     5561.2000
    7991.23676    7.99123676    26799.4000     5574.2000
    7997.04465    7.99704465    26646.4000     5573.2000
    8002.86126    8.00286126    26446.4000     5562.2000
    8008.68662    8.00868662    26282.4000     5564.2000
    8014.55508    8.01455508    26056.4000     5558.2000
    8020.43243    8.02043243    25892.4000     5558.2000
    8026.31868    8.02631868    25695.4000     5549.2000
    8032.21386    8.03221386    25529.4000     5550.2000
    8038.15254    8.03815254    25369.4000     5546.2000
    8044.10029    8.04410029    25129.4000     5531.2000
    8050.05714    8.05005714    25111.4000     5570.2000
    8056.05781    8.05605781    25038.4000     5596.2000
    8062.06771    8.06206771    24970.4000     5631.2000
    8068.08688    8.06808688    24861.4000     5662.2000
    8074.15021    8.07415021    24711.4000     5668.2000
    8080.18802    8.08018802    24601.4000     5672.2000
    8086.27014    8.08627014    24412.4000     5645.2000
    8092.39674    8.09239674    24369.4000     5637.2000
    8098.49785    8.09849785    24146.4000     5583.2000
    8104.64359    8.10464359    24002.4000     5565.2000
    8110.79897    8.11079897    23903.4000     5569.2000
    8116.99926    8.11699926    23726.4000     5569.2000
    8123.17402    8.12317402    23661.4000     5597.2000
    8129.39385    8.12939385    23617.4000     5615.2000
    8135.62351    8.13562351    23560.4000     5621.2000
    8141.89850    8.14189850    23474.4000     5626.2000
    8148.14795    8.14814795    23412.4000     5641.2000
    8154.44289    8.15444289    23321.4000     5653.2000
    8160.78353    8.16078353    23279.4000     5674.2000
    8167.09863    8.16709863    23240.4000     5690.2000
    8173.45958    8.17345958    23195.4000     5721.2000
    8179.83076    8.17983076    23145.4000     5757.2000
    8186.21219    8.18621219    23053.4000     5778.2000
    8192.60389    8.19260389    22750.4000     5737.2000
    8199.04188    8.19904188    22895.4000     5803.2000
    8205.49031    8.20549031    22772.4000     5804.2000
    8211.94921    8.21194921    22624.4000     5801.2000
    8218.41860    8.21841860    22485.4000     5804.2000
    8224.93473    8.22493473    22433.4000     5841.2000
    8231.46152    8.23146152    22407.4000     5877.2000
    8237.99900    8.23799900    22371.4000     5900.2000
    8244.54719    8.24454719    22354.4000     5920.2000
    8251.14258    8.25114258    22265.4000     5919.2000
    8257.71232    8.25771232    22173.4000     5915.2000
    8264.32945    8.26432945    22115.4000     5927.2000
    8270.99416    8.27099416    22009.4000     5931.2000
    8277.63324    8.27763324    21974.4000     5951.2000
    8284.32008    8.28432008    21925.4000     5971.2000
    8291.01807    8.29101807    21863.4000     5991.2000
    8297.72722    8.29772722    21819.4000     6009.2000
    8304.44757    8.30444757    21489.4000     5943.2000
    8311.17913    8.31117913    21713.4000     6030.2000
    8317.95903    8.31795903    21618.4000     6037.2000
    8324.75033    8.32475033    21454.4000     6029.2000
    8331.55306    8.33155306    21283.4000     6015.2000
    8338.40452    8.33840452    21156.4000     6015.2000
    8345.23026    8.34523026    21008.4000     6010.2000
    8352.10492    8.35210492    20958.4000     6035.2000
    8358.99124    8.35899124    20888.4000     6050.2000
    8365.88927    8.36588927    20826.4000     6064.2000
    8372.79903    8.37279903    20684.4000     6063.2000
    8379.75820    8.37975820    20734.4000     6119.2000
    8386.69158    8.38669158    20696.4000     6149.2000
    8393.67455    8.39367455    20615.4000     6162.2000
    8400.66951    8.40066951    20497.4000     6163.2000
    8407.67648    8.40767648    20454.4000     6183.2000
    8414.73346    8.41473346    20318.4000     6178.2000
    8421.80265    8.42180265    20364.4000     6225.2000
    8428.84596    8.42884596    20367.4000     6253.2000
    8435.93958    8.43593958    20423.4000     6299.2000
    8443.04550    8.44304550    20518.4000     6358.2000
    8450.20205    8.45020205    20577.4000     6409.2000
    8457.33273    8.45733273    20645.4000     6464.2000
    8464.51424    8.46451424    20591.4000     6489.2000
    8471.70830    8.47170830    20567.4000     6522.2000
    8478.91496    8.47891496    20469.4000     6525.2000
    8486.13424    8.48613424    20478.4000     6560.2000
    8493.36619    8.49336619    20472.4000     6597.2000
    8500.64959    8.50064959    20374.4000     6605.2000
    8507.94586    8.50794586    20329.4000     6632.2000
    8515.21611    8.51521611    20313.4000     6663.2000
    8522.53813    8.52253813    20249.4000     6681.2000
    8529.87311    8.52987311    20180.4000     6692.2000
    8537.26021    8.53726021    20106.4000     6708.2000
    8544.62129    8.54462129    20028.4000     6720.2000
    8552.03469    8.55203469    19950.4000     6732.2000
    8559.46133    8.55946133    19934.4000     6762.2000
    8566.86185    8.56686185    19911.4000     6792.2000
    8574.31501    8.57431501    19928.4000     6836.2000
    8581.82105    8.58182105    19914.4000     6871.2000
    8589.30100    8.58930100    19893.4000     6902.2000
    8596.79437    8.59679437    19800.4000     6910.2000
    8604.34094    8.60434094    19678.4000     6911.2000
    8611.90115    8.61190115    19471.4000     6878.2000
    8619.47502    8.61947502    19456.4000     6911.2000
    8627.06260    8.62706260    19428.4000     6935.2000
    8634.66392    8.63466392    19330.4000     6934.2000
    8642.27901    8.64227901    19245.4000     6935.2000
    8649.94812    8.64994812    19122.4000     6921.2000
    8657.59095    8.65759095    18971.4000     6901.2000
    8665.28802    8.66528802    18824.4000     6884.2000
    8672.99916    8.67299916    18533.4000     6814.2000
    8680.68393    8.68068393    18454.4000     6824.2000
    8688.42326    8.68842326    18414.4000     6843.2000
    8696.21741    8.69621741    18066.4000     6753.2000
    8703.98524    8.70398524    17895.4000     6725.2000
    8711.76733    8.71176733    17796.4000     6720.2000
    8719.60459    8.71960459    17639.4000     6696.2000
    8727.41541    8.72741541    17519.4000     6685.2000
    8735.28162    8.73528162    17462.4000     6701.2000
    8743.16242    8.74316242    17575.4000     6780.2000
    8751.05782    8.75105782    17337.4000     6720.2000
    8758.96789    8.75896789    17123.4000     6670.2000
    8766.89265    8.76689265    17254.4000     6756.2000
    8774.83215    8.77483215    16996.4000     6691.2000
    8782.82790    8.78282790    14785.4000     5854.2000
    8790.79708    8.79079708    17379.4000     6924.2000
    8798.82274    8.79882274    17089.4000     6847.2000
    8806.82176    8.80682176    16912.4000     6811.2000
    8814.87750    8.81487750    16738.4000     6777.2000
    8822.94838    8.82294838    16586.4000     6749.2000
    8831.03445    8.83103445    16346.4000     6684.2000
    8839.13575    8.83913575    16391.4000     6738.2000
    8847.25231    8.84725231    16161.4000     6682.2000
    8855.38419    8.85538419    16111.4000     6698.2000
    8863.53143    8.86353143    16033.4000     6703.2000
    8871.73639    8.87173639    15222.4000     6399.2000
    8879.91455    8.87991455    15724.4000     6642.2000
    8888.15068    8.88815068    15670.4000     6655.2000
    8896.35993    8.89635993    15529.4000     6632.2000
    8904.62741    8.90462741    15465.4000     6637.2000
    8912.91068    8.91291068    15340.4000     6617.2000
    8921.20976    8.92120976    15242.4000     6608.2000
    8929.52472    8.92952472    15296.4000     6665.2000
    8937.85559    8.93785559    15247.4000     6676.2000
    8946.20242    8.94620242    15193.4000     6687.2000
    8954.56525    8.95456525    15164.4000     6708.2000
    8962.94414    8.96294414    15103.4000     6716.2000
