 &SRS
 SRSRUN=55322,SRSDAT=080713,SRSTIM=024850,
 SRSSTN='D26 ',SRSPRJ='dubble7 ',SRSEXP='exafs   ',
 SRSTLE='I1 25K Illite pH 5 7.5E-4M                                  '
 SRSCN1='one     ',SRSCN2='two     ',SRSCN3='three   ',
 &END
      9149.00      1000.00     56280.00     19892.00      5523.00     28152.00
         0.00        643.00        423.00       2146.00 
       251.00       1217.00        312.00          0.00 
       531.00
      9141.70      1000.00     55936.00     19957.00      5424.00     28294.00
         0.00        600.00        418.00       2052.00 
       216.00       1273.00        289.00          0.00 
       576.00
      9134.40      1000.00     55541.00     20030.00      5279.00     28490.00
         0.00        673.00        386.00       2003.00 
       232.00       1161.00        304.00          0.00 
       520.00
      9127.10      1000.00     55162.00     20122.00      5268.00     28585.00
         0.00        608.00        394.00       2035.00 
       242.00       1226.00        261.00          0.00 
       502.00
      9119.80      1000.00     54924.00     20209.00      5046.00     28654.00
         0.00        602.00        408.00       1945.00 
       195.00       1110.00        283.00          0.00 
       503.00
      9112.50      1000.00     54565.00     20310.00      4955.00     28751.00
         0.00        558.00        401.00       1947.00 
       203.00       1053.00        282.00          0.00 
       511.00
      9105.20      1000.00     53851.00     20276.00      4945.00     28621.00
         0.00        589.00        354.00       1950.00 
       200.00       1055.00        279.00          0.00 
       518.00
      9097.90      1000.00     54098.00     20534.00      4904.00     29016.00
         0.00        564.00        396.00       1896.00 
       207.00       1016.00        259.00          0.00 
       566.00
      9090.60      1000.00     53771.00     20576.00      4677.00     29226.00
         0.00        488.00        328.00       1850.00 
       197.00       1040.00        285.00          0.00 
       489.00
      9083.30      1000.00     53332.00     20617.00      4589.00     29321.00
         0.00        538.00        359.00       1789.00 
       174.00        964.00        283.00          0.00 
       482.00
      9076.00      1000.00     52568.00     20577.00      4475.00     29225.00
         0.00        527.00        316.00       1720.00 
       199.00       1003.00        249.00          0.00 
       461.00
      9068.70      1000.00     52441.00     20709.00      4447.00     29442.00
         0.00        514.00        378.00       1674.00 
       188.00        950.00        244.00          0.00 
       499.00
      9061.40      1000.00     51990.00     20740.00      4306.00     29553.00
         0.00        524.00        315.00       1635.00 
       165.00        994.00        228.00          0.00 
       445.00
      9054.10      1000.00     51988.00     20900.00      4275.00     29830.00
         0.00        479.00        315.00       1634.00 
       190.00        991.00        242.00          0.00 
       424.00
      9046.80      1000.00     51531.00     20955.00      4159.00     29840.00
         0.00        493.00        310.00       1634.00 
       167.00        941.00        221.00          0.00 
       393.00
      9039.50      1000.00     51210.00     21014.00      4038.00     29964.00
         0.00        467.00        311.00       1549.00 
       166.00        911.00        241.00          0.00 
       393.00
      9032.20      1000.00     50669.00     21024.00      4009.00     29967.00
         0.00        437.00        329.00       1516.00 
       196.00        898.00        212.00          0.00 
       421.00
      9024.90      1000.00     50680.00     21227.00      3852.00     30173.00
         0.00        467.00        275.00       1459.00 
       159.00        827.00        247.00          0.00 
       418.00
      9017.60      1000.00     50057.00     21189.00      3840.00     30186.00
         0.00        437.00        271.00       1476.00 
       157.00        851.00        227.00          0.00 
       421.00
      9010.30      1000.00     49479.00     21157.00      3739.00     30159.00
         0.00        437.00        313.00       1321.00 
       167.00        890.00        210.00          0.00 
       401.00
      9003.00      5000.00    245193.00    105926.00     18955.00    151112.00
         0.00       2225.00       1480.00       7020.00 
       800.00       4300.00       1140.00          0.00 
      1990.00
      9002.60      5000.00    245677.00    106027.00     18990.00    151160.00
         0.00       2255.00       1495.00       7005.00 
       790.00       4345.00       1095.00          0.00 
      2005.00
      9002.20      5000.00    245701.00    106071.00     18980.00    151707.00
         0.00       2335.00       1485.00       6875.00 
       820.00       4430.00       1070.00          0.00 
      1965.00
      9001.80      5000.00    244859.00    105826.00     19105.00    150947.00
         0.00       2295.00       1535.00       7055.00 
       810.00       4250.00       1195.00          0.00 
      1965.00
      9001.40      5000.00    245290.00    105967.00     19100.00    151294.00
         0.00       2275.00       1540.00       6930.00 
       830.00       4285.00       1180.00          0.00 
      2060.00
      9001.00      5000.00    245546.00    106012.00     19105.00    151081.00
         0.00       2305.00       1490.00       6925.00 
       860.00       4375.00       1165.00          0.00 
      1985.00
      9000.60      5000.00    246289.00    106343.00     19245.00    151836.00
         0.00       2265.00       1530.00       7010.00 
       825.00       4430.00       1175.00          0.00 
      2010.00
      9000.20      5000.00    245265.00    106130.00     18750.00    151397.00
         0.00       2305.00       1535.00       6750.00 
       800.00       4235.00       1190.00          0.00 
      1935.00
      8999.80      5000.00    245099.00    106160.00     18955.00    151325.00
         0.00       2230.00       1495.00       6900.00 
       825.00       4340.00       1130.00          0.00 
      2035.00
      8999.40      5000.00    245103.00    106227.00     19055.00    151486.00
         0.00       2315.00       1555.00       6850.00 
       820.00       4340.00       1200.00          0.00 
      1975.00
      8999.00      5000.00    245220.00    106312.00     19195.00    151584.00
         0.00       2380.00       1480.00       6830.00 
       855.00       4380.00       1185.00          0.00 
      2085.00
      8998.60      5000.00    246139.00    106678.00     19515.00    152369.00
         0.00       2455.00       1575.00       6975.00 
       800.00       4445.00       1215.00          0.00 
      2050.00
      8998.20      5000.00    245955.00    106679.00     19155.00    152410.00
         0.00       2335.00       1520.00       6880.00 
       855.00       4320.00       1175.00          0.00 
      2070.00
      8997.80      5000.00    245528.00    106562.00     19495.00    152145.00
         0.00       2335.00       1540.00       7005.00 
       890.00       4370.00       1235.00          0.00 
      2120.00
      8997.40      5000.00    245017.00    106437.00     19255.00    151842.00
         0.00       2265.00       1520.00       6870.00 
       865.00       4485.00       1160.00          0.00 
      2090.00
      8997.00      5000.00    244835.00    106367.00     19315.00    151910.00
         0.00       2355.00       1595.00       6915.00 
       835.00       4350.00       1200.00          0.00 
      2065.00
      8996.60      5000.00    244700.00    106407.00     19460.00    151825.00
         0.00       2430.00       1540.00       6815.00 
       845.00       4400.00       1190.00          0.00 
      2240.00
      8996.20      5000.00    244994.00    106549.00     19725.00    151943.00
         0.00       2350.00       1575.00       6900.00 
       855.00       4610.00       1235.00          0.00 
      2200.00
      8995.80      5000.00    244319.00    106341.00     19430.00    151810.00
         0.00       2380.00       1575.00       6825.00 
       920.00       4415.00       1215.00          0.00 
      2100.00
      8995.40      5000.00    246142.00    107026.00     19875.00    153229.00
         0.00       2510.00       1610.00       6945.00 
       875.00       4475.00       1255.00          0.00 
      2205.00
      8995.00      5000.00    244913.00    106626.00     19815.00    152347.00
         0.00       2450.00       1630.00       6895.00 
       870.00       4510.00       1235.00          0.00 
      2225.00
      8994.60      5000.00    244878.00    106774.00     19860.00    152462.00
         0.00       2480.00       1635.00       6890.00 
       885.00       4510.00       1235.00          0.00 
      2225.00
      8994.20      5000.00    244321.00    106548.00     20055.00    152172.00
         0.00       2465.00       1575.00       6905.00 
       940.00       4660.00       1300.00          0.00 
      2210.00
      8993.80      5000.00    244450.00    106640.00     20230.00    152196.00
         0.00       2625.00       1705.00       6865.00 
       885.00       4595.00       1300.00          0.00 
      2255.00
      8993.40      5000.00    243457.00    106334.00     20155.00    151995.00
         0.00       2575.00       1710.00       6685.00 
       920.00       4720.00       1265.00          0.00 
      2280.00
      8993.00      5000.00    243842.00    106480.00     20680.00    151970.00
         0.00       2610.00       1680.00       7140.00 
       940.00       4745.00       1245.00          0.00 
      2320.00
      8992.60      5000.00    242839.00    106142.00     20710.00    151480.00
         0.00       2575.00       1720.00       6985.00 
      1015.00       4700.00       1325.00          0.00 
      2390.00
      8992.20      5000.00    243394.00    106427.00     20835.00    152215.00
         0.00       2705.00       1695.00       7050.00 
       995.00       4700.00       1350.00          0.00 
      2340.00
      8991.80      5000.00    244535.00    106844.00     21045.00    152950.00
         0.00       2740.00       1785.00       7000.00 
       960.00       4820.00       1290.00          0.00 
      2450.00
      8991.40      5000.00    243119.00    106431.00     21435.00    152006.00
         0.00       2765.00       1750.00       7105.00 
       975.00       4935.00       1375.00          0.00 
      2530.00
      8991.00      5000.00    242722.00    106324.00     21670.00    151667.00
         0.00       2775.00       1885.00       7050.00 
       995.00       4985.00       1400.00          0.00 
      2580.00
      8990.60      5000.00    243517.00    106664.00     22195.00    152478.00
         0.00       2925.00       1955.00       7160.00 
      1080.00       5015.00       1455.00          0.00 
      2605.00
      8990.20      5000.00    242796.00    106449.00     22750.00    152085.00
         0.00       2980.00       1995.00       7360.00 
      1160.00       5125.00       1480.00          0.00 
      2650.00
      8989.80      5000.00    243194.00    106622.00     23265.00    152260.00
         0.00       3085.00       2045.00       7285.00 
      1170.00       5425.00       1520.00          0.00 
      2735.00
      8989.40      5000.00    242858.00    106560.00     24205.00    152158.00
         0.00       3285.00       2170.00       7525.00 
      1225.00       5455.00       1675.00          0.00 
      2870.00
      8989.00      5000.00    242670.00    106507.00     24870.00    152297.00
         0.00       3360.00       2295.00       7425.00 
      1265.00       5835.00       1680.00          0.00 
      3010.00
      8988.60      5000.00    242572.00    106547.00     26515.00    151952.00
         0.00       3710.00       2330.00       7780.00 
      1370.00       6060.00       1930.00          0.00 
      3335.00
      8988.20      5000.00    242079.00    106408.00     27695.00    152092.00
         0.00       3980.00       2490.00       8070.00 
      1395.00       6425.00       1995.00          0.00 
      3340.00
      8987.80      5000.00    242585.00    106579.00     29465.00    152081.00
         0.00       4390.00       2760.00       8075.00 
      1650.00       6825.00       2155.00          0.00 
      3610.00
      8987.40      5000.00    242982.00    106731.00     31965.00    152512.00
         0.00       4700.00       3030.00       8705.00 
      1770.00       7395.00       2370.00          0.00 
      3995.00
      8987.00      5000.00    241287.00    106148.00     34280.00    151469.00
         0.00       5220.00       3290.00       8820.00 
      1985.00       7915.00       2640.00          0.00 
      4410.00
      8986.60      5000.00    241352.00    106180.00     38160.00    151688.00
         0.00       5960.00       3745.00       9490.00 
      2255.00       8725.00       3060.00          0.00 
      4925.00
      8986.20      5000.00    241907.00    106356.00     43255.00    152115.00
         0.00       7055.00       4225.00      10030.00 
      2670.00       9905.00       3450.00          0.00 
      5920.00
      8985.80      5000.00    241662.00    106235.00     50410.00    151961.00
         0.00       8305.00       5150.00      11275.00 
      3135.00      11510.00       4140.00          0.00 
      6895.00
      8985.40      5000.00    241368.00    106049.00     60190.00    151527.00
         0.00      10170.00       6385.00      12300.00 
      3885.00      13890.00       5035.00          0.00 
      8525.00
      8985.00      5000.00    241466.00    105977.00     75765.00    151590.00
         0.00      13075.00       8175.00      14795.00 
      4995.00      17285.00       6500.00          0.00 
     10940.00
      8984.60      5000.00    241509.00    105836.00     95270.00    151256.00
         0.00      16750.00      10315.00      17760.00 
      6445.00      21560.00       8495.00          0.00 
     13945.00
      8984.20      5000.00    241353.00    105509.00    126820.00    150749.00
         0.00      22740.00      14260.00      22320.00 
      8795.00      28350.00      11365.00          0.00 
     18990.00
      8983.80      5000.00    242117.00    105492.00    156440.00    150848.00
         0.00      28690.00      17205.00      26640.00 
     11125.00      35595.00      13805.00          0.00 
     23380.00
      8983.40      5000.00    241806.00    105121.00    182880.00    150490.00
         0.00      33315.00      20550.00      30485.00 
     12765.00      41365.00      16655.00          0.00 
     27745.00
      8983.00      5000.00    241236.00    104738.00    203020.00    149897.00
         0.00      37320.00      22570.00      33120.00 
     14255.00      46270.00      18705.00          0.00 
     30780.00
      8982.60      5000.00    240198.00    104378.00    206500.00    149182.00
         0.00      38100.00      23100.00      33515.00 
     14840.00      46815.00      18860.00          0.00 
     31270.00
      8982.20      5000.00    241056.00    104832.00    197975.00    149826.00
         0.00      36290.00      22190.00      32365.00 
     13975.00      44920.00      18345.00          0.00 
     29890.00
      8981.80      5000.00    240119.00    104719.00    178585.00    149517.00
         0.00      32990.00      19725.00      29665.00 
     12465.00      40315.00      16630.00          0.00 
     26795.00
      8981.40      5000.00    240696.00    105212.00    156160.00    150560.00
         0.00      28480.00      17295.00      26530.00 
     10820.00      35250.00      14280.00          0.00 
     23505.00
      8981.00      5000.00    240820.00    105506.00    137295.00    150882.00
         0.00      24735.00      15195.00      23575.00 
      9670.00      31245.00      12485.00          0.00 
     20390.00
      8980.60      5000.00    240079.00    105509.00    120710.00    150677.00
         0.00      21755.00      13455.00      21185.00 
      8375.00      27170.00      10880.00          0.00 
     17890.00
      8980.20      5000.00    240492.00    105783.00    111490.00    151158.00
         0.00      19805.00      12195.00      19955.00 
      7695.00      25375.00       9905.00          0.00 
     16560.00
      8979.80      5000.00    239892.00    105711.00    104785.00    150953.00
         0.00      18645.00      11540.00      18765.00 
      7125.00      23920.00       9300.00          0.00 
     15490.00
      8979.40      5000.00    239729.00    105764.00    100055.00    150898.00
         0.00      17795.00      11055.00      18130.00 
      6920.00      22605.00       8805.00          0.00 
     14745.00
      8979.00      5000.00    239474.00    105720.00     97800.00    151173.00
         0.00      17285.00      10690.00      18050.00 
      6630.00      22155.00       8575.00          0.00 
     14415.00
      8978.60      5000.00    239701.00    105854.00     96495.00    151141.00
         0.00      17085.00      10520.00      17735.00 
      6520.00      21820.00       8665.00          0.00 
     14150.00
      8978.20      5000.00    239644.00    105888.00     95425.00    151095.00
         0.00      16875.00      10310.00      17690.00 
      6340.00      21710.00       8380.00          0.00 
     14120.00
      8977.80      5000.00    239254.00    105815.00     95235.00    151111.00
         0.00      16975.00      10245.00      17350.00 
      6510.00      21445.00       8465.00          0.00 
     14245.00
      8977.40      5000.00    239226.00    105855.00     94700.00    151256.00
         0.00      17100.00      10335.00      17220.00 
      6445.00      21430.00       8385.00          0.00 
     13785.00
      8977.00      5000.00    239991.00    106165.00     94540.00    151967.00
         0.00      16590.00      10235.00      17460.00 
      6460.00      21500.00       8460.00          0.00 
     13835.00
      8976.60      5000.00    239632.00    106049.00     94450.00    151684.00
         0.00      16335.00      10275.00      17560.00 
      6500.00      21775.00       8270.00          0.00 
     13735.00
      8976.20      5000.00    239879.00    106196.00     93970.00    151845.00
         0.00      16635.00      10395.00      17030.00 
      6285.00      21550.00       8340.00          0.00 
     13735.00
      8975.80      5000.00    238914.00    105932.00     93550.00    151247.00
         0.00      16385.00      10390.00      17235.00 
      6305.00      21190.00       8335.00          0.00 
     13710.00
      8975.40      5000.00    238421.00    105707.00     93740.00    151228.00
         0.00      16390.00      10190.00      17325.00 
      6185.00      21365.00       8425.00          0.00 
     13860.00
      8975.00      5000.00    239538.00    106157.00     94090.00    152044.00
         0.00      16485.00      10285.00      17200.00 
      6485.00      21590.00       8205.00          0.00 
     13840.00
      8974.60      5000.00    238853.00    105998.00     93630.00    151788.00
         0.00      16555.00      10250.00      16935.00 
      6310.00      21310.00       8305.00          0.00 
     13965.00
      8974.20      5000.00    238280.00    105817.00     93360.00    151218.00
         0.00      16300.00      10245.00      17095.00 
      6405.00      21415.00       8355.00          0.00 
     13545.00
      8973.80      5000.00    238425.00    105967.00     92195.00    151486.00
         0.00      16315.00      10030.00      17010.00 
      6265.00      20880.00       8070.00          0.00 
     13625.00
      8973.40      5000.00    238016.00    105793.00     91545.00    151264.00
         0.00      16140.00       9965.00      16995.00 
      6160.00      20685.00       8110.00          0.00 
     13490.00
      8973.00      5000.00    238304.00    105968.00     91145.00    151600.00
         0.00      16070.00      10125.00      16830.00 
      6210.00      20685.00       7905.00          0.00 
     13320.00
      8972.60      5000.00    238702.00    106187.00     90190.00    151969.00
         0.00      15950.00       9715.00      16790.00 
      6055.00      20590.00       7915.00          0.00 
     13175.00
      8972.20      5000.00    238040.00    106041.00     89500.00    151538.00
         0.00      15945.00       9715.00      16370.00 
      6065.00      20310.00       7815.00          0.00 
     13280.00
      8971.80      5000.00    237434.00    105864.00     88345.00    151315.00
         0.00      15575.00       9510.00      16270.00 
      6015.00      20245.00       7710.00          0.00 
     13020.00
      8971.40      5000.00    237347.00    105887.00     87990.00    151420.00
         0.00      15655.00       9435.00      16260.00 
      5980.00      19930.00       7790.00          0.00 
     12940.00
      8971.00      5000.00    237809.00    106091.00     86790.00    151904.00
         0.00      15255.00       9425.00      16520.00 
      5860.00      19605.00       7635.00          0.00 
     12490.00
      8970.60      5000.00    237367.00    106025.00     85220.00    151504.00
         0.00      14960.00       9200.00      15950.00 
      5700.00      19570.00       7355.00          0.00 
     12485.00
      8970.20      5000.00    237317.00    106070.00     85020.00    151463.00
         0.00      14930.00       9155.00      15980.00 
      5675.00      19345.00       7460.00          0.00 
     12475.00
      8969.80      5000.00    236409.00    105841.00     84690.00    150932.00
         0.00      14815.00       9065.00      15705.00 
      5790.00      19180.00       7580.00          0.00 
     12555.00
      8969.40      5000.00    237399.00    106251.00     83925.00    151722.00
         0.00      14975.00       9170.00      15525.00 
      5630.00      19175.00       7360.00          0.00 
     12090.00
      8969.00      5000.00    236931.00    106170.00     83895.00    151550.00
         0.00      14810.00       9185.00      15770.00 
      5570.00      19095.00       7335.00          0.00 
     12130.00
      8968.60      5000.00    236875.00    106150.00     82270.00    151688.00
         0.00      14475.00       8825.00      15405.00 
      5700.00      18840.00       7230.00          0.00 
     11795.00
      8968.20      5000.00    236812.00    106169.00     82375.00    151579.00
         0.00      14470.00       8920.00      15360.00 
      5490.00      19005.00       7030.00          0.00 
     12100.00
      8967.80      5000.00    236689.00    106227.00     81695.00    151930.00
         0.00      14390.00       8870.00      15405.00 
      5350.00      18605.00       7115.00          0.00 
     11960.00
      8967.40      5000.00    236001.00    106016.00     81175.00    151299.00
         0.00      14190.00       8940.00      15320.00 
      5460.00      18490.00       7110.00          0.00 
     11665.00
      8967.00      5000.00    236875.00    106371.00     80740.00    152071.00
         0.00      14140.00       8810.00      15355.00 
      5390.00      18400.00       6995.00          0.00 
     11650.00
      8966.60      5000.00    236125.00    106156.00     80920.00    151587.00
         0.00      14035.00       8720.00      15330.00 
      5495.00      18305.00       7165.00          0.00 
     11870.00
      8966.20      5000.00    237483.00    106671.00     80590.00    152726.00
         0.00      14115.00       8550.00      15385.00 
      5410.00      18545.00       6945.00          0.00 
     11640.00
      8965.80      5000.00    237119.00    106570.00     79290.00    152584.00
         0.00      14015.00       8525.00      14865.00 
      5170.00      18175.00       6915.00          0.00 
     11625.00
      8965.40      5000.00    236752.00    106488.00     78745.00    152474.00
         0.00      13660.00       8320.00      15075.00 
      5305.00      18035.00       6865.00          0.00 
     11485.00
      8965.00      5000.00    236628.00    106491.00     78210.00    152335.00
         0.00      13740.00       8350.00      14880.00 
      5295.00      17865.00       6730.00          0.00 
     11350.00
      8964.20      5000.00    235698.00    106272.00     77220.00    152106.00
         0.00      13405.00       8270.00      14765.00 
      5225.00      17705.00       6695.00          0.00 
     11155.00
      8963.40      5000.00    236010.00    106485.00     76380.00    152429.00
         0.00      13435.00       8090.00      14270.00 
      5240.00      17420.00       6780.00          0.00 
     11145.00
      8962.60      5000.00    235079.00    106201.00     74760.00    151846.00
         0.00      13170.00       7940.00      14350.00 
      4910.00      17110.00       6415.00          0.00 
     10865.00
      8961.80      5000.00    235547.00    106556.00     74085.00    152351.00
         0.00      12850.00       7975.00      13960.00 
      5000.00      17140.00       6460.00          0.00 
     10700.00
      8960.90      5000.00    234997.00    106479.00     72385.00    152362.00
         0.00      12525.00       7770.00      14015.00 
      4795.00      16570.00       6255.00          0.00 
     10455.00
      8960.00      5000.00    234911.00    106530.00     71765.00    152499.00
         0.00      12575.00       7705.00      13860.00 
      4735.00      16385.00       6325.00          0.00 
     10180.00
      8959.10      5000.00    234154.00    106432.00     70600.00    151994.00
         0.00      12265.00       7475.00      13455.00 
      4820.00      16000.00       6310.00          0.00 
     10275.00
      8958.20      5000.00    234075.00    106526.00     69430.00    152271.00
         0.00      12080.00       7330.00      13510.00 
      4560.00      15915.00       5935.00          0.00 
     10100.00
      8957.30      5001.00    234177.00    106649.00     69508.90    152588.00
         0.00      12177.43       7371.47      13527.71 
      4650.93      15808.16       6056.21          0.00 
      9916.98
      8956.40      5001.00    234784.00    106930.00     69693.94    153083.00
         0.00      12217.44       7426.48      13572.71 
      4690.94      15903.18       5956.19          0.00 
      9926.98
      8955.50      5001.00    234598.00    106997.00     68653.73    153266.00
         0.00      11772.35       7336.47      13367.67 
      4490.90      15623.12       5951.19          0.00 
     10112.02
      8954.50      5002.00    234171.00    106947.00     69317.72    153133.00
         0.00      11969.79       7402.96      13620.45 
      4551.82      15736.29       6067.43          0.00 
      9968.99
      8953.50      5002.00    233485.00    106816.00     69882.94    152695.00
         0.00      12179.87       7427.97      13415.36 
      4551.82      15996.40       6152.46          0.00 
     10159.06
      8952.50      5003.00    233933.00    107115.00     70317.16    153397.00
         0.00      12307.38       7389.43      13573.14 
      4757.85      15939.56       5973.58          0.00 
     10376.22
      8951.50      5004.00    233567.00    107053.00     70086.02    153305.00
         0.00      12249.79       7485.98      13555.84 
      4643.71      15987.78       5904.72          0.00 
     10258.20
      8950.50      5005.00    234228.00    107439.00     72026.95    153717.00
         0.00      12437.42       7712.71      13643.63 
      4729.73      16551.54       6481.48          0.00 
     10470.46
      8949.50      5006.00    233579.00    107355.00     72046.35    153588.00
         0.00      12675.19       7784.33      13731.46 
      4800.75      16459.73       6177.40          0.00 
     10417.49
      8948.50      5007.00    231889.00    106868.00     72025.70    152629.00
         0.00      12602.62       7705.77      13739.21 
      4706.58      16653.28       6233.71          0.00 
     10384.52
      8947.50      5008.00    232940.00    107356.00     72866.40    153714.00
         0.00      12910.62       7852.54      13842.11 
      4862.77      16486.34       6410.24          0.00 
     10501.78
      8946.40      5010.00    232081.00    107179.00     73777.27    153029.00
         0.00      12910.77       7965.90      14048.04 
      4804.59      16973.88       6447.87          0.00 
     10626.21
      8945.30      5011.00    231397.00    107061.00     73646.67    153074.00
         0.00      12943.41       7822.17      13895.50 
      4960.89      16761.79       6424.10          0.00 
     10838.79
      8944.20      5013.00    231498.00    107205.00     74553.34    153284.00
         0.00      12903.46       7960.64      14136.66 
      5033.05      17099.34       6451.73          0.00 
     10968.44
      8943.10      5015.00    232126.00    107620.00     75801.72    153732.00
         0.00      13249.63       8109.25      14192.45 
      5060.13      17281.69       6765.23          0.00 
     11143.33
      8942.00      5017.00    231099.00    107337.00     75701.52    153271.00
         0.00      13139.52       8283.07      14273.37 
      5132.39      17178.21       6717.76          0.00 
     10977.20
      8940.90      5020.00    231786.00    107711.00     76921.45    154187.00
         0.00      13508.82       8262.92      14216.64 
      5235.86      17585.06       6691.66          0.00 
     11420.50
      8939.80      5022.00    230279.00    107263.00     76158.62    153306.00
         0.00      13413.76       8261.19      14121.86 
      5182.70      17366.08       6754.59          0.00 
     11058.44
      8938.60      5025.00    231258.00    107805.00     77716.66    154498.00
         0.00      13517.25       8376.67      14381.55 
      5215.95      17793.53       7024.95          0.00 
     11406.75
      8937.40      5028.00    231165.00    107892.00     77989.30    154461.00
         0.00      13731.47       8155.42      14430.36 
      5369.90      18050.52       6772.72          0.00 
     11478.92
      8936.20      5031.00    230197.00    107681.00     78413.17    154006.00
         0.00      13910.72       8286.06      14589.90 
      5302.67      18031.11       6902.53          0.00 
     11390.18
      8935.00      5035.00    230879.00    108034.00     79215.65    154503.00
         0.00      13977.16       8599.78      14505.83 
      5362.27      18131.04       6953.33          0.00 
     11686.23
      8933.80      5039.00    230419.00    108001.00     79565.81    154462.00
         0.00      14245.25       8651.96      14668.53 
      5336.30      18054.74       6963.90          0.00 
     11645.13
      8932.60      5042.00    229994.00    107992.00     79189.64    154477.00
         0.00      13981.47       8611.74      14596.59 
      5319.31      18110.86       6952.92          0.00 
     11616.77
      8931.40      5047.00    229331.00    107863.00     80030.28    154279.00
         0.00      13889.34       8620.28      14767.52 
      5375.05      18461.93       7075.89          0.00 
     11840.26
      8930.20      5051.00    227962.00    107378.00     79315.85    153618.00
         0.00      13986.22       8586.70      14637.80 
      5414.67      18148.24       7020.89          0.00 
     11521.33
      8928.90      5056.00    228893.00    108060.00     79753.34    154473.00
         0.00      14010.18       8640.70      14561.28 
      5440.26      18328.00       6992.45          0.00 
     11780.48
      8927.60      5061.00    230237.00    108814.00     80242.15    155672.00
         0.00      14110.07       8947.85      14808.49 
      5344.42      18113.32       7105.64          0.00 
     11812.37
      8926.30      5067.00    230507.00    109151.00     79871.12    156035.00
         0.00      14278.81       8781.11      14577.76 
      5295.02      18190.53       6956.99          0.00 
     11790.91
      8925.00      5072.00    229690.00    108989.00     79655.76    155796.00
         0.00      14277.68       8708.62      14313.18 
      5487.90      18122.26       7029.79          0.00 
     11716.32
      8923.70      5078.00    231215.00    109715.00     80008.97    157268.00
         0.00      14213.32       8759.55      14391.05 
      5397.91      18407.75       6987.33          0.00 
     11852.05
      8922.40      5084.00    229896.00    109400.00     78888.44    156603.00
         0.00      13925.08       8683.47      14463.98 
      5272.11      18048.20       6863.40          0.00 
     11632.19
      8921.10      5091.00    229678.00    109482.00     79394.15    156920.00
         0.00      14035.89       8715.79      14509.35 
      5381.19      18083.23       7086.67          0.00 
     11582.03
      8919.80      5098.00    230568.00    110059.00     79064.88    157811.00
         0.00      13784.99       8697.19      14697.53 
      5352.90      17853.20       6979.16          0.00 
     11699.91
      8918.40      5105.00    230569.00    110343.00     79015.20    157796.00
         0.00      13941.75       8627.45      14436.94 
      5406.19      18138.06       6886.65          0.00 
     11578.14
      8917.00      5113.00    229955.00    110230.00     78602.15    157798.00
         0.00      13968.72       8502.92      14485.13 
      5266.39      18105.13       6866.76          0.00 
     11407.10
      8915.60      5121.00    229011.00    110090.00     78254.00    157536.00
         0.00      13954.72       8465.01      14302.95 
      5269.51      17841.56       7010.65          0.00 
     11409.59
      8914.20      5130.00    230991.00    111089.00     78232.50    159149.00
         0.00      13799.70       8474.76      14045.94 
      5412.15      18057.60       6858.81          0.00 
     11583.54
      8912.80      5138.00    229079.00    110530.00     77609.49    157999.00
         0.00      13713.32       8554.77      14011.33 
      5215.07      17869.96       6854.09          0.00 
     11390.95
      8911.40      5148.00    230341.00    111266.00     77400.18    159452.00
         0.00      13791.49       8319.17      14120.96 
      5158.30      17822.38       6877.73          0.00 
     11310.16
      8910.00      5157.00    229912.00    111276.00     77587.07    159490.00
         0.00      13696.99       8416.22      14140.49 
      5198.26      17724.61       6879.44          0.00 
     11531.05
      8908.50      5167.00    229406.00    111389.00     76512.94    159351.00
         0.00      13625.38       8282.70      13940.57 
      5151.50      17371.45       6975.45          0.00 
     11165.89
      8907.00      5178.00    230023.00    111815.00     76069.99    160268.00
         0.00      13442.09       8253.73      13840.79 
      5224.60      17346.30       6705.51          0.00 
     11256.97
      8905.50      5189.00    230108.00    112124.00     76210.84    160564.00
         0.00      13325.35       8177.86      13802.74 
      5225.32      17544.01       6880.61          0.00 
     11254.94
      8904.00      5200.00    229850.00    112205.00     75774.39    160664.00
         0.00      13488.80       8231.60      13832.00 
      5054.40      17362.80       6702.80          0.00 
     11102.00
      8902.50      5212.00    230478.00    112685.00     75266.49    161564.00
         0.00      13358.36       8151.57      13863.92 
      5185.94      17204.81       6494.15          0.00 
     11007.74
      8901.00      5224.00    230355.00    112871.00     74703.20    161829.00
         0.00      13216.72       8201.68      13530.16 
      4905.34      17218.30       6796.42          0.00 
     10834.58
      8899.50      5237.00    230959.00    113380.00     75040.97    162416.00
         0.00      13207.71       8227.33      13605.73 
      5179.39      17360.65       6546.25          0.00 
     10913.91
      8898.00      5250.00    230472.00    113471.00     74434.50    162819.00
         0.00      13114.50       8001.00      13571.25 
      5155.50      16983.75       6620.25          0.00 
     10988.25
      8896.40      5264.00    231236.00    113975.00     74285.56    163630.00
         0.00      13138.94       7959.17      13507.42 
      5058.70      17144.85       6537.89          0.00 
     10938.59
      8894.80      5278.00    231814.00    114535.00     74609.80    164451.00
         0.00      13263.61       8154.51      13685.85 
      4966.60      17158.78       6534.16          0.00 
     10846.29
      8893.20      5293.00    232441.00    115053.00     74715.99    165149.00
         0.00      13216.62       8172.39      13597.72 
      5102.45      17202.25       6298.67          0.00 
     11125.89
      8891.60      5308.00    232067.00    115209.00     74418.16    165399.00
         0.00      13089.53       8062.85      13684.02 
      5154.07      17006.83       6507.61          0.00 
     10913.25
      8890.00      5324.00    231890.00    115370.00     73859.85    165369.00
         0.00      13011.86       7943.41      13208.84 
      5089.74      17004.86       6548.52          0.00 
     11052.62
      8888.40      5340.00    232919.00    116087.00     74797.39    166454.00
         0.00      13221.84       8212.92      13670.40 
      5051.64      17301.60       6546.84          0.00 
     10792.14
      8886.80      5356.00    231613.00    115878.00     74293.08    165956.00
         0.00      13352.51       7959.02      13481.05 
      4991.79      17112.42       6684.29          0.00 
     10712.00
      8885.20      5373.00    232018.00    116279.00     74819.02    166677.00
         0.00      13437.87       8075.62      13620.56 
      5152.71      17107.63       6641.03          0.00 
     10783.61
      8883.50      5391.00    232323.00    116722.00     75102.02    167402.00
         0.00      13348.12       8091.89      13569.15 
      5121.45      17278.15       6609.37          0.00 
     11083.90
      8881.80      5410.00    233296.00    117387.00     75366.71    168263.00
         0.00      13470.90       8255.66      13552.05 
      5166.55      17306.59       6600.20          0.00 
     11014.76
      8880.10      5429.00    232715.00    117393.00     75468.53    168184.00
         0.00      13377.06       8338.94      13263.05 
      5217.27      17345.65       6764.53          0.00 
     11162.02
      8878.40      5448.00    234340.00    118457.00     75868.84    169782.00
         0.00      13532.83       8052.14      13876.06 
      5159.26      17531.66       6613.87          0.00 
     11103.02
      8876.70      5468.00    234325.00    118742.00     76245.78    170309.00
         0.00      13467.68       8311.36      13730.15 
      5139.92      17464.79       6818.60          0.00 
     11313.29
      8875.00      5489.00    234218.00    119009.00     76560.57    170526.00
         0.00      13557.83       8425.62      13793.86 
      5203.57      17537.36       6745.98          0.00 
     11296.36
      8873.30      5509.00    234920.00    119583.00     76657.73    171596.00
         0.00      13651.30       8252.48      13766.99 
      5134.39      17755.51       6825.65          0.00 
     11271.41
      8871.60      5531.00    235420.00    120081.00     76891.97    172102.00
         0.00      13678.16       8451.37      13584.14 
      5210.20      17588.58       6996.72          0.00 
     11382.80
      8869.80      5554.00    235671.00    120538.00     77139.50    172903.00
         0.00      13746.15       8336.55      13785.03 
      5359.61      17617.29       6859.19          0.00 
     11435.69
      8868.00      5577.00    236369.00    121181.00     77637.42    173890.00
         0.00      13830.96       8532.81      13886.73 
      5303.73      17941.21       6826.25          0.00 
     11315.73
      8866.20      5601.00    238013.00    122198.00     79086.12    175312.00
         0.00      14148.13       8709.55      13856.87 
      5192.13      18264.86       7096.47          0.00 
     11818.11
      8864.40      5625.00    237808.00    122438.00     78502.50    175790.00
         0.00      13809.38       8572.50      13921.88 
      5433.75      18000.00       7081.88          0.00 
     11683.12
      8862.60      5650.00    237093.00    122489.00     78320.30    175748.00
         0.00      14074.15       8650.15      13627.80 
      5316.65      18164.75       6994.70          0.00 
     11492.10
      8860.80      5676.00    238198.00    123338.00     79293.73    176936.00
         0.00      14184.32       8718.34      14019.72 
      5380.85      18412.95       6998.51          0.00 
     11579.04
      8859.00      5702.00    239401.00    124101.00     79719.66    178190.00
         0.00      14044.03       8849.50      14118.15 
      5485.32      18212.19       7150.31          0.00 
     11860.16
      8857.20      5728.00    240316.00    124915.00     79888.41    179286.00
         0.00      14314.27       8677.92      14222.62 
      5441.60      18318.14       7142.82          0.00 
     11771.04
      8855.30      5756.00    241068.00    125611.00     80428.59    180411.00
         0.00      14257.61       8783.66      14073.42 
      5548.78      18488.27       7102.90          0.00 
     12173.94
      8853.40      5785.00    241764.00    126256.00     80955.29    181404.00
         0.00      14664.97       8793.20      14352.58 
      5565.17      18558.28       7121.33          0.00 
     11899.75
      8851.50      5814.00    241902.00    126682.00     80512.27    182036.00
         0.00      14546.63       8971.00      14069.88 
      5505.86      18383.87       7267.50          0.00 
     11767.54
      8849.60      5844.00    242297.00    127265.00     80699.79    182671.00
         0.00      14475.59       8941.32      14335.33 
      5499.20      18414.44       7088.77          0.00 
     11945.14
      8847.70      5875.00    243801.00    128332.00     81891.62    184360.00
         0.00      14722.75       8918.25      14252.75 
      5452.00      18841.12       7414.25          0.00 
     12290.50
      8845.80      5906.00    244651.00    129092.00     81857.16    185402.00
         0.00      14670.50       8994.84      14327.96 
      5734.73      18786.99       7258.47          0.00 
     12083.68
      8843.90      5937.00    244689.00    129590.00     81764.37    186131.00
         0.00      14824.69       8976.74      14201.30 
      5711.39      18470.01       7361.88          0.00 
     12218.35
      8842.00      5969.00    245230.00    130252.00     82097.62    186819.00
         0.00      14600.17       8971.41      14259.94 
      5724.27      18975.45       7264.27          0.00 
     12302.11
      8840.00      6003.00    245901.00    130948.00     81700.84    187842.00
         0.00      14653.32       8992.49      14023.01 
      5588.79      18849.42       7419.71          0.00 
     12174.08
      8838.00      6038.00    246234.00    131561.00     81814.90    188587.00
         0.00      14799.14       8960.39      14328.17 
      5730.06      18808.37       7130.88          0.00 
     12057.89
      8836.00      6073.00    246862.00    132257.00     82137.33    189738.00
         0.00      14781.68       9164.16      14235.11 
      5526.43      18972.05       7415.13          0.00 
     12042.76
      8834.00      6109.00    248661.00    133433.00     82587.57    191470.00
         0.00      14551.64       8992.45      14490.55 
      5693.59      19041.75       7483.53          0.00 
     12334.07
      8832.00      6145.00    248977.00    134042.00     81753.08    192339.00
         0.00      14563.65       9039.29      14139.64 
      5665.69      18822.13       7244.96          0.00 
     12277.71
      8830.00      6182.00    249527.00    134749.00     82443.15    193625.00
         0.00      15034.62       9031.90      14298.97 
      5718.35      18904.56       7208.21          0.00 
     12246.54
      8828.00      6220.00    250618.00    135652.00     82875.28    195010.00
         0.00      14996.42       9087.42      14088.30 
      5790.82      19114.06       7482.66          0.00 
     12315.60
      8826.00      6258.00    252173.00    136800.00     82517.98    196628.00
         0.00      14818.94       9130.42      14099.27 
      5619.68      19074.38       7534.63          0.00 
     12240.65
      8823.90      6299.00    253255.00    137803.00     82794.05    197895.00
         0.00      14796.35       9146.15      14116.06 
      5757.29      19073.37       7502.11          0.00 
     12402.73
      8821.80      6340.00    253121.00    138112.00     82920.86    198327.00
         0.00      14886.32       8952.08      14360.10 
      5686.98      19159.48       7563.62          0.00 
     12312.28
      8819.70      6382.00    255499.00    139721.00     83546.76    201024.00
         0.00      14965.79       9266.66      14391.41 
      5884.20      19305.55       7358.45          0.00 
     12374.70
      8817.60      6424.00    255644.00    140303.00     83717.56    201651.00
         0.00      15006.46       9301.95      14498.97 
      5743.06      19329.81       7496.81          0.00 
     12340.50
      8815.50      6467.00    258062.00    141938.00     84174.47    204216.00
         0.00      15093.98       9286.61      14492.55 
      5846.17      19200.52       7618.13          0.00 
     12636.52
      8813.40      6511.00    259898.00    143257.00     84499.77    206604.00
         0.00      15261.78       9414.91      14382.80 
      5814.32      19493.93       7559.27          0.00 
     12572.74
      8811.30      6555.00    260256.00    143972.00     84389.06    207565.00
         0.00      15148.60       9393.31      14204.68 
      5906.05      19573.23       7557.92          0.00 
     12605.26
      8809.20      6600.00    260805.00    144744.00     84268.80    208460.00
         0.00      15331.80       9517.20      14480.40 
      5709.00      19232.40       7510.80          0.00 
     12487.20
      8807.00      6648.00    261679.00    145727.00     85007.97    209465.00
         0.00      15237.22       9473.40      14765.21 
      5930.02      19438.75       7452.41          0.00 
     12710.98
      8804.80      6696.00    262599.00    146705.00     85976.64    211173.00
         0.00      15367.32       9427.97      14744.59 
      6046.49      19545.62       7807.54          0.00 
     13037.11
      8802.60      6745.00    264296.00    148165.00     86275.29    213046.00
         0.00      15601.18       9611.62      14825.51 
      5699.52      19891.00       7803.96          0.00 
     12842.48
      8800.40      6795.00    264326.00    148651.00     85956.75    213798.00
         0.00      15411.06       9499.41      14534.50 
      5999.98      19793.84       7970.54          0.00 
     12747.42
      8798.20      6845.00    265664.00    149708.00     86069.03    215585.00
         0.00      15360.18       9439.25      14771.51 
      5879.85      20021.62       7789.61          0.00 
     12806.99
      8796.00      6896.00    268865.00    151958.00     86882.71    218799.00
         0.00      15502.21       9530.27      14874.67 
      6054.69      20267.34       7854.54          0.00 
     12798.98
      8793.80      6948.00    270208.00    153140.00     87593.43    220531.00
         0.00      15737.22       9664.67      15028.52 
      5982.23      20295.11       7906.82          0.00 
     12978.86
      8791.60      7000.00    269501.00    153362.00     87444.00    220943.00
         0.00      15778.00       9597.00      14931.00 
      5922.00      20321.00       7924.00          0.00 
     12971.00
      8789.40      7053.00    271024.00    154493.00     88388.20    222774.00
         0.00      16010.31       9711.98      14917.09 
      6072.63      20496.02       7976.94          0.00 
     13203.22
      8787.10      7109.00    270375.00    154984.00     88336.43    223221.00
         0.00      16016.58       9689.57      15120.84 
      6092.41      20310.41       7926.54          0.00 
     13180.09
      8784.80      7166.00    275312.00    157834.00     89804.31    227611.00
         0.00      16187.99       9874.75      15378.24 
      6191.42      20774.23       8054.58          0.00 
     13343.09
      8782.50      7223.00    275686.00    158620.00     89478.52    228536.00
         0.00      16316.76       9917.18      14886.60 
      6190.11      20946.70       7945.30          0.00 
     13275.87
      8780.20      7281.00    277521.00    160059.00     90371.77    230984.00
         0.00      16425.94       9800.23      15268.26 
      6305.35      20918.31       8030.94          0.00 
     13622.75
      8777.90      7340.00    277172.00    160517.00     89995.74    231347.00
         0.00      16236.08       9997.08      15157.10 
      6261.02      20801.56       8088.68          0.00 
     13454.22
      8775.60      7400.00    279978.00    162693.00     91493.60    234536.00
         0.00      16568.60      10219.40      15192.20 
      6334.40      21112.20       8273.20          0.00 
     13793.60
      8773.30      7460.00    281412.00    163995.00     91802.76    236481.00
         0.00      16523.90      10302.26      15449.66 
      6363.38      21343.06       8243.30          0.00 
     13577.20
      8771.00      7521.00    282550.00    165264.00     92297.71    238108.00
         0.00      16659.02      10273.69      15410.53 
      6483.10      21246.82       8370.87          0.00 
     13853.68
      8768.60      7585.00    284251.00    166833.00     93378.94    240644.00
         0.00      16793.19      10436.96      15503.74 
      6689.97      21526.23       8464.86          0.00 
     13963.99
      8766.20      7650.00    285743.00    168196.00     93743.10    242478.00
         0.00      16768.80      10526.40      15644.25 
      6563.70      21634.20       8384.40          0.00 
     14221.35
      8763.80      7716.00    286262.00    169095.00     93664.52    243997.00
         0.00      17299.27      10370.30      15601.75 
      6481.44      21527.64       8418.16          0.00 
     13965.96
      8761.40      7783.00    290864.00    172047.00     95077.13    248423.00
         0.00      17153.73      10639.36      15799.49 
      6599.98      22111.50       8724.74          0.00 
     14048.32
      8759.00      7850.00    291122.00    172924.00     95440.30    249593.00
         0.00      17568.30      10526.85      15935.50 
      6531.20      22074.20       8642.85          0.00 
     14161.40
      8756.60      7918.00    291850.00    174022.00     95594.02    251267.00
         0.00      17102.88      10625.96      16018.11 
      6738.22      21932.86       8788.98          0.00 
     14387.01
      8754.20      7987.00    294480.00    176027.00     96722.58    254441.00
         0.00      17515.49      10670.63      16085.82 
      6876.81      22419.51       8737.78          0.00 
     14416.54
      8751.80      8056.00    296480.00    177704.00     97429.26    256479.00
         0.00      18029.33      10811.15      16192.56 
      6871.77      22363.46       8636.03          0.00 
     14524.97
      8749.40      8127.00    298480.00    179491.00     98287.94    259159.00
         0.00      17838.77      10906.43      16254.00 
      6826.68      22836.87       8915.32          0.00 
     14709.87
      8746.90      8201.00    298853.00    180404.00     98133.17    260970.00
         0.00      17812.57      10743.31      16402.00 
      6724.82      22806.98       8947.29          0.00 
     14696.19
      8744.40      8275.00    300083.00    181869.00     98282.16    262797.00
         0.00      17973.30      10691.30      16450.70 
      6835.15      22863.82       8804.60          0.00 
     14663.30
      8741.90      8351.00    303150.00    184025.00     99543.92    266296.00
         0.00      18205.18      11065.08      16292.80 
      6998.14      23015.36       9102.59          0.00 
     14864.78
      8739.40      8427.00    303845.00    185278.00     99716.69    267864.00
         0.00      18067.49      11064.65      16457.93 
      6943.85      23106.83       9084.31          0.00 
     14991.63
      8736.90      8505.00    307029.00    187726.00    100665.18    271506.00
         0.00      18455.85      11167.07      16499.70 
      7033.64      23184.63       9278.96          0.00 
     15045.34
      8734.40      8583.00    309354.00    189498.00    101794.38    274526.00
         0.00      18513.53      11320.98      16788.35 
      7046.64      23620.42       9321.14          0.00 
     15183.33
      8731.90      8661.00    309068.00    190218.00    100987.27    274963.00
         0.00      18473.91      11250.64      16655.10 
      6937.46      23324.07       9223.96          0.00 
     15122.11
      8729.40      8741.00    311394.00    192179.00    102016.22    277838.00
         0.00      18627.07      11214.70      16913.84 
      7123.92      23320.99       9379.09          0.00 
     15436.61
      8726.90      8821.00    313358.00    193920.00    103329.19    280922.00
         0.00      18868.12      11555.51      17006.89 
      7206.76      23675.56       9359.08          0.00 
     15657.28
      8724.30      8906.00    314504.00    195365.00    102659.47    282913.00
         0.00      18747.13      11355.15      16707.66 
      7071.36      23868.08       9253.33          0.00 
     15656.75
      8721.70      8991.00    317183.00    197619.00    103891.02    286492.00
         0.00      19060.92      11589.40      16876.11 
      7183.81      24140.84       9431.56          0.00 
     15608.38
      8719.10      9077.00    318111.00    198965.00    103341.65    288004.00
         0.00      19061.70      11273.63      17128.30 
      7207.14      23808.97       9340.23          0.00 
     15521.67
      8716.50      9164.00    320030.00    200754.00    104570.40    290881.00
         0.00      18896.17      11702.43      17127.52 
      7358.69      24220.45       9548.89          0.00 
     15716.26
      8713.90      9252.00    322391.00    202818.00    105121.22    294291.00
         0.00      19216.40      11527.99      17467.78 
      7272.07      24240.24       9511.06          0.00 
     15885.68
      8711.30      9340.00    324179.00    205036.00    105607.38    297156.00
         0.00      19520.60      11544.24      17204.28 
      7378.60      24526.84       9564.16          0.00 
     15868.66
      8708.70      9430.00    326117.00    206961.00    106794.76    300297.00
         0.00      19350.36      11787.50      17388.92 
      7421.41      24593.44      10052.38          0.00 
     16200.74
      8706.10      9520.00    327209.00    208458.00    106119.45    302520.00
         0.00      19449.36      11700.08      17440.64 
      7435.12      24637.76       9643.76          0.00 
     15812.72
      8703.50      9611.00    330238.00    210867.00    107354.88    306064.00
         0.00      19644.88      11927.25      17549.69 
      7342.80      25200.04       9639.83          0.00 
     16050.37
      8700.80      9707.00    332501.00    213096.00    107514.73    309246.00
         0.00      19646.97      11900.78      17540.55 
      7581.17      24937.28       9707.00          0.00 
     16200.98
      8698.10      9803.00    332642.00    214296.00    108587.84    310802.00
         0.00      20066.74      12047.89      17478.75 
      7607.13      25389.77       9920.64          0.00 
     16076.92
      8695.40      9900.00    336784.00    217298.00    109256.40    315832.00
         0.00      19859.40      11988.90      17760.60 
      7722.00      25353.90      10028.70          0.00 
     16542.90
      8692.70      9999.00    339376.00    219782.00    110098.98    319073.00
         0.00      20207.98      12228.78      17778.22 
      7709.23      25747.42       9959.00          0.00 
     16468.35
      8690.00     10098.00    341269.00    221836.00    111108.28    322106.00
         0.00      20397.96      12380.15      18186.50 
      7745.17      25608.53      10219.18          0.00 
     16570.82
      8687.30     10198.00    341744.00    223106.00    111249.97    323993.00
         0.00      20314.42      12461.96      18132.04 
      7893.25      25749.95      10198.00          0.00 
     16500.36
      8684.60     10299.00    345735.00    226203.00    112495.97    328716.00
         0.00      20618.60      12605.98      18167.44 
      7940.53      25891.69      10319.60          0.00 
     16952.15
      8681.90     10400.00    346628.00    227925.00    112767.19    331058.00
         0.00      20623.20      12521.60      18387.20 
      7987.20      26135.20      10285.60          0.00 
     16827.20
      8679.20     10503.00    349963.00    230738.00    113726.49    335673.00
         0.00      20848.46      12519.58      18978.92 
      7803.73      26289.01      10334.95          0.00 
     16951.84
      8676.40     10611.00    351718.00    232769.00    114482.08    338283.00
         0.00      20808.17      12807.48      18558.64 
      8043.14      26453.22      10632.22          0.00 
     17179.21
      8673.60     10719.00    353144.00    234657.00    114864.80    341601.00
         0.00      21073.55      12852.08      18565.31 
      8232.19      26722.47      10440.31          0.00 
     16978.90
      8670.80     10828.00    355312.00    236841.00    115383.17    344822.00
         0.00      21309.50      12712.07      18570.02 
      7926.10      26777.64      10622.27          0.00 
     17465.56
      8668.00     10938.00    357948.00    239452.00    116260.00    348844.00
         0.00      21427.54      13125.60      18605.54 
      8061.31      26962.17      10609.86          0.00 
     17467.99
      8665.20     11050.00    360774.00    242577.00    118091.35    352489.00
         0.00      21867.95      13061.10      19160.70 
      8309.60      27238.25      10961.60          0.00 
     17492.15
      8662.40     11162.00    364149.00    245505.00    118741.35    357273.00
         0.00      21732.41      13193.48      19087.02 
      8349.18      27614.79      10804.82          0.00 
     17959.66
      8659.60     11275.00    364861.00    246886.00    118274.75    359174.00
         0.00      21557.80      13462.35      18851.80 
      8422.42      27150.20      10981.85          0.00 
     17848.32
      8656.80     11389.00    365652.00    248479.00    118673.38    361673.00
         0.00      22060.49      13165.68      18803.24 
      8291.19      27834.72      10751.22          0.00 
     17766.84
      8654.00     11504.00    369336.00    251587.00    120377.86    366543.00
         0.00      22536.34      13298.62      19361.23 
      8409.42      27885.70      11009.33          0.00 
     17877.21
      8651.10     11624.00    369949.00    252975.00    120703.61    368639.00
         0.00      22143.72      13414.10      19307.46 
      8450.65      28153.33      11124.17          0.00 
     18110.19
      8648.20     11745.00    374196.00    257000.00    121783.91    374453.00
         0.00      22385.97      13471.51      19390.99 
      8432.91      28364.17      11146.00          0.00 
     18592.33
      8645.30     11867.00    375342.00    258785.00    123476.12    377613.00
         0.00      22606.63      13623.32      19829.76 
      8734.11      28563.87      11439.79          0.00 
     18678.66
      8642.40     11990.00    376124.00    260355.00    122477.84    379822.00
         0.00      22517.22      13452.78      19567.68 
      8620.81      28404.31      11558.36          0.00 
     18356.69
      8639.50     12114.00    375766.00    261295.00    122739.06    380475.00
         0.00      22737.98      13640.36      19661.02 
      8552.48      28370.99      11326.59          0.00 
     18449.62
      8636.60     12240.00    378374.00    263991.00    124040.16    384920.00
         0.00      23035.68      13782.24      19804.32 
      8812.80      28592.64      11370.96          0.00 
     18641.52
      8633.70     12366.00    382770.00    268147.00    125094.46    390704.00
         0.00      22864.73      14072.51      19946.36 
      8755.13      28998.27      11500.38          0.00 
     18957.08
      8630.80     12493.00    385094.00    270668.00    125342.27    395111.00
         0.00      23336.92      13929.70      19901.35 
      8882.52      28921.29      11506.05          0.00 
     18864.43
      8627.90     12621.00    386549.00    272813.00    126336.21    397950.00
         0.00      23159.54      14173.38      20357.67 
      9061.88      29305.96      11459.87          0.00 
     18817.91
      8624.90     12754.00    391632.00    277604.00    127399.70    405074.00
         0.00      23314.31      14207.96      20215.09 
      9131.86      29576.53      11720.93          0.00 
     19233.03
      8621.90     12889.00    394889.00    280946.00    129122.00    410025.00
         0.00      24076.65      14409.90      20235.73 
      8932.08      29915.37      12038.33          0.00 
     19513.95
      8618.90     13025.00    396780.00    283303.00    130184.88    413264.00
         0.00      24226.50      14731.27      20566.47 
      9104.47      30061.70      12022.07          0.00 
     19472.38
      8615.90     13161.00    400041.00    286920.00    130464.99    418320.00
         0.00      23900.38      14714.00      20925.99 
      9331.15      30112.37      11884.38          0.00 
     19596.73
      8612.90     13299.00    400189.00    288373.00    131460.61    420600.00
         0.00      24177.58      14615.60      20866.13 
      9322.60      30640.89      12195.18          0.00 
     19642.62
      8609.90     13438.00    401726.00    290587.00    131853.66    424059.00
         0.00      24215.28      14714.61      20936.40 
      9312.53      30598.33      12309.21          0.00 
     19767.30
      8606.90     13578.00    407116.00    295646.00    133010.09    431346.00
         0.00      24467.56      14854.33      21168.10 
      9382.40      30767.75      12247.36          0.00 
     20122.60
      8603.90     13719.00    406354.00    296484.00    132251.16    432485.00
         0.00      24474.70      14816.52      20811.72 
      9479.83      30716.84      12292.22          0.00 
     19659.33
      8600.90     13861.00    412200.00    301642.00    134521.02    440594.00
         0.00      24838.91      14969.88      21179.61 
      9397.76      31422.89      12308.57          0.00 
     20403.39
      8597.90     14004.00    412532.00    303355.00    134970.56    442799.00
         0.00      24787.08      15278.36      21412.12 
      9410.69      31368.96      12281.51          0.00 
     20431.84
      8594.80     14153.00    417599.00    308163.00    135925.42    449813.00
         0.00      25022.50      15242.78      21243.65 
      9609.89      31745.18      12596.17          0.00 
     20465.24
      8591.70     14303.00    419363.00    310652.00    137694.98    453640.00
         0.00      25344.92      15461.54      21669.04 
      9783.25      32024.42      12686.76          0.00 
     20725.05
      8588.60     14454.00    422284.00    314141.00    138021.27    459242.00
         0.00      25684.76      15364.60      21565.37 
      9655.27      32232.42      12705.07          0.00 
     20813.76
      8585.50     14606.00    423508.00    316285.00    138012.09    462154.00
         0.00      25794.20      15657.63      21748.33 
      9610.75      31753.44      12678.01          0.00 
     20769.73
      8582.40     14760.00    427745.00    320873.00    139732.92    468721.00
         0.00      25815.24      15704.64      22051.44 
      9992.52      32339.16      12929.76          0.00 
     20900.16
      8579.30     14914.00    428737.00    322876.00    140683.75    471846.00
         0.00      25995.10      15972.89      22266.60 
      9887.98      32691.49      12945.35          0.00 
     20924.34
      8576.20     15070.00    431555.00    326252.00    141778.56    476673.00
         0.00      26146.45      15838.57      22213.18 
     10096.90      33259.49      13141.04          0.00 
     21082.93
      8573.10     15227.00    435274.00    330613.00    142631.31    483921.00
         0.00      26540.66      15729.49      22475.05 
     10034.59      33286.22      13095.22          0.00 
     21470.07
      8570.00     15385.00    436296.00    332817.00    142788.19    487106.00
         0.00      26492.97      15846.55      22769.80 
      9969.48      33031.59      13200.33          0.00 
     21477.46
      8566.90     15544.00    438511.00    335682.00    143082.52    491374.00
         0.00      26393.71      15994.78      22492.17 
     10150.23      33077.63      13321.21          0.00 
     21652.79
      8563.70     15709.00    440481.00    338756.00    143784.48    495289.00
         0.00      26469.66      16305.94      22385.32 
     10038.05      33664.39      13211.27          0.00 
     21709.84
      8560.50     15875.00    444813.00    343265.00    145542.00    502661.00
         0.00      26828.75      16049.62      22907.62 
     10398.12      33813.75      13604.88          0.00 
     21939.25
      8557.30     16043.00    445159.00    344953.00    145927.12    505452.00
         0.00      27048.50      16444.07      22748.97 
     10139.18      33802.60      13556.33          0.00 
     22187.47
      8554.10     16212.00    448008.00    348567.00    146605.11    510519.00
         0.00      27219.95      16309.27      22745.44 
     10197.35      34239.74      13520.81          0.00 
     22372.56
      8550.90     16382.00    450360.00    352021.00    147716.50    515563.00
         0.00      27849.40      16513.06      22836.51 
     10418.95      34238.38      13597.06          0.00 
     22263.14
      8547.70     16553.00    455001.00    356987.00    148927.33    523546.00
         0.00      27477.98      16718.53      23141.09 
     10627.03      34695.09      13838.31          0.00 
     22429.31
      8544.50     16725.00    454021.00    357713.00    148869.22    524420.00
         0.00      27696.60      16490.85      23415.00 
     10787.62      34453.50      13681.05          0.00 
     22344.60
      8541.30     16899.00    459739.00    363413.00    150739.08    533197.00
         0.00      27832.65      16915.90      23422.01 
     10815.36      35031.63      13924.78          0.00 
     22796.75
      8538.10     17074.00    462209.00    366834.00    151343.92    539025.00
         0.00      28052.58      17125.22      23630.42 
     10978.58      35104.14      13864.09          0.00 
     22588.90
      8534.90     17249.00    462904.00    369107.00    152032.69    541718.00
         0.00      28219.37      17300.75      23613.88 
     10659.88      35325.95      13971.69          0.00 
     22941.17
      8531.60     17432.00    462415.00    370142.00    151867.58    543597.00
         0.00      28274.70      16821.88      23446.04 
     10825.27      35421.82      14050.19          0.00 
     23027.67
      8528.30     17616.00    465219.00    374065.00    152413.62    549502.00
         0.00      28449.84      17087.52      23728.75 
     10675.30      35320.08      14233.73          0.00 
     22918.41
      8525.00     17801.00    468716.00    378562.00    153818.45    555456.00
         0.00      28802.02      17124.56      23746.54 
     10823.01      35780.01      14329.81          0.00 
     23212.50
      8521.70     17987.00    470860.00    382164.00    153590.98    561076.00
         0.00      28599.33      17195.57      23347.12 
     11044.02      35686.21      14299.67          0.00 
     23419.07
      8518.40     18175.00    473641.00    385956.00    155614.34    566911.00
         0.00      28752.85      17575.22      23972.82 
     11032.22      36222.77      14485.47          0.00 
     23572.97
      8515.10     18364.00    475196.00    388834.00    156314.39    571367.00
         0.00      28960.03      17647.80      24369.03 
     10908.22      36250.54      14434.10          0.00 
     23744.65
      8511.80     18554.00    482162.00    395744.00    157616.23    582364.00
         0.00      29315.32      17811.84      24417.06 
     11113.85      36328.73      14750.43          0.00 
     23879.00
      8508.50     18745.00    482931.00    398215.00    158788.91    585614.00
         0.00      29654.59      17751.52      24499.72 
     11340.73      36665.22      14752.32          0.00 
     24124.82
      8505.20     18937.00    482430.00    399505.00    159014.00    587589.00
         0.00      29768.96      17857.59      24674.91 
     11286.45      36889.28      14695.11          0.00 
     23841.68
      8501.90     19131.00    485442.00    403576.00    159896.91    594248.00
         0.00      29806.10      17657.91      24755.52 
     11344.68      37190.66      14922.18          0.00 
     24219.85
      8498.50     19332.00    487360.00    407031.00    160320.28    599236.00
         0.00      29983.93      17920.77      24493.64 
     11347.88      37523.41      14788.98          0.00 
     24261.66
      8495.10     19534.00    488991.00    410531.00    161116.44    603667.00
         0.00      29789.35      18068.95      24983.99 
     11525.06      37368.54      15021.65          0.00 
     24358.90
      8491.70     19738.00    489366.00    413045.00    161121.30    607064.00
         0.00      30337.31      18060.27      24790.93 
     11487.52      37225.87      14921.93          0.00 
     24297.48
      8488.30     19943.00    493201.00    417523.00    162854.53    614784.00
         0.00      30393.13      18207.96      25128.18 
     11507.11      37871.76      15136.74          0.00 
     24609.66
      8484.90     20149.00    497493.00    422656.00    164697.92    622832.00
         0.00      30787.67      18214.70      25287.00 
     11605.82      38464.44      15353.54          0.00 
     24984.76
      8481.50     20356.00    500450.00    427007.00    165188.95    629276.00
         0.00      30696.85      18320.40      25567.14 
     11643.63      38798.54      15307.71          0.00 
     24854.68
      8478.10     20565.00    500895.00    429299.00    164951.89    633418.00
         0.00      30744.68      18343.98      25541.73 
     11804.31      38271.46      15485.45          0.00 
     24760.26
      8474.70     20775.00    502251.00    432526.00    165410.56    638098.00
         0.00      30913.20      18739.05      25553.25 
     11613.22      38371.43      15477.38          0.00 
     24743.03
      8471.30     20987.00    501404.00    434035.00    165965.19    639696.00
         0.00      30724.97      18657.44      25520.19 
     11857.65      38469.17      15593.34          0.00 
     25142.43
      8467.90     21199.00    503930.00    437812.00    166030.56    646026.00
         0.00      31226.13      18464.33      25756.79 
     11659.45      38815.37      15411.67          0.00 
     24696.83
      8464.50     21414.00    505919.00    441470.00    167543.12    650996.00
         0.00      31457.17      18801.49      25782.46 
     11927.60      39080.55      15525.15          0.00 
     24968.72
      8461.00     21635.00    508232.00    445249.00    168103.95    657272.00
         0.00      31305.85      18822.45      25940.37 
     11964.16      39202.62      15663.74          0.00 
     25204.78
      8457.50     21858.00    509351.00    448662.00    168459.59    661896.00
         0.00      31497.38      18732.31      25901.73 
     11978.18      39016.53      15781.48          0.00 
     25552.00
      8454.00     22083.00    511383.00    452287.00    168758.28    667799.00
         0.00      31689.11      19035.55      25815.03 
     11681.91      39351.91      15634.76          0.00 
     25550.03
      8450.50     22309.00    512423.00    455453.00    169548.41    672347.00
         0.00      31611.85      18873.41      25989.98 
     11913.01      39687.71      15727.84          0.00 
     25744.59
      8447.00     22536.00    515270.00    460182.00    170890.48    679067.00
         0.00      31888.44      18997.85      26389.65 
     11989.15      39956.33      15842.81          0.00 
     25826.26
      8443.50     22764.00    518908.00    465521.00    172232.42    687285.00
         0.00      32370.41      19076.23      26337.95 
     12178.74      40110.17      16116.91          0.00 
     26042.02
      8440.00     22994.00    522677.00    470551.00    172753.91    695582.00
         0.00      32260.58      19314.96      26627.05 
     12393.77      40101.54      15911.85          0.00 
     26144.18
      8436.50     23226.00    521711.00    472053.00    172313.70    697670.00
         0.00      32237.69      19300.81      26407.96 
     12170.42      40134.53      16049.17          0.00 
     26013.12
      8433.00     23458.00    525341.00    477521.00    173518.84    705338.00
         0.00      32137.46      19470.14      26929.79 
     12432.74      40113.18      16162.56          0.00 
     26272.96
      8429.50     23692.00    526639.00    480766.00    174681.12    710560.00
         0.00      32908.19      19735.44      26700.88 
     12201.38      40560.70      16205.33          0.00 
     26369.20
      8426.00     23928.00    527896.00    484055.00    174841.89    715492.00
         0.00      32829.21      19549.18      26703.65 
     12370.78      40797.24      16342.82          0.00 
     26249.02
      8422.40     24172.00    531439.00    489285.00    176503.94    723826.00
         0.00      33284.84      19627.66      27024.30 
     12496.92      40995.71      16557.82          0.00 
     26516.69
      8418.80     24417.00    528020.00    488311.00    175558.22    722752.00
         0.00      32914.12      19558.02      26907.53 
     12477.09      40874.06      16334.97          0.00 
     26492.45
      8415.20     24663.00    536056.00    497826.00    178338.16    736922.00
         0.00      33270.39      19853.71      27351.27 
     12578.13      41557.16      16696.85          0.00 
     27030.65
      8411.60     24911.00    538399.00    501982.00    178586.95    744242.00
         0.00      33430.56      19679.69      27227.72 
     12480.41      41900.30      16715.28          0.00 
     27152.99
      8408.00     25161.00    538059.00    504679.00    178366.31    747771.00
         0.00      33740.90      19826.87      27274.52 
     12580.50      41113.07      16757.22          0.00 
     27073.23
      8404.40     25412.00    535755.00    504980.00    177909.41    747740.00
         0.00      33315.13      19872.18      27368.72 
     12706.00      41396.15      16644.86          0.00 
     26606.37
      8400.80     25664.00    536688.00    506887.00    178339.12    750707.00
         0.00      33491.52      19992.26      27203.84 
     12549.70      41447.36      16655.94          0.00 
     26998.53
      8397.20     25918.00    541067.00    514246.00    179948.66    762243.00
         0.00      33615.64      20293.79      27187.98 
     12829.41      41961.24      16846.70          0.00 
     27213.90
      8393.60     26173.00    545955.00    520533.00    181195.69    772497.00
         0.00      34260.46      20231.73      27429.30 
     12929.46      42033.84      16803.07          0.00 
     27507.82
      8390.00     26430.00    544240.00    521415.00    180728.34    774444.00
         0.00      34041.84      20192.52      27460.77 
     12977.13      42182.28      16756.62          0.00 
     27117.18
      8386.40     26688.00    546116.00    525198.00    181478.41    778307.00
         0.00      34053.89      20443.01      27622.08 
     12943.68      42273.79      16813.44          0.00 
     27328.51
      8382.70     26955.00    548972.00    531402.00    182808.81    788303.00
         0.00      34044.16      20593.62      28006.24 
     12965.35      42642.81      17008.61          0.00 
     27548.01
      8379.00     27223.00    549669.00    534341.00    183101.91    792937.00
         0.00      34355.43      20689.48      27794.68 
     13039.82      42413.43      17204.94          0.00 
     27604.12
      8375.30     27493.00    546864.00    533421.00    182333.58    792724.00
         0.00      34558.70      20537.27      27520.49 
     13031.68      42284.23      17018.17          0.00 
     27383.03
      8371.60     27765.00    555478.00    544892.00    185636.78    809103.00
         0.00      34761.78      20934.81      28237.00 
     13216.14      43063.52      17325.36          0.00 
     28098.18
      8367.90     28038.00    557196.00    548733.00    186004.09    815487.00
         0.00      34767.12      20720.08      28402.49 
     13065.71      43599.09      17383.56          0.00 
     28066.04
      8364.20     28312.00    555958.00    550338.00    185698.41    817886.00
         0.00      34795.45      20469.58      28425.25 
     13334.95      43373.98      17298.63          0.00 
     28000.57
      8360.50     28589.00    551022.00    548011.00    183427.03    814440.00
         0.00      34135.27      20326.78      27902.87 
     12893.64      42883.50      17267.76          0.00 
     28017.22
      8356.80     28866.00    560233.00    559821.00    188004.25    831748.00
         0.00      35303.12      21072.18      28606.21 
     13364.96      43760.86      17637.12          0.00 
     28259.81
      8353.10     29145.00    558553.00    560835.00    187052.62    833543.00
         0.00      35323.74      20838.68      28212.36 
     13202.69      43600.92      17487.00          0.00 
     28387.23
      8349.40     29426.00    556389.00    561571.00    185736.92    834217.00
         0.00      34781.53      21069.02      27954.70 
     13212.27      43403.35      17361.34          0.00 
     27954.70
      8345.70     29708.00    559927.00    567286.00    187932.80    844183.00
         0.00      35144.56      20855.02      28282.02 
     13517.14      43997.55      17557.43          0.00 
     28579.10
      8342.00     29992.00    560773.00    565742.00    187599.95    839266.00
         0.00      35480.54      20964.41      28492.40 
     13166.49      43668.35      17545.32          0.00 
     28282.46
 END OF DATA
