"Data"	"Hora"	"Energia"	"Curta"	"Longa"	"Media"	"Ge15"	"Amostra"	"Referencia"	"Fluorescencia"
04/07/12	13:24:15	6919.999938111	214577	1	1	619	12.2764239	0.0000000	2.88474534E-03
04/07/12	13:24:16	6920.499857371	217479	1	1	676	12.2898576	0.0000000	3.10834609E-03
04/07/12	13:24:18	6920.999852077	217676	1	1	649	12.2907630	0.0000000	2.98149543E-03
04/07/12	13:24:19	6921.499922247	217727	1	1	600	12.2909973	0.0000000	2.75574458E-03
04/07/12	13:24:20	6922.000067897	217684	1	1	658	12.2907997	0.0000000	3.02273020E-03
04/07/12	13:24:22	6922.500289045	217642	1	1	618	12.2906068	0.0000000	2.83952546E-03
04/07/12	13:24:23	6922.999774792	217615	1	1	684	12.2904827	0.0000000	3.14316568E-03
04/07/12	13:24:25	6923.500146862	217557	1	1	636	12.2902162	0.0000000	2.92337181E-03
04/07/12	13:24:26	6923.999783321	217600	1	1	642	12.2904138	0.0000000	2.95036765E-03
04/07/12	13:24:28	6924.500306381	217533	1	1	641	12.2901058	0.0000000	2.94667935E-03
04/07/12	13:24:29	6925.000093618	217508	1	1	642	12.2899909	0.0000000	2.95161557E-03
04/07/12	13:24:31	6925.499956209	217452	1	1	610	12.2897334	0.0000000	2.80521678E-03
04/07/12	13:24:32	6925.99989417	217455	1	1	644	12.2897472	0.0000000	2.96153227E-03
04/07/12	13:24:34	6926.499907518	217389	1	1	653	12.2894437	0.0000000	3.00383184E-03
04/07/12	13:24:35	6926.99999627	217307	1	1	694	12.2890664	0.0000000	3.19363849E-03
04/07/12	13:24:36	6927.500160442	217275	1	1	653	12.2889191	0.0000000	3.00540789E-03
04/07/12	13:24:38	6928.000400052	217276	1	1	660	12.2889237	0.0000000	3.03761115E-03
04/07/12	13:24:39	6928.499902855	217349	1	1	650	12.2892596	0.0000000	2.99058197E-03
04/07/12	13:24:41	6929.000293267	217798	1	1	653	12.2913233	0.0000000	2.99819098E-03
04/07/12	13:24:42	6929.499946661	217705	1	1	648	12.2908962	0.0000000	2.97650490E-03
04/07/12	13:24:44	6929.999675315	217766	1	1	598	12.2911764	0.0000000	2.74606688E-03
04/07/12	13:24:45	6930.500291996	218354	1	1	637	12.2938729	0.0000000	2.91728111E-03
04/07/12	13:24:47	6931.000171342	219021	1	1	683	12.2969229	0.0000000	3.11842243E-03
04/07/12	13:24:48	6931.500125998	219689	1	1	658	12.2999682	0.0000000	2.99514313E-03
04/07/12	13:24:50	6932.00015598	219753	1	1	665	12.3002595	0.0000000	3.02612479E-03
04/07/12	13:24:51	6932.500261306	221617	1	1	684	12.3087059	0.0000000	3.08640583E-03
04/07/12	13:24:53	6932.999628629	221301	1	1	710	12.3072790	0.0000000	3.20830001E-03
04/07/12	13:24:54	6933.49988457	219832	1	1	723	12.3006189	0.0000000	3.28887514E-03
04/07/12	13:24:56	6934.000215904	219268	1	1	677	12.2980500	0.0000000	3.08754583E-03
04/07/12	13:24:57	6934.499808918	218395	1	1	626	12.2940606	0.0000000	2.86636599E-03
04/07/12	13:24:59	6935.000290967	218234	1	1	718	12.2933232	0.0000000	3.29004646E-03
04/07/12	13:25:00	6935.500034485	218405	1	1	706	12.2941064	0.0000000	3.23252673E-03
04/07/12	13:25:02	6935.999853218	218614	1	1	660	12.2950629	0.0000000	3.01901982E-03
04/07/12	13:25:03	6936.499747183	218500	1	1	700	12.2945413	0.0000000	3.20366133E-03
04/07/12	13:25:04	6936.999716398	218532	1	1	697	12.2946877	0.0000000	3.18946424E-03
04/07/12	13:25:06	6937.499760878	218613	1	1	741	12.2950583	0.0000000	3.38955140E-03
04/07/12	13:25:07	6937.999880641	218456	1	1	704	12.2943399	0.0000000	3.22261691E-03
04/07/12	13:25:09	6938.500075703	219105	1	1	680	12.2973063	0.0000000	3.10353483E-03
04/07/12	13:25:10	6939.000346082	219312	1	1	686	12.2982507	0.0000000	3.12796381E-03
04/07/12	13:25:12	6939.499876836	219588	1	1	751	12.2995083	0.0000000	3.42004117E-03
04/07/12	13:25:13	6940.000297774	219841	1	1	740	12.3006598	0.0000000	3.36606911E-03
04/07/12	13:25:15	6940.499978876	220204	1	1	658	12.3023097	0.0000000	2.98813827E-03
04/07/12	13:25:16	6940.999735116	220405	1	1	705	12.3032220	0.0000000	3.19865702E-03
04/07/12	13:25:18	6941.500381958	220868	1	1	751	12.3053205	0.0000000	3.40022095E-03
04/07/12	13:25:19	6942.000288646	220934	1	1	776	12.3056193	0.0000000	3.51236116E-03
04/07/12	13:25:21	6942.500270522	221330	1	1	720	12.3074101	0.0000000	3.25306104E-03
04/07/12	13:25:22	6943.000327602	221272	1	1	717	12.3071480	0.0000000	3.24035576E-03
04/07/12	13:25:24	6943.499643966	221880	1	1	742	12.3098920	0.0000000	3.34414999E-03
04/07/12	13:25:25	6943.999851382	222188	1	1	744	12.3112791	0.0000000	3.34851567E-03
04/07/12	13:25:27	6944.500134054	222334	1	1	731	12.3119360	0.0000000	3.28784621E-03
04/07/12	13:25:28	6944.99967569	222711	1	1	796	12.3136302	0.0000000	3.57413868E-03
04/07/12	13:25:30	6945.500108798	223029	1	1	782	12.3150571	0.0000000	3.50627049E-03
04/07/12	13:25:32	6945.999800659	222650	1	1	737	12.3133563	0.0000000	3.31012800E-03
04/07/12	13:25:33	6946.50038427	222817	1	1	788	12.3141061	0.0000000	3.53653447E-03
04/07/12	13:25:35	6947.000226423	221929	1	1	799	12.3101128	0.0000000	3.60025053E-03
04/07/12	13:25:36	6947.500143685	221543	1	1	767	12.3083720	0.0000000	3.46208185E-03
04/07/12	13:25:38	6948.000136072	221086	1	1	757	12.3063070	0.0000000	3.42400695E-03
04/07/12	13:25:39	6948.500203603	220932	1	1	811	12.3056102	0.0000000	3.67081274E-03
04/07/12	13:25:40	6949.000346292	221266	1	1	756	12.3071209	0.0000000	3.41670207E-03
04/07/12	13:25:42	6949.499746747	221489	1	1	815	12.3081282	0.0000000	3.67964098E-03
04/07/12	13:25:46	6950.000039683	887006	1	1	3234	13.6956070	0.0000000	3.64597308E-03
04/07/12	13:25:51	6950.300088022	888141	1	1	3347	13.6968858	0.0000000	3.76854576E-03
04/07/12	13:25:55	6950.600163411	888103	1	1	3271	13.6968430	0.0000000	3.68313135E-03
04/07/12	13:25:59	6950.900265852	890056	1	1	3277	13.6990397	0.0000000	3.68179081E-03
04/07/12	13:26:04	6951.200395351	890981	1	1	3240	13.7000784	0.0000000	3.63644118E-03
04/07/12	13:26:08	6951.499734008	891975	1	1	3380	13.7011934	0.0000000	3.78934387E-03
04/07/12	13:26:13	6951.799917557	891598	1	1	3416	13.7007706	0.0000000	3.83132309E-03
04/07/12	13:26:17	6952.100128173	891582	1	1	3541	13.7007527	0.0000000	3.97159207E-03
04/07/12	13:26:22	6952.400365861	887995	1	1	3434	13.6967214	0.0000000	3.86713889E-03
04/07/12	13:26:26	6952.699812426	890056	1	1	3375	13.6990397	0.0000000	3.79189624E-03
04/07/12	13:26:31	6953.000104193	890457	1	1	3397	13.6994901	0.0000000	3.81489505E-03
04/07/12	13:26:35	6953.299604698	890600	1	1	3355	13.6996507	0.0000000	3.76712329E-03
04/07/12	13:26:40	6953.599950558	892080	1	1	3500	13.7013111	0.0000000	3.92341494E-03
04/07/12	13:26:44	6953.900323508	890929	1	1	3583	13.7000200	0.0000000	4.02164482E-03
04/07/12	13:26:48	6954.199904984	892860	1	1	3575	13.7021851	0.0000000	4.00398719E-03
04/07/12	13:26:53	6954.500332049	892950	1	1	3542	13.7022859	0.0000000	3.96662747E-03
04/07/12	13:26:57	6954.799967501	893970	1	1	3502	13.7034275	0.0000000	3.91735741E-03
04/07/12	13:27:02	6955.099629909	895042	1	1	3652	13.7046259	0.0000000	4.08025545E-03
04/07/12	13:27:06	6955.400138136	895741	1	1	3691	13.7054066	0.0000000	4.12061076E-03
04/07/12	13:27:10	6955.699854541	895647	1	1	3791	13.7053016	0.0000000	4.23269435E-03
04/07/12	13:27:15	6955.999597912	899500	1	1	3617	13.7095943	0.0000000	4.02112285E-03
04/07/12	13:27:19	6956.300187335	900681	1	1	3729	13.7109064	0.0000000	4.14020058E-03
04/07/12	13:27:24	6956.599984724	902454	1	1	3764	13.7128730	0.0000000	4.17084971E-03
04/07/12	13:27:28	6956.89980909	903948	1	1	3856	13.7145271	0.0000000	4.26573210E-03
04/07/12	13:27:33	6957.199660438	905263	1	1	3838	13.7159808	0.0000000	4.23965190E-03
04/07/12	13:27:37	6957.500358147	906033	1	1	3764	13.7168310	0.0000000	4.15437407E-03
04/07/12	13:27:41	6957.800263542	907050	1	1	3975	13.7179529	0.0000000	4.38233835E-03
04/07/12	13:27:46	6958.100195929	907373	1	1	3960	13.7183089	0.0000000	4.36424712E-03
04/07/12	13:27:50	6958.400155311	904755	1	1	3945	13.7154195	0.0000000	4.36029643E-03
04/07/12	13:27:55	6958.700141692	908026	1	1	4028	13.7190283	0.0000000	4.43599633E-03
04/07/12	13:27:59	6959.000155076	905736	1	1	4061	13.7165032	0.0000000	4.48364645E-03
04/07/12	13:28:03	6959.300195466	903372	1	1	4005	13.7138897	0.0000000	4.43338957E-03
04/07/12	13:28:08	6959.600262866	904137	1	1	4162	13.7147362	0.0000000	4.60328468E-03
04/07/12	13:28:12	6959.900357279	906538	1	1	4152	13.7173882	0.0000000	4.58006173E-03
04/07/12	13:28:16	6960.199658669	908320	1	1	4220	13.7193520	0.0000000	4.64593976E-03
04/07/12	13:28:21	6960.499807046	910748	1	1	4254	13.7220215	0.0000000	4.67088591E-03
04/07/12	13:28:25	6960.799982448	908747	1	1	4254	13.7198220	0.0000000	4.68117089E-03
04/07/12	13:28:29	6961.100184877	912359	1	1	4268	13.7237888	0.0000000	4.67798312E-03
04/07/12	13:28:34	6961.399594002	912245	1	1	4322	13.7236639	0.0000000	4.73776233E-03
04/07/12	13:28:38	6961.699850424	912438	1	1	4364	13.7238754	0.0000000	4.78279072E-03
04/07/12	13:28:43	6962.000133884	910188	1	1	4356	13.7214065	0.0000000	4.78582447E-03
04/07/12	13:28:47	6962.29962383	912240	1	1	4602	13.7236584	0.0000000	5.04472507E-03
04/07/12	13:28:52	6962.599961304	911366	1	1	4528	13.7226999	0.0000000	4.96836617E-03
04/07/12	13:28:56	6962.900325828	909395	1	1	4620	13.7205348	0.0000000	5.08030064E-03
04/07/12	13:29:01	6963.199896626	913693	1	1	4693	13.7252499	0.0000000	5.13629852E-03
04/07/12	13:29:05	6963.500315186	914922	1	1	4630	13.7265941	0.0000000	5.06054068E-03
04/07/12	13:29:10	6963.799939879	914683	1	1	4779	13.7263328	0.0000000	5.22476093E-03
04/07/12	13:29:14	6964.099591489	913060	1	1	4875	13.7245569	0.0000000	5.33918910E-03
04/07/12	13:29:18	6964.400091092	914388	1	1	4828	13.7260103	0.0000000	5.28003430E-03
04/07/12	13:29:23	6964.699796618	916180	1	1	4962	13.7279681	0.0000000	5.41596629E-03
04/07/12	13:29:27	6965.000350292	914485	1	1	5078	13.7261163	0.0000000	5.55285215E-03
04/07/12	13:29:32	6965.300109749	915208	1	1	5063	13.7269066	0.0000000	5.53207577E-03
04/07/12	13:29:36	6965.59989614	915130	1	1	5127	13.7268214	0.0000000	5.60248271E-03
04/07/12	13:29:41	6965.899709469	915972	1	1	5234	13.7277411	0.0000000	5.71414847E-03
04/07/12	13:29:45	6966.200371256	915492	1	1	5478	13.7272169	0.0000000	5.98366780E-03
04/07/12	13:29:50	6966.500238544	916368	1	1	5386	13.7281733	0.0000000	5.87755138E-03
04/07/12	13:29:54	6966.80013278	917220	1	1	5474	13.7291026	0.0000000	5.96803384E-03
04/07/12	13:29:58	6967.100053968	916199	1	1	5539	13.7279889	0.0000000	6.04562982E-03
04/07/12	13:30:03	6967.400002112	917515	1	1	5722	13.7294242	0.0000000	6.23641030E-03
04/07/12	13:30:07	6967.699977215	917971	1	1	5861	13.7299211	0.0000000	6.38473329E-03
04/07/12	13:30:11	6967.99997928	916805	1	1	6013	13.7286501	0.0000000	6.55864660E-03
04/07/12	13:30:16	6968.300008312	917909	1	1	6081	13.7298535	0.0000000	6.62483972E-03
04/07/12	13:30:20	6968.600064313	918585	1	1	6240	13.7305897	0.0000000	6.79305671E-03
04/07/12	13:30:24	6968.900147287	919265	1	1	6439	13.7313297	0.0000000	7.00450904E-03
04/07/12	13:30:29	6969.200257239	919047	1	1	6474	13.7310925	0.0000000	7.04425345E-03
04/07/12	13:30:33	6969.500394171	918446	1	1	6745	13.7304384	0.0000000	7.34392659E-03
04/07/12	13:30:38	6969.799735683	919516	1	1	6675	13.7316027	0.0000000	7.25925378E-03
04/07/12	13:30:42	6970.099926513	920079	1	1	6967	13.7322148	0.0000000	7.57217587E-03
04/07/12	13:30:47	6970.400144334	920392	1	1	7222	13.7325549	0.0000000	7.84665664E-03
04/07/12	13:30:51	6970.70038915	920807	1	1	7521	13.7330057	0.0000000	8.16783539E-03
04/07/12	13:30:55	6970.999838265	917426	1	1	7673	13.7293272	0.0000000	8.36361734E-03
04/07/12	13:31:00	6971.300137007	920659	1	1	8001	13.7328450	0.0000000	8.69051408E-03
04/07/12	13:31:04	6971.599639908	920537	1	1	8315	13.7327125	0.0000000	9.03277109E-03
04/07/12	13:31:09	6971.899992591	921394	1	1	8508	13.7336430	0.0000000	9.23383482E-03
04/07/12	13:31:13	6972.200372287	920891	1	1	8876	13.7330970	0.0000000	9.63849142E-03
04/07/12	13:31:18	6972.49995593	921978	1	1	9058	13.7342766	0.0000000	9.82452944E-03
04/07/12	13:31:22	6972.800389588	921388	1	1	9390	13.7336365	0.0000000	1.01911464E-02
04/07/12	13:31:27	6973.100027052	922219	1	1	9612	13.7345380	0.0000000	1.04226870E-02
04/07/12	13:31:31	6973.399691396	921576	1	1	10024	13.7338405	0.0000000	1.08770194E-02
04/07/12	13:31:36	6973.700205987	921728	1	1	10180	13.7340054	0.0000000	1.10444730E-02
04/07/12	13:31:40	6973.999924174	921834	1	1	10634	13.7341204	0.0000000	1.15356995E-02
04/07/12	13:31:44	6974.299669251	922691	1	1	11239	13.7350497	0.0000000	1.21806759E-02
04/07/12	13:31:49	6974.600264807	922496	1	1	11385	13.7348383	0.0000000	1.23415169E-02
04/07/12	13:31:53	6974.900063749	922563	1	1	11938	13.7349109	0.0000000	1.29400377E-02
04/07/12	13:31:58	6975.19988959	922594	1	1	12485	13.7349445	0.0000000	1.35324964E-02
04/07/12	13:32:02	6975.499742336	920404	1	1	13174	13.7325680	0.0000000	1.43132798E-02
04/07/12	13:32:06	6975.79962199	923331	1	1	13780	13.7357431	0.0000000	1.49242254E-02
04/07/12	13:32:11	6976.100352511	923254	1	1	14591	13.7356597	0.0000000	1.58038850E-02
04/07/12	13:32:15	6976.400286064	923972	1	1	15591	13.7364370	0.0000000	1.68738880E-02
04/07/12	13:32:20	6976.700246536	923918	1	1	16489	13.7363786	0.0000000	1.78468219E-02
04/07/12	13:32:24	6977.000233931	924244	1	1	17275	13.7367314	0.0000000	1.86909517E-02
04/07/12	13:32:28	6977.30024825	924281	1	1	18407	13.7367714	0.0000000	1.99149393E-02
04/07/12	13:32:33	6977.600289499	925041	1	1	19461	13.7375933	0.0000000	2.10379864E-02
04/07/12	13:32:37	6977.900357681	924266	1	1	20145	13.7367552	0.0000000	2.17956735E-02
04/07/12	13:32:42	6978.199628325	924873	1	1	21620	13.7374117	0.0000000	2.33761825E-02
04/07/12	13:32:46	6978.499750308	924666	1	1	23121	13.7371879	0.0000000	2.50047044E-02
04/07/12	13:32:51	6978.799899236	925169	1	1	24607	13.7377317	0.0000000	2.65973028E-02
04/07/12	13:32:55	6979.10007511	925484	1	1	26465	13.7380721	0.0000000	2.85958482E-02
04/07/12	13:32:59	6979.400277935	924166	1	1	28393	13.7366470	0.0000000	3.07228355E-02
04/07/12	13:33:04	6979.699682869	924628	1	1	30632	13.7371468	0.0000000	3.31289989E-02
04/07/12	13:33:08	6979.999939532	925462	1	1	33907	13.7380484	0.0000000	3.66379171E-02
04/07/12	13:33:13	6980.300223156	924100	1	1	37105	13.7365756	0.0000000	4.01525809E-02
04/07/12	13:33:17	6980.599708679	925553	1	1	40626	13.7381467	0.0000000	4.38937587E-02
04/07/12	13:33:21	6980.900046162	925207	1	1	45127	13.7377728	0.0000000	4.87750309E-02
04/07/12	13:33:26	6981.200410617	925166	1	1	49970	13.7377285	0.0000000	5.40119287E-02
04/07/12	13:33:30	6981.49997676	925805	1	1	56806	13.7384189	0.0000000	6.13584934E-02
04/07/12	13:33:35	6981.800395095	925251	1	1	64517	13.7378203	0.0000000	6.97291870E-02
04/07/12	13:33:39	6982.100014978	925060	1	1	71893	13.7376139	0.0000000	7.77171211E-02
04/07/12	13:33:44	6982.399661698	925559	1	1	80717	13.7381532	0.0000000	8.72089192E-02
04/07/12	13:33:48	6982.700160845	925254	1	1	91721	13.7378236	0.0000000	9.91306171E-02
04/07/12	13:33:53	6982.999861326	926270	1	1	102279	13.7389210	0.0000000	1.10420288E-01
04/07/12	13:33:57	6983.299588657	927094	1	1	113165	13.7398102	0.0000000	1.22064214E-01
04/07/12	13:34:01	6983.600168646	924456	1	1	124830	13.7369607	0.0000000	1.35030764E-01
04/07/12	13:34:06	6983.899949759	927615	1	1	137068	13.7403721	0.0000000	1.47763889E-01
04/07/12	13:34:10	6984.199757732	928505	1	1	149025	13.7413310	0.0000000	1.60499943E-01
04/07/12	13:34:15	6984.499592568	923356	1	1	157495	13.7357701	0.0000000	1.70568015E-01
04/07/12	13:34:19	6984.800280373	927601	1	1	167820	13.7403570	0.0000000	1.80918304E-01
04/07/12	13:34:24	6985.10016902	928351	1	1	174715	13.7411652	0.0000000	1.88199291E-01
04/07/12	13:34:28	6985.40008454	928733	1	1	177954	13.7415766	0.0000000	1.91609429E-01
04/07/12	13:34:32	6985.700026938	929816	1	1	179973	13.7427420	0.0000000	1.93557650E-01
04/07/12	13:34:37	6985.999996217	929073	1	1	176539	13.7419426	0.0000000	1.90016285E-01
04/07/12	13:34:41	6986.299992381	929853	1	1	170531	13.7427818	0.0000000	1.83395655E-01
04/07/12	13:34:45	6986.600015432	930625	1	1	162400	13.7436117	0.0000000	1.74506380E-01
04/07/12	13:34:50	6986.900065375	931024	1	1	151901	13.7440403	0.0000000	1.63154763E-01
04/07/12	13:34:54	6987.200142214	930654	1	1	139934	13.7436428	0.0000000	1.50360929E-01
04/07/12	13:34:58	6987.500245951	931408	1	1	128976	13.7444527	0.0000000	1.38474224E-01
04/07/12	13:35:03	6987.80037659	931606	1	1	117905	13.7446653	0.0000000	1.26561014E-01
04/07/12	13:35:07	6988.099707218	928860	1	1	108779	13.7417133	0.0000000	1.17110221E-01
04/07/12	13:35:12	6988.399891598	931251	1	1	99552	13.7442841	0.0000000	1.06901362E-01
04/07/12	13:35:16	6988.700102892	932132	1	1	91677	13.7452297	0.0000000	9.83519502E-02
04/07/12	13:35:20	6989.000341102	932362	1	1	85326	13.7454764	0.0000000	9.15159562E-02
04/07/12	13:35:25	6989.299779018	931824	1	1	78580	13.7448992	0.0000000	8.43292296E-02
04/07/12	13:35:29	6989.600070998	933194	1	1	73552	13.7463684	0.0000000	7.88174806E-02
04/07/12	13:35:34	6989.900389905	933488	1	1	69393	13.7466834	0.0000000	7.43373241E-02
04/07/12	13:35:38	6990.199908307	933901	1	1	65892	13.7471257	0.0000000	7.05556585E-02
04/07/12	13:35:43	6990.500281004	932777	1	1	62522	13.7459214	0.0000000	6.70278105E-02
04/07/12	13:35:47	6990.799853056	932680	1	1	59585	13.7458174	0.0000000	6.38857915E-02
04/07/12	13:35:52	6991.100279559	933822	1	1	57027	13.7470411	0.0000000	6.10683835E-02
04/07/12	13:35:56	6991.399905275	934335	1	1	55253	13.7475903	0.0000000	5.91361771E-02
04/07/12	13:36:01	6991.700385597	934853	1	1	52962	13.7481446	0.0000000	5.66527572E-02
04/07/12	13:36:05	6992.000064991	935327	1	1	51437	13.7486515	0.0000000	5.49936012E-02
04/07/12	13:36:10	6992.299771193	934321	1	1	50131	13.7475753	0.0000000	5.36550072E-02
04/07/12	13:36:14	6992.600332234	935120	1	1	49347	13.7484301	0.0000000	5.27707674E-02
04/07/12	13:36:19	6992.900092135	934741	1	1	48386	13.7480248	0.0000000	5.17640715E-02
04/07/12	13:36:23	6993.199878854	935511	1	1	47611	13.7488482	0.0000000	5.08930413E-02
04/07/12	13:36:28	6993.499692395	935063	1	1	46741	13.7483692	0.0000000	4.99870062E-02
04/07/12	13:36:32	6993.800361086	933390	1	1	46605	13.7465784	0.0000000	4.99308971E-02
04/07/12	13:36:37	6994.100228355	935595	1	1	46227	13.7489380	0.0000000	4.94091995E-02
04/07/12	13:36:41	6994.400122456	934589	1	1	45578	13.7478621	0.0000000	4.87679611E-02
04/07/12	13:36:45	6994.700043393	935323	1	1	45444	13.7486472	0.0000000	4.85864242E-02
04/07/12	13:36:50	6994.999991169	935440	1	1	45217	13.7487723	0.0000000	4.83376807E-02
04/07/12	13:36:54	6995.299965788	934856	1	1	44808	13.7481478	0.0000000	4.79303764E-02
04/07/12	13:36:58	6995.599967254	932875	1	1	44919	13.7460265	0.0000000	4.81511457E-02
04/07/12	13:37:03	6995.899995569	936531	1	1	45085	13.7499379	0.0000000	4.81404246E-02
04/07/12	13:37:07	6996.200050739	936959	1	1	44600	13.7503948	0.0000000	4.76008022E-02
04/07/12	13:37:11	6996.500132765	937144	1	1	44811	13.7505922	0.0000000	4.78165575E-02
04/07/12	13:37:16	6996.800241652	936646	1	1	44345	13.7500607	0.0000000	4.73444610E-02
04/07/12	13:37:20	6997.100377403	937078	1	1	44242	13.7505218	0.0000000	4.72127187E-02
04/07/12	13:37:25	6997.399710807	937084	1	1	44452	13.7505282	0.0000000	4.74365158E-02
04/07/12	13:37:29	6997.699900223	937716	1	1	44555	13.7512024	0.0000000	4.75143860E-02
04/07/12	13:37:34	6998.000116514	937146	1	1	44542	13.7505944	0.0000000	4.75294138E-02
04/07/12	13:37:38	6998.300359683	938109	1	1	44460	13.7516214	0.0000000	4.73932134E-02
04/07/12	13:37:42	6998.599800222	936927	1	1	44476	13.7503606	0.0000000	4.74700804E-02
04/07/12	13:37:47	6998.900097085	937921	1	1	44168	13.7514210	0.0000000	4.70913862E-02
04/07/12	13:37:51	6999.199591176	937606	1	1	44368	13.7510851	0.0000000	4.73205163E-02
04/07/12	13:37:56	6999.499941746	936647	1	1	43755	13.7500618	0.0000000	4.67145040E-02
04/07/12	13:38:00	6999.800319213	937488	1	1	43928	13.7509592	0.0000000	4.68571331E-02
04/07/12	13:38:05	7000.099893695	937907	1	1	44024	13.7514061	0.0000000	4.69385557E-02
04/07/12	13:38:09	7000.400324891	938653	1	1	43845	13.7522011	0.0000000	4.67105522E-02
04/07/12	13:38:14	7000.699952961	939255	1	1	43835	13.7528423	0.0000000	4.66699672E-02
04/07/12	13:38:18	7000.999607793	938112	1	1	43572	13.7516246	0.0000000	4.64464797E-02
04/07/12	13:38:23	7001.300119571	938772	1	1	43909	13.7523279	0.0000000	4.67728053E-02
04/07/12	13:38:27	7001.599828011	939089	1	1	43778	13.7526655	0.0000000	4.66175197E-02
04/07/12	13:38:31	7001.900393553	939523	1	1	43261	13.7531276	0.0000000	4.60457062E-02
04/07/12	13:38:36	7002.200155617	940527	1	1	43594	13.7541956	0.0000000	4.63506098E-02
04/07/12	13:38:40	7002.49994446	940362	1	1	43637	13.7540202	0.0000000	4.64044698E-02
04/07/12	13:38:45	7002.799760086	939804	1	1	43775	13.7534266	0.0000000	4.65788611E-02
04/07/12	13:38:49	7003.0996025	937998	1	1	43636	13.7515031	0.0000000	4.65203551E-02
04/07/12	13:38:53	7003.400302403	938984	1	1	43276	13.7525537	0.0000000	4.60881123E-02
04/07/12	13:38:58	7003.700198474	940576	1	1	43198	13.7542477	0.0000000	4.59271765E-02
04/07/12	13:39:02	7004.000121343	940394	1	1	43599	13.7540542	0.0000000	4.63624821E-02
04/07/12	13:39:07	7004.300071012	940616	1	1	44458	13.7542903	0.0000000	4.72647712E-02
04/07/12	13:39:11	7004.600047486	940585	1	1	43675	13.7542573	0.0000000	4.64338683E-02
04/07/12	13:39:15	7004.900050768	941399	1	1	44104	13.7551223	0.0000000	4.68494230E-02
04/07/12	13:39:20	7005.200080861	941796	1	1	44279	13.7555440	0.0000000	4.70154896E-02
04/07/12	13:39:24	7005.50013777	941827	1	1	44668	13.7555769	0.0000000	4.74269691E-02
04/07/12	13:39:28	7005.800221497	942033	1	1	44588	13.7557956	0.0000000	4.73316752E-02
04/07/12	13:39:33	7006.100332046	942381	1	1	44952	13.7561649	0.0000000	4.77004524E-02
04/07/12	13:39:37	7006.399637978	942623	1	1	45643	13.7564217	0.0000000	4.84212670E-02
04/07/12	13:39:42	7006.699802107	940637	1	1	45328	13.7543126	0.0000000	4.81886211E-02
04/07/12	13:39:46	7006.99999307	940960	1	1	46000	13.7546559	0.0000000	4.88862438E-02
04/07/12	13:39:50	7007.300210868	942669	1	1	46287	13.7564705	0.0000000	4.91020708E-02
04/07/12	13:39:55	7007.599623767	940818	1	1	46809	13.7545050	0.0000000	4.97535124E-02
04/07/12	13:39:59	7007.899895174	942681	1	1	47302	13.7564832	0.0000000	5.01781621E-02
04/07/12	13:40:04	7008.200193428	942781	1	1	47889	13.7565893	0.0000000	5.07954658E-02
04/07/12	13:40:08	7008.49968657	943331	1	1	48749	13.7571725	0.0000000	5.16775130E-02
04/07/12	13:40:13	7008.800038455	942656	1	1	48497	13.7564567	0.0000000	5.14471875E-02
04/07/12	13:40:17	7009.099585085	943153	1	1	49139	13.7569838	0.0000000	5.21007726E-02
04/07/12	13:40:22	7009.399990614	942485	1	1	49932	13.7562753	0.0000000	5.29790925E-02
04/07/12	13:40:26	7009.699590747	943728	1	1	50469	13.7575933	0.0000000	5.34783327E-02
04/07/12	13:40:32	7010.000049934	1179035	1	1	64124	13.9802069	0.0000000	5.43868503E-02
04/07/12	13:40:37	7010.80001826	1177870	1	1	65490	13.9792183	0.0000000	5.56003634E-02
04/07/12	13:40:43	7011.60017708	1178331	1	1	67463	13.9796096	0.0000000	5.72530129E-02
04/07/12	13:40:48	7012.399693532	1178695	1	1	69935	13.9799185	0.0000000	5.93325669E-02
04/07/12	13:40:54	7013.200233342	1177534	1	1	71751	13.9789330	0.0000000	6.09332724E-02
04/07/12	13:40:59	7014.000130521	1178813	1	1	73343	13.9800186	0.0000000	6.22176715E-02
04/07/12	13:41:05	7014.800218066	1180611	1	1	75521	13.9815427	0.0000000	6.39677252E-02
04/07/12	13:41:10	7015.59966232	1179535	1	1	75657	13.9806309	0.0000000	6.41413777E-02
04/07/12	13:41:16	7016.400130596	1179696	1	1	76877	13.9807673	0.0000000	6.51667887E-02
04/07/12	13:41:21	7017.19995532	1181428	1	1	77959	13.9822344	0.0000000	6.59870936E-02
04/07/12	13:41:27	7017.999970279	1180601	1	1	77935	13.9815342	0.0000000	6.60129883E-02
04/07/12	13:41:32	7018.800175542	1180677	1	1	78059	13.9815986	0.0000000	6.61137635E-02
04/07/12	13:41:38	7019.599736459	1181925	1	1	78269	13.9826550	0.0000000	6.62216300E-02
04/07/12	13:41:43	7020.400322329	1181115	1	1	77711	13.9819695	0.0000000	6.57946093E-02
04/07/12	13:41:49	7021.200263591	1183288	1	1	77624	13.9838076	0.0000000	6.56002596E-02
04/07/12	13:41:54	7022.000395027	1181805	1	1	76850	13.9825535	0.0000000	6.50276484E-02
04/07/12	13:42:00	7022.799881194	1179170	1	1	76063	13.9803214	0.0000000	6.45055420E-02
04/07/12	13:42:05	7023.600392978	1179769	1	1	75119	13.9808292	0.0000000	6.36726342E-02
04/07/12	13:42:11	7024.400259229	1178633	1	1	74797	13.9798659	0.0000000	6.34608059E-02
04/07/12	13:42:16	7025.200315524	1179433	1	1	73850	13.9805444	0.0000000	6.26148327E-02
04/07/12	13:42:22	7025.999725627	1180134	1	1	73521	13.9811385	0.0000000	6.22988576E-02
04/07/12	13:42:27	7026.800162009	1181834	1	1	72270	13.9825780	0.0000000	6.11507200E-02
04/07/12	13:42:33	7027.599951935	1183177	1	1	71664	13.9837138	0.0000000	6.05691287E-02
04/07/12	13:42:38	7028.399931774	1182380	1	1	71096	13.9830399	0.0000000	6.01295692E-02
04/07/12	13:42:43	7029.200101592	1183360	1	1	70972	13.9838684	0.0000000	5.99749865E-02
04/07/12	13:42:49	7029.999624159	1184674	1	1	69829	13.9849782	0.0000000	5.89436419E-02
04/07/12	13:42:54	7030.800173937	1183854	1	1	68983	13.9842858	0.0000000	5.82698542E-02
04/07/12	13:43:00	7031.6000762	1184835	1	1	68419	13.9851141	0.0000000	5.77455933E-02
04/07/12	13:43:05	7032.400168311	1185423	1	1	67419	13.9856102	0.0000000	5.68733693E-02
04/07/12	13:43:11	7033.199612246	1186047	1	1	66834	13.9861365	0.0000000	5.63502121E-02
04/07/12	13:43:16	7034.000084054	1184496	1	1	66435	13.9848279	0.0000000	5.60871459E-02
04/07/12	13:43:22	7034.799907422	1185108	1	1	66062	13.9853445	0.0000000	5.57434428E-02
04/07/12	13:43:27	7035.599920506	1186993	1	1	65260	13.9869338	0.0000000	5.49792627E-02
04/07/12	13:43:33	7036.400123373	1185597	1	1	64818	13.9857570	0.0000000	5.46711910E-02
04/07/12	13:43:38	7037.199677004	1186482	1	1	64665	13.9865032	0.0000000	5.45014589E-02
04/07/12	13:43:44	7038.000259438	1185976	1	1	64395	13.9860766	0.0000000	5.42970515E-02
04/07/12	13:43:49	7038.800192371	1187163	1	1	64553	13.9870770	0.0000000	5.43758523E-02
04/07/12	13:43:55	7039.600314956	1186505	1	1	64670	13.9865226	0.0000000	5.45046165E-02
04/07/12	13:44:00	7040.399787376	1186853	1	1	63990	13.9868158	0.0000000	5.39156913E-02
04/07/12	13:44:06	7041.200289263	1187693	1	1	64131	13.9875233	0.0000000	5.39962768E-02
04/07/12	13:44:11	7042.00014072	1188593	1	1	64333	13.9882808	0.0000000	5.41253398E-02
04/07/12	13:44:17	7042.800181696	1187940	1	1	64479	13.9877313	0.0000000	5.42779938E-02
04/07/12	13:44:22	7043.600412257	1189193	1	1	64617	13.9887855	0.0000000	5.43368486E-02
04/07/12	13:44:28	7044.399991593	1187902	1	1	65009	13.9876993	0.0000000	5.47258949E-02
04/07/12	13:44:33	7045.199760247	1189041	1	1	65035	13.9886577	0.0000000	5.46953385E-02
04/07/12	13:44:39	7045.999718288	1189588	1	1	65774	13.9891176	0.0000000	5.52914118E-02
04/07/12	13:44:44	7046.79986578	1188994	1	1	66822	13.9886181	0.0000000	5.62004518E-02
04/07/12	13:44:49	7047.60020279	1187902	1	1	66290	13.9876993	0.0000000	5.58042667E-02
04/07/12	13:44:55	7048.399887512	1188787	1	1	67020	13.9884440	0.0000000	5.63767942E-02
04/07/12	13:45:00	7049.199761486	1189911	1	1	68043	13.9893891	0.0000000	5.71832683E-02
04/07/12	13:45:06	7049.999824779	1188480	1	1	68107	13.9881857	0.0000000	5.73059707E-02
04/07/12	13:45:11	7050.800077456	1189113	1	1	67977	13.9887182	0.0000000	5.71661398E-02
04/07/12	13:45:17	7051.599676914	1187854	1	1	68823	13.9876589	0.0000000	5.79389386E-02
04/07/12	13:45:22	7052.40030836	1188538	1	1	69296	13.9882345	0.0000000	5.83035629E-02
04/07/12	13:45:28	7053.200286321	1188917	1	1	70069	13.9885534	0.0000000	5.89351485E-02
04/07/12	13:45:33	7053.999610263	1188286	1	1	70135	13.9880225	0.0000000	5.90219863E-02
04/07/12	13:45:39	7054.799966591	1188345	1	1	70348	13.9880721	0.0000000	5.91982968E-02
04/07/12	13:45:44	7055.599668635	1188597	1	1	70934	13.9882842	0.0000000	5.96787641E-02
04/07/12	13:45:50	7056.400403596	1186977	1	1	71038	13.9869203	0.0000000	5.98478319E-02
04/07/12	13:45:55	7057.199639939	1188123	1	1	71711	13.9878853	0.0000000	6.03565456E-02
04/07/12	13:46:01	7057.999909332	1187834	1	1	72205	13.9876420	0.0000000	6.07871134E-02
04/07/12	13:46:06	7058.800367973	1188208	1	1	72142	13.9879568	0.0000000	6.07149590E-02
04/07/12	13:46:12	7059.600171263	1189385	1	1	72535	13.9889469	0.0000000	6.09852991E-02
04/07/12	13:46:17	7060.400163534	1188174	1	1	72881	13.9879282	0.0000000	6.13386592E-02
04/07/12	13:46:23	7061.200344853	1188878	1	1	72740	13.9885206	0.0000000	6.11837379E-02
04/07/12	13:46:28	7061.999870022	1189975	1	1	73255	13.9894429	0.0000000	6.15601168E-02
04/07/12	13:46:34	7062.79958397	1188547	1	1	73359	13.9882421	0.0000000	6.17215811E-02
04/07/12	13:46:39	7063.600332428	1187962	1	1	73609	13.9877498	0.0000000	6.19624197E-02
04/07/12	13:46:45	7064.399578471	1184340	1	1	73464	13.9846962	0.0000000	6.20294848E-02
04/07/12	13:46:50	7065.199859154	1185860	1	1	73895	13.9859788	0.0000000	6.23134265E-02
04/07/12	13:46:56	7066.000328882	1185938	1	1	74398	13.9860446	0.0000000	6.27334650E-02
04/07/12	13:47:01	7066.800141257	1185835	1	1	74588	13.9859577	0.0000000	6.28991386E-02
04/07/12	13:47:07	7067.600142408	1188876	1	1	75103	13.9885189	0.0000000	6.31714325E-02
04/07/12	13:47:12	7068.400332401	1188682	1	1	75255	13.9883557	0.0000000	6.33096152E-02
04/07/12	13:47:18	7069.19986424	1189847	1	1	75697	13.9893353	0.0000000	6.36191040E-02
04/07/12	13:47:23	7069.999584653	1188342	1	1	75387	13.9880696	0.0000000	6.34388080E-02
04/07/12	13:47:29	7070.800341167	1187581	1	1	75327	13.9874290	0.0000000	6.34289366E-02
04/07/12	13:47:34	7071.599591463	1187571	1	1	75656	13.9874206	0.0000000	6.37065068E-02
04/07/12	13:47:40	7072.399877993	1188313	1	1	75313	13.9880452	0.0000000	6.33780830E-02
04/07/12	13:47:45	7073.200353359	1189632	1	1	76093	13.9891546	0.0000000	6.39634778E-02
04/07/12	13:47:51	7074.000169366	1188956	1	1	75846	13.9885862	0.0000000	6.37921000E-02
04/07/12	13:47:56	7074.800173942	1189800	1	1	75719	13.9892958	0.0000000	6.36401076E-02
04/07/12	13:48:02	7075.600367153	1190096	1	1	75871	13.9895445	0.0000000	6.37519998E-02
04/07/12	13:48:07	7076.399900202	1190614	1	1	75976	13.9899797	0.0000000	6.38124531E-02
04/07/12	13:48:13	7077.199621617	1189634	1	1	75642	13.9891563	0.0000000	6.35842621E-02
04/07/12	13:48:18	7078.000380724	1190785	1	1	75327	13.9901233	0.0000000	6.32582708E-02
04/07/12	13:48:24	7078.799629806	1190245	1	1	75399	13.9896697	0.0000000	6.33474621E-02
04/07/12	13:48:29	7079.599916711	1190691	1	1	75664	13.9900444	0.0000000	6.35462937E-02
04/07/12	13:48:35	7080.400392245	1191151	1	1	74869	13.9904306	0.0000000	6.28543317E-02
04/07/12	13:48:40	7081.20020641	1190158	1	1	74418	13.9895966	0.0000000	6.25278324E-02
04/07/12	13:48:46	7082.000208935	1190667	1	1	74912	13.9900242	0.0000000	6.29159958E-02
04/07/12	13:48:51	7082.800399883	1192344	1	1	74450	13.9914317	0.0000000	6.24400341E-02
04/07/12	13:48:57	7083.59992866	1191769	1	1	74447	13.9909493	0.0000000	6.24676426E-02
04/07/12	13:49:02	7084.399645592	1187286	1	1	74026	13.9871806	0.0000000	6.23489201E-02
04/07/12	13:49:08	7085.200401807	1187716	1	1	73925	13.9875427	0.0000000	6.22413102E-02
04/07/12	13:49:13	7085.999644183	1188723	1	1	73779	13.9883902	0.0000000	6.20657630E-02
04/07/12	13:49:18	7086.799925973	1188225	1	1	73611	13.9879712	0.0000000	6.19503882E-02
04/07/12	13:49:24	7087.60039618	1190402	1	1	73234	13.9898016	0.0000000	6.15203940E-02
04/07/12	13:49:29	7088.400203006	1190443	1	1	73538	13.9898361	0.0000000	6.17736422E-02
04/07/12	13:49:35	7089.200197979	1191050	1	1	73715	13.9903458	0.0000000	6.18907686E-02
04/07/12	13:49:40	7090.000381165	1190419	1	1	73606	13.9898159	0.0000000	6.18320104E-02
04/07/12	13:49:46	7090.799900163	1190293	1	1	73028	13.9897101	0.0000000	6.13529610E-02
04/07/12	13:49:51	7091.599607104	1191066	1	1	72796	13.9903593	0.0000000	6.11183595E-02
04/07/12	13:49:57	7092.400354919	1189910	1	1	73008	13.9893882	0.0000000	6.13559009E-02
04/07/12	13:50:02	7093.199585075	1189801	1	1	72776	13.9892966	0.0000000	6.11665312E-02
04/07/12	13:50:08	7093.999856236	1189877	1	1	72672	13.9893605	0.0000000	6.10752204E-02
04/07/12	13:50:13	7094.800315601	1190147	1	1	72786	13.9895874	0.0000000	6.11571512E-02
04/07/12	13:50:19	7095.600109567	1188303	1	1	72274	13.9880368	0.0000000	6.08211879E-02
04/07/12	13:50:24	7096.400091467	1188160	1	1	72528	13.9879164	0.0000000	6.10422839E-02
04/07/12	13:50:30	7097.200261365	1188322	1	1	72468	13.9880528	0.0000000	6.09834708E-02
04/07/12	13:50:35	7097.999765057	1186605	1	1	72153	13.9866068	0.0000000	6.08062498E-02
04/07/12	13:50:41	7098.800310948	1187195	1	1	72489	13.9871039	0.0000000	6.10590510E-02
04/07/12	13:50:46	7099.600190362	1185965	1	1	72496	13.9860673	0.0000000	6.11282795E-02
04/07/12	13:50:52	7100.400257635	1186167	1	1	71986	13.9862377	0.0000000	6.06879133E-02
04/07/12	13:50:57	7101.199657757	1186489	1	1	72410	13.9865091	0.0000000	6.10288001E-02
04/07/12	13:51:03	7102.000100742	1187127	1	1	72592	13.9870467	0.0000000	6.11493126E-02
04/07/12	13:51:08	7102.799876305	1186338	1	1	72481	13.9863818	0.0000000	6.10964160E-02
04/07/12	13:51:14	7103.599839587	1186641	1	1	72168	13.9866372	0.0000000	6.08170458E-02
04/07/12	13:51:19	7104.399990651	1187316	1	1	72801	13.9872059	0.0000000	6.13156060E-02
04/07/12	13:51:25	7105.200329563	1185708	1	1	72643	13.9858506	0.0000000	6.12655055E-02
04/07/12	13:51:30	7106.00000011	1185897	1	1	73430	13.9860100	0.0000000	6.19193741E-02
04/07/12	13:51:36	7106.799858234	1185792	1	1	72801	13.9859215	0.0000000	6.13944098E-02
04/07/12	13:51:41	7107.599903999	1184409	1	1	72907	13.9847545	0.0000000	6.15555944E-02
04/07/12	13:51:47	7108.400137471	1183889	1	1	73179	13.9843153	0.0000000	6.18123827E-02
04/07/12	13:51:52	7109.199701632	1181743	1	1	73011	13.9825010	0.0000000	6.17824688E-02
04/07/12	13:51:58	7110.000310511	1182132	1	1	73657	13.9828301	0.0000000	6.23086085E-02
04/07/12	13:52:03	7110.800249808	1183618	1	1	73813	13.9840864	0.0000000	6.23621810E-02
04/07/12	13:52:09	7111.60037667	1182369	1	1	73511	13.9830306	0.0000000	6.21726382E-02
04/07/12	13:52:14	7112.399833276	1181586	1	1	73871	13.9823682	0.0000000	6.25185133E-02
04/07/12	13:52:20	7113.200335261	1179557	1	1	73957	13.9806495	0.0000000	6.26989624E-02
04/07/12	13:52:25	7114.000166718	1178918	1	1	73951	13.9801076	0.0000000	6.27278572E-02
04/07/12	13:52:31	7114.800185597	1174697	1	1	73893	13.9765208	0.0000000	6.29038807E-02
04/07/12	13:52:36	7115.600391964	1174011	1	1	74547	13.9759366	0.0000000	6.34977015E-02
04/07/12	13:52:42	7116.399926992	1173331	1	1	74149	13.9753573	0.0000000	6.31952961E-02
04/07/12	13:52:47	7117.199649234	1170760	1	1	74501	13.9731637	0.0000000	6.36347330E-02
04/07/12	13:52:53	7118.000418051	1170715	1	1	74716	13.9731252	0.0000000	6.38208274E-02
04/07/12	13:52:58	7118.799655623	1170009	1	1	74774	13.9725220	0.0000000	6.39089101E-02
04/07/12	13:53:04	7119.599939899	1169741	1	1	74835	13.9722929	0.0000000	6.39757006E-02
04/07/12	13:53:09	7120.40041165	1167794	1	1	74871	13.9706271	0.0000000	6.41131912E-02
04/07/12	13:53:15	7121.200210841	1167295	1	1	74912	13.9701997	0.0000000	6.41757225E-02
04/07/12	13:53:20	7122.000197233	1166568	1	1	75278	13.9695767	0.0000000	6.45294573E-02
04/07/12	13:53:26	7122.800370891	1165757	1	1	75312	13.9688812	0.0000000	6.46035151E-02
04/07/12	13:53:31	7123.599871177	1164840	1	1	75047	13.9680943	0.0000000	6.44268741E-02
04/07/12	13:53:37	7124.40041936	1163497	1	1	75203	13.9669407	0.0000000	6.46353192E-02
04/07/12	13:53:42	7125.200293898	1160663	1	1	74744	13.9645020	0.0000000	6.43976762E-02
04/07/12	13:53:47	7126.000355559	1160360	1	1	75285	13.9642409	0.0000000	6.48807267E-02
04/07/12	13:53:53	7126.799742897	1158270	1	1	75259	13.9624381	0.0000000	6.49753512E-02
04/07/12	13:53:58	7127.600178795	1156710	1	1	75467	13.9610903	0.0000000	6.52428007E-02
04/07/12	13:54:04	7128.399940097	1155794	1	1	76000	13.9602981	0.0000000	6.57556623E-02
04/07/12	13:54:09	7129.199888377	1154255	1	1	75541	13.9589657	0.0000000	6.54456771E-02
04/07/12	13:54:15	7130.000023701	1151233	1	1	75576	13.9563441	0.0000000	6.56478749E-02
04/07/12	13:54:20	7130.800346132	1150208	1	1	75841	13.9554534	0.0000000	6.59367697E-02
04/07/12	13:54:26	7131.599993016	1150175	1	1	75448	13.9554247	0.0000000	6.55969744E-02
04/07/12	13:54:31	7132.399826734	1150492	1	1	75349	13.9557002	0.0000000	6.54928500E-02
04/07/12	13:54:37	7133.19984735	1147904	1	1	75205	13.9534482	0.0000000	6.55150605E-02
04/07/12	13:54:42	7134.000054929	1145053	1	1	75760	13.9509615	0.0000000	6.61628763E-02
04/07/12	13:54:48	7134.799586009	1142698	1	1	75227	13.9489027	0.0000000	6.58327922E-02
04/07/12	13:54:53	7135.600167506	1140219	1	1	75623	13.9467309	0.0000000	6.63232239E-02
04/07/12	13:54:59	7136.400072229	1140852	1	1	75480	13.9472859	0.0000000	6.61610796E-02
04/07/12	13:55:04	7137.200163771	1140819	1	1	75544	13.9472570	0.0000000	6.62190935E-02
04/07/12	13:55:10	7137.999577862	1141764	1	1	74982	13.9480850	0.0000000	6.56720653E-02
04/07/12	13:55:15	7138.80004303	1142901	1	1	75574	13.9490803	0.0000000	6.61247125E-02
04/07/12	13:55:21	7139.599830472	1143513	1	1	75752	13.9496157	0.0000000	6.62449837E-02
04/07/12	13:55:26	7140.399804587	1142649	1	1	75409	13.9488598	0.0000000	6.59948943E-02
04/07/12	13:55:31	7141.199965438	1142211	1	1	75349	13.9484764	0.0000000	6.59676715E-02
04/07/12	13:55:37	7142.000313089	1143297	1	1	75364	13.9494268	0.0000000	6.59181298E-02
04/07/12	13:55:42	7142.799982062	1143736	1	1	75892	13.9498107	0.0000000	6.63544734E-02
04/07/12	13:55:48	7143.59983756	1143072	1	1	75544	13.9492299	0.0000000	6.60885753E-02
04/07/12	13:55:53	7144.399879649	1143095	1	1	75426	13.9492501	0.0000000	6.59840171E-02
04/07/12	13:55:59	7145.200108391	1141904	1	1	75574	13.9482076	0.0000000	6.61824462E-02
04/07/12	13:56:04	7145.999657501	1142692	1	1	75384	13.9488974	0.0000000	6.59705327E-02
04/07/12	13:56:10	7146.800259543	1143328	1	1	75347	13.9494539	0.0000000	6.59014736E-02
04/07/12	13:56:15	7147.600181677	1143249	1	1	75248	13.9493848	0.0000000	6.58194322E-02
04/07/12	13:56:21	7148.400290319	1143627	1	1	75373	13.9497153	0.0000000	6.59069784E-02
04/07/12	13:56:26	7149.199718373	1144850	1	1	75789	13.9507842	0.0000000	6.61999389E-02
04/07/12	13:56:32	7150.00020002	1144597	1	1	75381	13.9505632	0.0000000	6.58581143E-02
04/07/12	13:56:37	7150.800000804	1145175	1	1	75627	13.9510680	0.0000000	6.60396883E-02
04/07/12	13:56:43	7151.599987948	1144298	1	1	75265	13.9503019	0.0000000	6.57739505E-02
04/07/12	13:56:48	7152.400161516	1141894	1	1	75256	13.9481988	0.0000000	6.59045411E-02
04/07/12	13:56:54	7153.199653403	1140634	1	1	75071	13.9470948	0.0000000	6.58151519E-02
04/07/12	13:56:59	7154.000199811	1139808	1	1	74793	13.9463704	0.0000000	6.56189463E-02
04/07/12	13:57:05	7154.800064261	1138361	1	1	74445	13.9451001	0.0000000	6.53966536E-02
04/07/12	13:57:10	7155.600114988	1135296	1	1	74511	13.9424040	0.0000000	6.56313420E-02
04/07/12	13:57:16	7156.400352056	1133891	1	1	73889	13.9411656	0.0000000	6.51641119E-02
04/07/12	13:57:21	7157.199906347	1131231	1	1	73653	13.9388170	0.0000000	6.51087178E-02
04/07/12	13:57:27	7157.999646702	1129873	1	1	73736	13.9376158	0.0000000	6.52604319E-02
04/07/12	13:57:32	7158.799573187	1129578	1	1	73581	13.9373547	0.0000000	6.51402559E-02
04/07/12	13:57:38	7159.599685863	1131217	1	1	74131	13.9388046	0.0000000	6.55320774E-02
04/07/12	13:57:43	7160.399984797	1132641	1	1	73932	13.9400626	0.0000000	6.52739924E-02
04/07/12	13:57:49	7161.199599857	1132702	1	1	74331	13.9401165	0.0000000	6.56227322E-02
04/07/12	13:57:54	7162.000271294	1135800	1	1	74887	13.9428478	0.0000000	6.59332629E-02
04/07/12	13:58:00	7162.800258581	1136758	1	1	75053	13.9436909	0.0000000	6.60237271E-02
04/07/12	13:58:05	7163.600431976	1135094	1	1	78545	13.9422260	0.0000000	6.91969123E-02
04/07/12	13:58:11	7164.399920539	1148626	1	1	77988	13.9540770	0.0000000	6.78967741E-02
04/07/12	13:58:16	7165.199594933	1149245	1	1	77407	13.9546158	0.0000000	6.73546546E-02
04/07/12	13:58:21	7166.00032663	1145355	1	1	76702	13.9512252	0.0000000	6.69678833E-02
04/07/12	13:58:27	7166.80037308	1140820	1	1	76074	13.9472579	0.0000000	6.66836135E-02
04/07/12	13:58:33	7167.599733739	1139338	1	1	75934	13.9459579	0.0000000	6.66474742E-02
04/07/12	13:58:38	7168.400152095	1136729	1	1	75196	13.9436654	0.0000000	6.61512111E-02
04/07/12	13:58:44	7169.199884383	1137184	1	1	75774	13.9440656	0.0000000	6.66330163E-02
04/07/12	13:58:49	7169.99980248	1137109	1	1	75550	13.9439996	0.0000000	6.64404204E-02
04/07/12	13:58:55	7170.79990645	1136988	1	1	75960	13.9438932	0.0000000	6.68080930E-02
04/07/12	13:59:00	7171.600196356	1135303	1	1	75726	13.9424101	0.0000000	6.67011362E-02
04/07/12	13:59:05	7172.399799233	1135238	1	1	76006	13.9423529	0.0000000	6.69515996E-02
04/07/12	13:59:11	7173.199587769	1134980	1	1	76007	13.9421256	0.0000000	6.69676999E-02
04/07/12	13:59:16	7174.000435463	1134517	1	1	75566	13.9417176	0.0000000	6.66063179E-02
04/07/12	13:59:22	7174.799722072	1134066	1	1	76116	13.9413200	0.0000000	6.71177868E-02
04/07/12	13:59:27	7175.600067967	1134551	1	1	76177	13.9417475	0.0000000	6.71428609E-02
04/07/12	13:59:33	7176.399725732	1134092	1	1	75977	13.9413429	0.0000000	6.69936831E-02
04/07/12	13:59:38	7177.199569069	1133191	1	1	76019	13.9405481	0.0000000	6.70840132E-02
04/07/12	13:59:44	7177.999598042	1133001	1	1	76163	13.9403804	0.0000000	6.72223590E-02
04/07/12	13:59:49	7178.799812714	1133106	1	1	76096	13.9404731	0.0000000	6.71570003E-02
04/07/12	13:59:55	7179.60021315	1131451	1	1	75891	13.9390114	0.0000000	6.70740492E-02
04/07/12	14:00:00	7180.399924353	1131657	1	1	75988	13.9391935	0.0000000	6.71475544E-02
04/07/12	14:00:06	7181.199821041	1131822	1	1	75652	13.9393393	0.0000000	6.68408990E-02
04/07/12	14:00:11	7181.999903278	1130269	1	1	75573	13.9379662	0.0000000	6.68628442E-02
04/07/12	14:00:17	7182.800171126	1130137	1	1	76425	13.9378494	0.0000000	6.76245446E-02
04/07/12	14:00:22	7183.599748779	1128291	1	1	76121	13.9362147	0.0000000	6.74657513E-02
04/07/12	14:00:28	7184.400387839	1127949	1	1	75769	13.9359115	0.0000000	6.71741364E-02
04/07/12	14:00:33	7185.200336424	1128177	1	1	75922	13.9361136	0.0000000	6.72961778E-02
04/07/12	14:00:39	7185.999593989	1128634	1	1	76355	13.9365186	0.0000000	6.76525782E-02
04/07/12	14:00:44	7186.799913355	1126746	1	1	76145	13.9348444	0.0000000	6.75795610E-02
04/07/12	14:00:50	7187.600418309	1127571	1	1	75608	13.9355763	0.0000000	6.70538707E-02
04/07/12	14:00:55	7188.400231823	1127065	1	1	76484	13.9351275	0.0000000	6.78612147E-02
04/07/12	14:01:01	7189.200230646	1126770	1	1	76036	13.9348657	0.0000000	6.74813848E-02
04/07/12	14:01:06	7190.000414839	1125608	1	1	76395	13.9338339	0.0000000	6.78699867E-02
04/07/12	14:01:12	7190.799906768	1125368	1	1	75732	13.9336207	0.0000000	6.72953203E-02
04/07/12	14:01:17	7191.599583789	1125135	1	1	76395	13.9334136	0.0000000	6.78985188E-02
04/07/12	14:01:23	7192.400324072	1125894	1	1	76099	13.9340879	0.0000000	6.75898442E-02
04/07/12	14:01:28	7193.20037167	1125218	1	1	76181	13.9334874	0.0000000	6.77033250E-02
04/07/12	14:01:34	7193.999726038	1124182	1	1	76546	13.9325662	0.0000000	6.80903982E-02
04/07/12	14:01:39	7194.80014406	1124911	1	1	76873	13.9332145	0.0000000	6.83369618E-02
04/07/12	14:01:45	7195.599868572	1123407	1	1	76423	13.9318766	0.0000000	6.80278830E-02
04/07/12	14:01:50	7196.39977815	1123790	1	1	76557	13.9322175	0.0000000	6.81239377E-02
04/07/12	14:01:55	7197.199872856	1124348	1	1	76696	13.9327139	0.0000000	6.82137559E-02
04/07/12	14:02:01	7198.000152755	1123509	1	1	76576	13.9319674	0.0000000	6.81578875E-02
04/07/12	14:02:06	7198.799738176	1122699	1	1	76756	13.9312462	0.0000000	6.83673897E-02
04/07/12	14:02:12	7199.600388446	1121908	1	1	76231	13.9305414	0.0000000	6.79476392E-02
04/07/12	14:02:17	7200.400343957	1121608	1	1	76490	13.9302739	0.0000000	6.81967318E-02
04/07/12	14:02:23	7201.199604163	1121844	1	1	76798	13.9304843	0.0000000	6.84569334E-02
04/07/12	14:02:28	7201.999929611	1121430	1	1	76617	13.9301152	0.0000000	6.83208047E-02
04/07/12	14:02:34	7202.800440225	1120110	1	1	76763	13.9289375	0.0000000	6.85316621E-02
04/07/12	14:02:39	7203.600255112	1119570	1	1	76874	13.9284552	0.0000000	6.86638620E-02
04/07/12	14:02:45	7204.400254883	1118945	1	1	76386	13.9278968	0.0000000	6.82660899E-02
04/07/12	14:02:50	7205.200439601	1117865	1	1	77167	13.9269312	0.0000000	6.90306969E-02
04/07/12	14:02:56	7205.999927765	1116960	1	1	76760	13.9261213	0.0000000	6.87222461E-02
04/07/12	14:03:01	7206.799600595	1117339	1	1	76532	13.9264605	0.0000000	6.84948794E-02
04/07/12	14:03:07	7207.600340128	1117649	1	1	76795	13.9267379	0.0000000	6.87111964E-02
04/07/12	14:03:12	7208.400382684	1115993	1	1	77250	13.9252551	0.0000000	6.92208643E-02
04/07/12	14:03:18	7209.199727715	1116488	1	1	77015	13.9256986	0.0000000	6.89796935E-02
04/07/12	14:03:23	7210.000139842	1117447	1	1	77145	13.9265572	0.0000000	6.90368313E-02
04/07/12	14:03:29	7210.799854163	1117230	1	1	77135	13.9263630	0.0000000	6.90412896E-02
04/07/12	14:03:34	7211.599753122	1115322	1	1	76944	13.9246537	0.0000000	6.89881487E-02
04/07/12	14:03:40	7212.399836781	1114967	1	1	76752	13.9243354	0.0000000	6.88379118E-02
04/07/12	14:03:45	7213.200105205	1115099	1	1	77591	13.9244537	0.0000000	6.95821627E-02
04/07/12	14:03:51	7213.99967485	1114334	1	1	77545	13.9237675	0.0000000	6.95886512E-02
04/07/12	14:03:56	7214.800312786	1112272	1	1	77115	13.9219153	0.0000000	6.93310629E-02
04/07/12	14:04:02	7215.600251663	1111905	1	1	77557	13.9215853	0.0000000	6.97514626E-02
04/07/12	14:04:07	7216.400375148	1112137	1	1	77412	13.9217939	0.0000000	6.96065323E-02
04/07/12	14:04:13	7217.199798884	1112061	1	1	77397	13.9217256	0.0000000	6.95978008E-02
04/07/12	14:04:18	7218.00029157	1112098	1	1	77456	13.9217589	0.0000000	6.96485382E-02
04/07/12	14:04:24	7218.800084225	1109757	1	1	76645	13.9196516	0.0000000	6.90646691E-02
04/07/12	14:04:29	7219.600061332	1110681	1	1	77394	13.9204839	0.0000000	6.96815737E-02
04/07/12	14:04:35	7220.400222953	1110462	1	1	77822	13.9202867	0.0000000	7.00807412E-02
04/07/12	14:04:40	7221.199683712	1108030	1	1	76828	13.9180942	0.0000000	6.93374728E-02
04/07/12	14:04:46	7222.000214347	1108405	1	1	76547	13.9184326	0.0000000	6.90604968E-02
04/07/12	14:04:51	7222.800043838	1107334	1	1	77326	13.9174659	0.0000000	6.98307828E-02
04/07/12	14:04:56	7223.600057686	1107491	1	1	78079	13.9176077	0.0000000	7.05007987E-02
04/07/12	14:05:02	7224.400255955	1104747	1	1	77671	13.9151269	0.0000000	7.03065951E-02
04/07/12	14:05:08	7225.199752247	1105238	1	1	77262	13.9155713	0.0000000	6.99053055E-02
04/07/12	14:05:13	7226.000319342	1104493	1	1	77344	13.9148970	0.0000000	7.00267000E-02
04/07/12	14:05:19	7226.800184177	1103155	1	1	77152	13.9136848	0.0000000	6.99375881E-02
04/07/12	14:05:24	7227.600233276	1103299	1	1	76995	13.9138153	0.0000000	6.97861595E-02
04/07/12	14:05:29	7228.399579422	1103003	1	1	77308	13.9135470	0.0000000	7.00886580E-02
04/07/12	14:05:35	7229.199997032	1103204	1	1	77205	13.9137292	0.0000000	6.99825236E-02
04/07/12	14:05:40	7229.999711407	1102790	1	1	78110	13.9133539	0.0000000	7.08294417E-02
04/07/12	14:05:46	7230.799609887	1102718	1	1	77607	13.9132886	0.0000000	7.03779207E-02
04/07/12	14:05:51	7231.599692536	1102711	1	1	77533	13.9132823	0.0000000	7.03112602E-02
04/07/12	14:05:57	7232.399959417	1100453	1	1	77291	13.9112325	0.0000000	7.02356211E-02
04/07/12	14:06:02	7233.200410592	1099532	1	1	77610	13.9103952	0.0000000	7.05845760E-02
04/07/12	14:06:08	7234.000157414	1099082	1	1	77559	13.9099858	0.0000000	7.05670732E-02
04/07/12	14:06:13	7234.800088247	1099731	1	1	78745	13.9105762	0.0000000	7.16038740E-02
04/07/12	14:06:19	7235.600203153	1099531	1	1	77775	13.9103943	0.0000000	7.07347042E-02
04/07/12	14:06:24	7236.399612871	1098147	1	1	77574	13.9091348	0.0000000	7.06408158E-02
04/07/12	14:06:30	7237.200095907	1098765	1	1	77164	13.9096974	0.0000000	7.02279377E-02
04/07/12	14:06:35	7237.999873471	1098913	1	1	77650	13.9098321	0.0000000	7.06607347E-02
04/07/12	14:06:41	7238.79983495	1097325	1	1	77405	13.9083860	0.0000000	7.05397216E-02
04/07/12	14:06:46	7239.599980406	1098303	1	1	77667	13.9092768	0.0000000	7.07154583E-02
04/07/12	14:06:51	7240.400309901	1098045	1	1	77831	13.9090419	0.0000000	7.08814302E-02
04/07/12	14:06:57	7241.199932948	1097584	1	1	77903	13.9086220	0.0000000	7.09768000E-02
04/07/12	14:07:02	7241.99973975	1096823	1	1	77108	13.9079284	0.0000000	7.03012245E-02
04/07/12	14:07:08	7242.79973037	1096228	1	1	77648	13.9073858	0.0000000	7.08319802E-02
04/07/12	14:07:13	7243.59990487	1096727	1	1	78527	13.9078408	0.0000000	7.16012280E-02
04/07/12	14:07:19	7244.400263313	1095754	1	1	77274	13.9069533	0.0000000	7.05213031E-02
04/07/12	14:07:24	7245.199914186	1094844	1	1	77869	13.9061224	0.0000000	7.11233747E-02
04/07/12	14:07:30	7245.999748717	1094675	1	1	77798	13.9059681	0.0000000	7.10694955E-02
04/07/12	14:07:35	7246.79976697	1094235	1	1	77872	13.9055660	0.0000000	7.11657002E-02
04/07/12	14:07:41	7247.599969005	1093613	1	1	77801	13.9049975	0.0000000	7.11412538E-02
04/07/12	14:07:46	7248.400354885	1093682	1	1	77596	13.9050605	0.0000000	7.09493253E-02
04/07/12	14:07:51	7249.200032075	1093598	1	1	77848	13.9049837	0.0000000	7.11852070E-02
04/07/12	14:07:57	7249.999892824	1093104	1	1	77492	13.9045319	0.0000000	7.08916992E-02
04/07/12	14:08:03	7250.799937197	1091860	1	1	77587	13.9033932	0.0000000	7.10594765E-02
04/07/12	14:08:08	7251.600165254	1091095	1	1	77389	13.9026923	0.0000000	7.09278294E-02
04/07/12	14:08:14	7252.39968364	1090858	1	1	77586	13.9024751	0.0000000	7.11238310E-02
04/07/12	14:08:19	7253.20027905	1090090	1	1	77258	13.9017708	0.0000000	7.08730472E-02
04/07/12	14:08:24	7254.000164503	1089819	1	1	77234	13.9015222	0.0000000	7.08686488E-02
04/07/12	14:08:30	7254.80023348	1088719	1	1	77769	13.9005123	0.0000000	7.14316550E-02
04/07/12	14:08:36	7255.599591805	1088370	1	1	77485	13.9001917	0.0000000	7.11936198E-02
04/07/12	14:08:41	7256.400027813	1088027	1	1	78262	13.8998765	0.0000000	7.19302003E-02
04/07/12	14:08:47	7257.199752882	1087099	1	1	77483	13.8990232	0.0000000	7.12750173E-02
04/07/12	14:08:52	7257.999661314	1086576	1	1	76915	13.8985420	0.0000000	7.07865810E-02
04/07/12	14:08:58	7258.799753172	1085083	1	1	77360	13.8971670	0.0000000	7.12940853E-02
04/07/12	14:09:03	7259.600028518	1084389	1	1	76998	13.8965273	0.0000000	7.10058844E-02
04/07/12	14:09:09	7260.399591942	1084350	1	1	77503	13.8964913	0.0000000	7.14741550E-02
04/07/12	14:09:14	7261.200234244	1082922	1	1	76789	13.8951735	0.0000000	7.09090775E-02
04/07/12	14:09:20	7262.00016434	1081514	1	1	77265	13.8938725	0.0000000	7.14415162E-02
04/07/12	14:09:25	7262.800277761	1081108	1	1	77074	13.8934970	0.0000000	7.12916748E-02
04/07/12	14:09:31	7263.599678278	1079683	1	1	77539	13.8921780	0.0000000	7.18164498E-02
04/07/12	14:09:36	7264.400158332	1076596	1	1	76170	13.8893148	0.0000000	7.07507737E-02
04/07/12	14:09:42	7265.199925195	1073791	1	1	76475	13.8867059	0.0000000	7.12196321E-02
04/07/12	14:09:47	7265.999875222	1066044	1	1	76428	13.8794652	0.0000000	7.16931008E-02
04/07/12	14:09:52	7266.800008475	1029319	1	1	73819	13.8444080	0.0000000	7.17163484E-02
04/07/12	14:09:58	7267.600325016	970612	1	1	69628	13.7856821	0.0000000	7.17361829E-02
04/07/12	14:10:03	7268.399927382	1052343	1	1	75259	13.8665297	0.0000000	7.15156560E-02
04/07/12	14:10:09	7269.199712749	1080316	1	1	77534	13.8927641	0.0000000	7.17697414E-02
04/07/12	14:10:14	7269.999681179	1077849	1	1	77580	13.8904779	0.0000000	7.19766869E-02
04/07/12	14:10:20	7270.799832734	1049157	1	1	75217	13.8634975	0.0000000	7.16927972E-02
04/07/12	14:10:25	7271.600167475	987775	1	1	71308	13.8032102	0.0000000	7.21905292E-02
04/07/12	14:10:31	7272.399786914	1044437	1	1	75191	13.8589885	0.0000000	7.19918961E-02
04/07/12	14:10:36	7273.199589253	1072463	1	1	76811	13.8854684	0.0000000	7.16211189E-02
04/07/12	14:10:42	7273.999574553	1075520	1	1	77271	13.8883148	0.0000000	7.18452470E-02
04/07/12	14:10:47	7274.799742877	1075223	1	1	77987	13.8880386	0.0000000	7.25310005E-02
04/07/12	14:10:53	7275.600094286	1074955	1	1	77392	13.8877894	0.0000000	7.19955719E-02
04/07/12	14:10:58	7276.399729263	1074453	1	1	77756	13.8873223	0.0000000	7.23679863E-02
04/07/12	14:11:04	7277.200446823	1074593	1	1	77682	13.8874525	0.0000000	7.22896948E-02
04/07/12	14:11:09	7278.000447663	1074323	1	1	77267	13.8872013	0.0000000	7.19215729E-02
04/07/12	14:11:15	7278.799731228	1073491	1	1	77783	13.8864265	0.0000000	7.24579899E-02
04/07/12	14:11:20	7279.600097767	1073913	1	1	76757	13.8868195	0.0000000	7.14741324E-02
04/07/12	14:11:26	7280.399746744	1073682	1	1	77266	13.8866044	0.0000000	7.19635795E-02
04/07/12	14:11:31	7281.199578415	1072467	1	1	77230	13.8854722	0.0000000	7.20115397E-02
04/07/12	14:11:36	7281.999592844	1071234	1	1	77672	13.8843218	0.0000000	7.25070339E-02
04/07/12	14:11:42	7282.799790093	1071104	1	1	77953	13.8842005	0.0000000	7.27781803E-02
04/07/12	14:11:47	7283.600170222	1070126	1	1	77254	13.8832870	0.0000000	7.21914989E-02
04/07/12	14:11:53	7284.399831655	1070447	1	1	77200	13.8835869	0.0000000	7.21194043E-02
04/07/12	14:11:58	7285.199675682	1070149	1	1	77829	13.8833084	0.0000000	7.27272557E-02
04/07/12	14:12:04	7285.999702363	1068630	1	1	77435	13.8818880	0.0000000	7.24619372E-02
04/07/12	14:12:09	7286.799911759	1069056	1	1	77300	13.8822866	0.0000000	7.23067828E-02
04/07/12	14:12:15	7287.600303934	1068767	1	1	77765	13.8820162	0.0000000	7.27614157E-02
04/07/12	14:12:20	7288.39997628	1067308	1	1	77755	13.8806501	0.0000000	7.28515105E-02
04/07/12	14:12:26	7289.199831115	1067208	1	1	77779	13.8805565	0.0000000	7.28808255E-02
04/07/12	14:12:31	7289.999868501	1066794	1	1	77584	13.8801684	0.0000000	7.27263183E-02
04/07/12	14:12:36	7290.800088499	1066801	1	1	76879	13.8801750	0.0000000	7.20649868E-02
04/07/12	14:12:42	7291.599587679	1066513	1	1	77630	13.8799050	0.0000000	7.27886111E-02
04/07/12	14:12:47	7292.400172881	1065172	1	1	77726	13.8786468	0.0000000	7.29703747E-02
04/07/12	14:12:53	7293.200036975	1065251	1	1	78210	13.8787210	0.0000000	7.34193162E-02
04/07/12	14:12:58	7294.000083517	1064537	1	1	77608	13.8780505	0.0000000	7.29030555E-02
04/07/12	14:13:04	7294.800312566	1064690	1	1	77987	13.8781942	0.0000000	7.32485512E-02
04/07/12	14:13:09	7295.599819662	1064825	1	1	77994	13.8783210	0.0000000	7.32458385E-02
04/07/12	14:13:15	7296.400413705	1063607	1	1	77713	13.8771765	0.0000000	7.30655214E-02
04/07/12	14:13:20	7297.200285506	1062975	1	1	77499	13.8765821	0.0000000	7.29076413E-02
04/07/12	14:13:25	7298.000339649	1061467	1	1	78121	13.8751625	0.0000000	7.35972009E-02
04/07/12	14:13:30	7298.799670847	1060850	1	1	77924	13.8745810	0.0000000	7.34543055E-02
04/07/12	14:13:35	7299.600089652	1060536	1	1	77997	13.8742850	0.0000000	7.35448867E-02
04/07/12	14:13:40	7300.399785222	1060219	1	1	77695	13.8739860	0.0000000	7.32820295E-02
04/07/12	14:13:45	7301.199662966	1059028	1	1	77245	13.8728621	0.0000000	7.29395257E-02
04/07/12	14:13:50	7301.999722948	1059614	1	1	77923	13.8734152	0.0000000	7.35390435E-02
04/07/12	14:13:55	7302.799965227	1058498	1	1	77582	13.8723615	0.0000000	7.32944229E-02
04/07/12	14:13:59	7303.600389865	1059391	1	1	77809	13.8732048	0.0000000	7.34469143E-02
04/07/12	14:14:04	7304.400090131	1059172	1	1	78132	13.8729980	0.0000000	7.37670558E-02
04/07/12	14:14:09	7305.199972466	1058333	1	1	77900	13.8722056	0.0000000	7.36063224E-02
04/07/12	14:14:14	7306.000036932	1057633	1	1	78307	13.8715440	0.0000000	7.40398607E-02
04/07/12	14:14:19	7306.800283589	1056675	1	1	77863	13.8706377	0.0000000	7.36868006E-02
04/07/12	14:14:24	7307.59980488	1057130	1	1	78273	13.8710682	0.0000000	7.40429275E-02
04/07/12	14:14:29	7308.400415899	1057628	1	1	77832	13.8715392	0.0000000	7.35910925E-02
04/07/12	14:14:34	7309.200301261	1056037	1	1	78325	13.8700338	0.0000000	7.41688028E-02
04/07/12	14:14:39	7310.000368647	1056466	1	1	78326	13.8704399	0.0000000	7.41396316E-02
04/07/12	14:14:44	7310.799709673	1056792	1	1	78197	13.8707485	0.0000000	7.39946934E-02
04/07/12	14:14:48	7311.600141084	1055751	1	1	78158	13.8697629	0.0000000	7.40307137E-02
04/07/12	14:14:53	7312.399845844	1056568	1	1	77732	13.8705365	0.0000000	7.35702766E-02
04/07/12	14:14:58	7313.199732459	1056037	1	1	78008	13.8700338	0.0000000	7.38686239E-02
04/07/12	14:15:03	7313.999800991	1055587	1	1	78118	13.8696076	0.0000000	7.40043218E-02
04/07/12	14:15:08	7314.800051502	1054093	1	1	78059	13.8681912	0.0000000	7.40532382E-02
04/07/12	14:15:13	7315.599574366	1054288	1	1	78217	13.8683762	0.0000000	7.41894056E-02
04/07/12	14:15:18	7316.400188809	1054126	1	1	78486	13.8682225	0.0000000	7.44559948E-02
04/07/12	14:15:23	7317.200075314	1054057	1	1	78701	13.8681571	0.0000000	7.46648426E-02
04/07/12	14:15:27	7318.000143629	1051573	1	1	78015	13.8657977	0.0000000	7.41888580E-02
04/07/12	14:15:32	7318.800393813	1051552	1	1	78228	13.8657777	0.0000000	7.43928974E-02
04/07/12	14:15:37	7319.599915209	1051761	1	1	78090	13.8659765	0.0000000	7.42469059E-02
04/07/12	14:15:42	7320.399618184	1049111	1	1	78107	13.8634537	0.0000000	7.44506539E-02
04/07/12	14:15:47	7321.200413933	1050652	1	1	78369	13.8649215	0.0000000	7.45908255E-02
04/07/12	14:15:52	7321.999569114	1049901	1	1	78312	13.8642064	0.0000000	7.45898899E-02
04/07/12	14:15:57	7322.799817191	1050190	1	1	78246	13.8644817	0.0000000	7.45065179E-02
04/07/12	14:16:02	7323.600247092	1048874	1	1	78489	13.8632278	0.0000000	7.48316766E-02
04/07/12	14:16:06	7324.399946914	1049356	1	1	78610	13.8636872	0.0000000	7.49126131E-02
04/07/12	14:16:11	7325.199828267	1049682	1	1	77869	13.8639978	0.0000000	7.41834194E-02
04/07/12	14:16:16	7325.999891213	1049984	1	1	78444	13.8642855	0.0000000	7.47097099E-02
04/07/12	14:16:21	7326.800135811	1049821	1	1	78805	13.8641302	0.0000000	7.50651778E-02
04/07/12	14:16:26	7327.599649333	1048760	1	1	78435	13.8631191	0.0000000	7.47883214E-02
04/07/12	14:16:31	7328.400257213	1048259	1	1	78413	13.8626413	0.0000000	7.48030782E-02
04/07/12	14:16:36	7329.200133725	1047360	1	1	77725	13.8617833	0.0000000	7.42103957E-02
04/07/12	14:16:40	7330.000191719	1047156	1	1	78335	13.8615885	0.0000000	7.48073830E-02
04/07/12	14:16:45	7330.800431256	1047047	1	1	77850	13.8614844	0.0000000	7.43519632E-02
04/07/12	14:16:50	7331.599938572	1046815	1	1	78107	13.8612628	0.0000000	7.46139480E-02
04/07/12	14:16:55	7332.399627139	1045262	1	1	78092	13.8597781	0.0000000	7.47104554E-02
04/07/12	14:17:00	7333.200411258	1044634	1	1	78535	13.8591771	0.0000000	7.51794408E-02
04/07/12	14:17:05	7333.999548268	1045125	1	1	78428	13.8596471	0.0000000	7.50417414E-02
04/07/12	14:17:10	7334.799780952	1044813	1	1	78200	13.8593485	0.0000000	7.48459294E-02
04/07/12	14:17:15	7335.60019513	1044024	1	1	78658	13.8585930	0.0000000	7.53411799E-02
04/07/12	14:17:20	7336.399875793	1043523	1	1	78109	13.8581130	0.0000000	7.48512491E-02
04/07/12	14:17:24	7337.199737658	1043896	1	1	78774	13.8584704	0.0000000	7.54615402E-02
04/07/12	14:17:29	7337.999780784	1042481	1	1	78527	13.8571140	0.0000000	7.53270323E-02
04/07/12	14:17:34	7338.800005233	1043268	1	1	78500	13.8578687	0.0000000	7.52443284E-02
04/07/12	14:17:39	7339.600411066	1041957	1	1	78767	13.8566112	0.0000000	7.55952501E-02
04/07/12	14:17:44	7340.400082236	1041563	1	1	79085	13.8562330	0.0000000	7.59291565E-02
04/07/12	14:17:49	7341.199934495	1040956	1	1	77905	13.8556501	0.0000000	7.48398587E-02
04/07/12	14:17:54	7341.999967906	1040799	1	1	78809	13.8554992	0.0000000	7.57197115E-02
04/07/12	14:17:59	7342.800182528	1040394	1	1	78304	13.8551100	0.0000000	7.52637943E-02
04/07/12	14:18:04	7343.599661484	1039890	1	1	78762	13.8546255	0.0000000	7.57407033E-02
04/07/12	14:18:10	7344.400238504	1039517	1	1	79058	13.8542667	0.0000000	7.60526283E-02
04/07/12	14:18:15	7345.200079564	1037819	1	1	78818	13.8526320	0.0000000	7.59458056E-02
04/07/12	14:18:20	7346.000101663	1038075	1	1	78781	13.8528786	0.0000000	7.58914337E-02
04/07/12	14:18:25	7346.800304862	1037958	1	1	79027	13.8527659	0.0000000	7.61369921E-02
04/07/12	14:18:31	7347.599771246	1036930	1	1	78263	13.8517750	0.0000000	7.54756830E-02
04/07/12	14:18:36	7348.400336618	1036990	1	1	78984	13.8518328	0.0000000	7.61665976E-02
04/07/12	14:18:41	7349.200164881	1036900	1	1	78384	13.8517461	0.0000000	7.55945607E-02
04/07/12	14:18:47	7350.000174071	1035352	1	1	78291	13.8502520	0.0000000	7.56177609E-02
04/07/12	14:18:52	7350.800364247	1035453	1	1	78272	13.8503496	0.0000000	7.55920356E-02
04/07/12	14:18:57	7351.599816457	1035405	1	1	78385	13.8503032	0.0000000	7.57046759E-02
04/07/12	14:19:02	7352.400368583	1035049	1	1	78990	13.8499593	0.0000000	7.63152276E-02
04/07/12	14:19:08	7353.200182447	1035126	1	1	79196	13.8500337	0.0000000	7.65085603E-02
04/07/12	14:19:13	7354.000177124	1034863	1	1	79001	13.8497796	0.0000000	7.63395735E-02
04/07/12	14:19:18	7354.800352676	1033571	1	1	78714	13.8485304	0.0000000	7.61573225E-02
04/07/12	14:19:23	7355.599789109	1033296	1	1	78819	13.8482643	0.0000000	7.62792075E-02
04/07/12	14:19:29	7356.400326383	1032863	1	1	78713	13.8478451	0.0000000	7.62085582E-02
04/07/12	14:19:34	7357.200124243	1032761	1	1	79192	13.8477464	0.0000000	7.66798901E-02
04/07/12	14:19:39	7358.000102803	1032312	1	1	78716	13.8473115	0.0000000	7.62521408E-02
04/07/12	14:19:45	7358.800262124	1031351	1	1	78840	13.8463802	0.0000000	7.64434223E-02
04/07/12	14:19:50	7359.599681173	1031191	1	1	78191	13.8462250	0.0000000	7.58259139E-02
04/07/12	14:19:55	7360.400201988	1030904	1	1	78347	13.8459466	0.0000000	7.59983471E-02
04/07/12	14:20:00	7361.199982236	1028524	1	1	78326	13.8436353	0.0000000	7.61537893E-02
04/07/12	14:20:06	7361.99994307	1029045	1	1	78291	13.8441417	0.0000000	7.60812209E-02
04/07/12	14:20:11	7362.80008455	1027823	1	1	78151	13.8429535	0.0000000	7.60354653E-02
04/07/12	14:20:16	7363.600406737	1027290	1	1	78343	13.8424348	0.0000000	7.62618151E-02
04/07/12	14:20:22	7364.399987349	1026752	1	1	78928	13.8419110	0.0000000	7.68715328E-02
04/07/12	14:20:27	7365.199748373	1026192	1	1	78558	13.8413654	0.0000000	7.65529258E-02
04/07/12	14:20:32	7365.999689868	1026472	1	1	78555	13.8416382	0.0000000	7.65291211E-02
04/07/12	14:20:37	7366.799811894	1025273	1	1	79313	13.8404695	0.0000000	7.73579330E-02
04/07/12	14:20:42	7367.600114513	1025288	1	1	78784	13.8404841	0.0000000	7.68408486E-02
04/07/12	14:20:48	7368.399674401	1024666	1	1	78699	13.8398773	0.0000000	7.68045392E-02
04/07/12	14:20:53	7369.200338176	1024327	1	1	78049	13.8395464	0.0000000	7.61953946E-02
04/07/12	14:20:58	7370.000258924	1023773	1	1	78687	13.8390054	0.0000000	7.68598117E-02
04/07/12	14:21:04	7370.800360089	1023423	1	1	78156	13.8386634	0.0000000	7.63672499E-02
04/07/12	14:21:09	7371.599717514	1021213	1	1	78017	13.8365017	0.0000000	7.63964031E-02
04/07/12	14:21:14	7372.400179484	1016409	1	1	77472	13.8317864	0.0000000	7.62212849E-02
04/07/12	14:21:19	7373.199897417	1014175	1	1	76943	13.8295860	0.0000000	7.58675771E-02
04/07/12	14:21:25	7373.999795591	1014384	1	1	77807	13.8297921	0.0000000	7.67036941E-02
04/07/12	14:21:30	7374.799874066	1014189	1	1	77945	13.8295998	0.0000000	7.68545113E-02
04/07/12	14:21:35	7375.600132901	1010319	1	1	76860	13.8257767	0.0000000	7.60749823E-02
04/07/12	14:21:40	7376.39964669	1005947	1	1	76790	13.8214399	0.0000000	7.63360296E-02
04/07/12	14:21:46	7377.200266218	1008197	1	1	77170	13.8236741	0.0000000	7.65425805E-02
04/07/12	14:21:51	7378.000140404	1008688	1	1	76856	13.8241610	0.0000000	7.61940263E-02
04/07/12	14:21:56	7378.800194773	1008643	1	1	77476	13.8241164	0.0000000	7.68121129E-02
04/07/12	14:22:01	7379.600429387	1008282	1	1	77368	13.8237585	0.0000000	7.67325014E-02
04/07/12	14:22:07	7380.399917794	1007253	1	1	77038	13.8227374	0.0000000	7.64832669E-02
04/07/12	14:22:12	7381.199586149	1008061	1	1	77371	13.8235392	0.0000000	7.67522997E-02
04/07/12	14:22:17	7382.000361439	1007565	1	1	77324	13.8230471	0.0000000	7.67434359E-02
04/07/12	14:22:22	7382.800390076	1006435	1	1	76879	13.8219249	0.0000000	7.63874468E-02
04/07/12	14:22:28	7383.599671496	1004501	1	1	76463	13.8200015	0.0000000	7.61203822E-02
04/07/12	14:22:33	7384.400060239	1003408	1	1	76817	13.8189128	0.0000000	7.65560968E-02
04/07/12	14:22:38	7385.199701467	1003563	1	1	76450	13.8190672	0.0000000	7.61785757E-02
04/07/12	14:22:44	7386.000450555	1001183	1	1	76813	13.8166929	0.0000000	7.67222376E-02
04/07/12	14:22:49	7386.80045183	1000174	1	1	76738	13.8156845	0.0000000	7.67246499E-02
04/07/12	14:22:55	7387.599704726	998694	1	1	77031	13.8142037	0.0000000	7.71317340E-02
04/07/12	14:23:00	7388.400065872	1001320	1	1	77183	13.8168297	0.0000000	7.70812527E-02
04/07/12	14:23:05	7389.19967834	1002603	1	1	77347	13.8181102	0.0000000	7.71461885E-02
04/07/12	14:23:11	7390.000399595	1002658	1	1	77005	13.8181650	0.0000000	7.68008633E-02
04/07/12	14:23:16	7390.800371874	1002485	1	1	77715	13.8179925	0.0000000	7.75223569E-02
04/07/12	14:23:22	7391.599594612	1000967	1	1	77709	13.8164771	0.0000000	7.76339280E-02
04/07/12	14:23:27	7392.399926525	1001855	1	1	77664	13.8173638	0.0000000	7.75202000E-02
04/07/12	14:23:32	7393.200438448	1001713	1	1	77495	13.8172221	0.0000000	7.73624781E-02
04/07/12	14:23:38	7394.000200383	1001449	1	1	77086	13.8169585	0.0000000	7.69744640E-02
04/07/12	14:23:43	7394.800142029	1000749	1	1	77559	13.8162593	0.0000000	7.75009518E-02
04/07/12	14:23:49	7395.600263448	1000093	1	1	77529	13.8156036	0.0000000	7.75217905E-02
04/07/12	14:23:54	7396.399634012	999904	1	1	77822	13.8154146	0.0000000	7.78294716E-02
04/07/12	14:23:59	7397.200114946	998557	1	1	77302	13.8140665	0.0000000	7.74137080E-02
04/07/12	14:24:05	7397.999844726	999864	1	1	77572	13.8153745	0.0000000	7.75825512E-02
04/07/12	14:24:10	7398.799754099	1000135	1	1	77834	13.8156455	0.0000000	7.78234938E-02
04/07/12	14:24:16	7399.599843125	1000308	1	1	77896	13.8158185	0.0000000	7.78720154E-02
04/07/12	14:24:21	7400.400111863	998670	1	1	78080	13.8141797	0.0000000	7.81839847E-02
04/07/12	14:24:26	7401.199628432	998821	1	1	77724	13.8143309	0.0000000	7.78157448E-02
04/07/12	14:24:32	7402.000256566	998856	1	1	77865	13.8143659	0.0000000	7.79541796E-02
04/07/12	14:24:37	7402.80013223	997430	1	1	77867	13.8129372	0.0000000	7.80676338E-02
04/07/12	14:24:43	7403.600187428	994298	1	1	77724	13.8097922	0.0000000	7.81697238E-02
04/07/12	14:24:48	7404.400422218	988487	1	1	77262	13.8039308	0.0000000	7.81618777E-02
04/07/12	14:24:54	7405.199903671	990578	1	1	77313	13.8060439	0.0000000	7.80483718E-02
04/07/12	14:24:59	7405.999564418	990417	1	1	77205	13.8058813	0.0000000	7.79520142E-02
04/07/12	14:25:04	7406.800337925	992451	1	1	78222	13.8079329	0.0000000	7.88169895E-02
04/07/12	14:25:10	7407.600357646	995880	1	1	78060	13.8113820	0.0000000	7.83829377E-02
04/07/12	14:25:15	7408.399623013	995505	1	1	78133	13.8110054	0.0000000	7.84857936E-02
04/07/12	14:25:21	7409.200001528	995642	1	1	77922	13.8111430	0.0000000	7.82630705E-02
04/07/12	14:25:26	7409.999625389	995085	1	1	77968	13.8105834	0.0000000	7.83531055E-02
04/07/12	14:25:32	7410.800362936	994255	1	1	77605	13.8097490	0.0000000	7.80534169E-02
04/07/12	14:25:37	7411.600345529	994382	1	1	77859	13.8098767	0.0000000	7.82988831E-02
04/07/12	14:25:42	7412.3995726	994382	1	1	77511	13.8098767	0.0000000	7.79489170E-02
04/07/12	14:25:48	7413.199913744	993870	1	1	78047	13.8093617	0.0000000	7.85283790E-02
04/07/12	14:25:53	7414.000434358	993788	1	1	77829	13.8092792	0.0000000	7.83154959E-02
04/07/12	14:25:59	7414.800198999	992753	1	1	77464	13.8082372	0.0000000	7.80294796E-02
04/07/12	14:26:04	7415.60014281	992872	1	1	77737	13.8083570	0.0000000	7.82950874E-02
04/07/12	14:26:10	7416.40026585	992663	1	1	78367	13.8081465	0.0000000	7.89462285E-02
04/07/12	14:26:15	7417.199632046	991574	1	1	77793	13.8070489	0.0000000	7.84540539E-02
04/07/12	14:26:20	7418.000113512	991667	1	1	77902	13.8071426	0.0000000	7.85566122E-02
04/07/12	14:26:26	7418.799837835	991385	1	1	77822	13.8068582	0.0000000	7.84982625E-02
04/07/12	14:26:31	7419.599741204	990298	1	1	78429	13.8057612	0.0000000	7.91973729E-02
04/07/12	14:26:37	7420.39982368	990621	1	1	77745	13.8060873	0.0000000	7.84810740E-02
04/07/12	14:26:42	7421.200085322	990451	1	1	78229	13.8059157	0.0000000	7.89832107E-02
04/07/12	14:26:47	7421.9995888	990256	1	1	78015	13.8057188	0.0000000	7.87826582E-02
04/07/12	14:26:53	7422.800208741	989984	1	1	78798	13.8054441	0.0000000	7.95952258E-02
04/07/12	14:26:58	7423.600070218	989400	1	1	78458	13.8048540	0.0000000	7.92985648E-02
04/07/12	14:27:04	7424.400110678	989374	1	1	78395	13.8048277	0.0000000	7.92369721E-02
04/07/12	14:27:09	7425.200330181	989452	1	1	78357	13.8049065	0.0000000	7.91923206E-02
04/07/12	14:27:15	7425.999790347	988443	1	1	78219	13.8038863	0.0000000	7.91335464E-02
04/07/12	14:27:20	7426.800367904	988081	1	1	78679	13.8035200	0.0000000	7.96280872E-02
04/07/12	14:27:25	7427.600185822	987764	1	1	78559	13.8031991	0.0000000	7.95321555E-02
04/07/12	14:27:31	7428.400182601	987742	1	1	78212	13.8031768	0.0000000	7.91826206E-02
04/07/12	14:27:36	7429.200358299	987182	1	1	78468	13.8026097	0.0000000	7.94868626E-02
04/07/12	14:27:41	7429.999773486	985395	1	1	78455	13.8007979	0.0000000	7.96178182E-02
04/07/12	14:27:47	7430.80030699	985547	1	1	78123	13.8009521	0.0000000	7.92686701E-02
04/07/12	14:27:52	7431.600079682	985240	1	1	78377	13.8006405	0.0000000	7.95511753E-02
04/07/12	14:27:58	7432.40003111	984579	1	1	78640	13.7999694	0.0000000	7.98717015E-02
04/07/12	14:28:03	7433.200161333	984524	1	1	78249	13.7999136	0.0000000	7.94790173E-02
04/07/12	14:28:09	7433.999529871	984191	1	1	78631	13.7995753	0.0000000	7.98940450E-02
04/07/12	14:28:14	7434.800017651	983822	1	1	78250	13.7992003	0.0000000	7.95367455E-02
04/07/12	14:28:20	7435.599743445	982556	1	1	78364	13.7979126	0.0000000	7.97552506E-02
04/07/12	14:28:25	7436.399647849	982443	1	1	78281	13.7977976	0.0000000	7.96799407E-02
04/07/12	14:28:31	7437.199730924	981387	1	1	77982	13.7967222	0.0000000	7.94610077E-02
04/07/12	14:28:36	7437.999992728	981184	1	1	78272	13.7965153	0.0000000	7.97730089E-02
04/07/12	14:28:41	7438.800433321	980649	1	1	78653	13.7959699	0.0000000	8.02050479E-02
04/07/12	14:28:47	7439.60011075	980250	1	1	78132	13.7955629	0.0000000	7.97061974E-02
04/07/12	14:28:52	7440.399966666	979398	1	1	77955	13.7946934	0.0000000	7.95948123E-02
04/07/12	14:28:58	7441.200001127	979352	1	1	78584	13.7946464	0.0000000	8.02408123E-02
04/07/12	14:29:03	7442.000214191	979076	1	1	78494	13.7943645	0.0000000	8.01715086E-02
04/07/12	14:29:09	7442.799663067	978572	1	1	78257	13.7938496	0.0000000	7.99706102E-02
04/07/12	14:29:14	7443.600233306	978358	1	1	78437	13.7936309	0.0000000	8.01720842E-02
04/07/12	14:29:20	7444.400039053	978128	1	1	78224	13.7933958	0.0000000	7.99731732E-02
04/07/12	14:29:25	7445.200023219	977535	1	1	78109	13.7927894	0.0000000	7.99040444E-02
04/07/12	14:29:31	7446.000185864	976580	1	1	78727	13.7918120	0.0000000	8.06150034E-02
04/07/12	14:29:36	7446.799583141	974479	1	1	78021	13.7896582	0.0000000	8.00643216E-02
04/07/12	14:29:42	7447.600102708	969266	1	1	77626	13.7842944	0.0000000	8.00874063E-02
04/07/12	14:29:47	7448.399856604	966194	1	1	77404	13.7811199	0.0000000	8.01122756E-02
04/07/12	14:29:52	7449.199788793	968881	1	1	78095	13.7838971	0.0000000	8.06032939E-02
04/07/12	14:29:58	7449.999899333	969146	1	1	77592	13.7841706	0.0000000	8.00622404E-02
04/07/12	14:30:03	7450.800188284	970624	1	1	78936	13.7856944	0.0000000	8.13250033E-02
04/07/12	14:30:09	7451.599710536	974040	1	1	78285	13.7892076	0.0000000	8.03714427E-02
04/07/12	14:30:14	7452.400356273	976075	1	1	78410	13.7912947	0.0000000	8.03319417E-02
04/07/12	14:30:20	7453.200235008	975647	1	1	78861	13.7908561	0.0000000	8.08294393E-02
04/07/12	14:30:25	7454.000291968	975302	1	1	78769	13.7905024	0.0000000	8.07637019E-02
04/07/12	14:30:31	7454.7995812	975146	1	1	78684	13.7903425	0.0000000	8.06894557E-02
04/07/12	14:30:36	7455.599994574	974853	1	1	78927	13.7900420	0.0000000	8.09629760E-02
04/07/12	14:30:42	7456.399639917	973433	1	1	78588	13.7885843	0.0000000	8.07328291E-02
04/07/12	14:30:47	7457.20040994	973670	1	1	78303	13.7888277	0.0000000	8.04204710E-02
04/07/12	14:30:53	7458.000411628	973337	1	1	78588	13.7884857	0.0000000	8.07407917E-02
04/07/12	14:30:58	7458.799644408	972910	1	1	78920	13.7880469	0.0000000	8.11174723E-02
04/07/12	14:31:03	7459.600002255	971638	1	1	78113	13.7867386	0.0000000	8.03931094E-02
04/07/12	14:31:09	7460.399590889	971907	1	1	78829	13.7870154	0.0000000	8.11075545E-02
04/07/12	14:31:14	7461.200305128	971256	1	1	78211	13.7863454	0.0000000	8.05256287E-02
04/07/12	14:31:20	7462.000249851	970501	1	1	78551	13.7855677	0.0000000	8.09386080E-02
04/07/12	14:31:25	7462.800372601	970225	1	1	78588	13.7852833	0.0000000	8.09997681E-02
04/07/12	14:31:31	7463.599725107	969891	1	1	78387	13.7849390	0.0000000	8.08204221E-02
04/07/12	14:31:36	7464.400203875	969473	1	1	78537	13.7845079	0.0000000	8.10099920E-02
04/07/12	14:31:42	7465.199912096	964833	1	1	78175	13.7797103	0.0000000	8.10243845E-02
04/07/12	14:31:47	7465.999798155	962558	1	1	78096	13.7773496	0.0000000	8.11338122E-02
04/07/12	14:31:52	7466.799862113	961105	1	1	77836	13.7758389	0.0000000	8.09859485E-02
04/07/12	14:31:58	7467.600104028	959610	1	1	77597	13.7742822	0.0000000	8.08630590E-02
04/07/12	14:32:03	7468.399574362	958110	1	1	77263	13.7727179	0.0000000	8.06410537E-02
04/07/12	14:32:09	7469.200172154	952946	1	1	76948	13.7673135	0.0000000	8.07474925E-02
04/07/12	14:32:14	7469.999998061	950819	1	1	76899	13.7650790	0.0000000	8.08765917E-02
04/07/12	14:32:20	7470.800001736	953046	1	1	77415	13.7674185	0.0000000	8.12290278E-02
04/07/12	14:32:25	7471.600183239	953362	1	1	77042	13.7677500	0.0000000	8.08108567E-02
04/07/12	14:32:31	7472.399591976	954871	1	1	78054	13.7693315	0.0000000	8.17429789E-02
04/07/12	14:32:36	7473.200129096	956316	1	1	78114	13.7708437	0.0000000	8.16822055E-02
04/07/12	14:32:42	7473.999893146	958509	1	1	77809	13.7731342	0.0000000	8.11771199E-02
04/07/12	14:32:47	7474.799834834	958206	1	1	77968	13.7728181	0.0000000	8.13687245E-02
04/07/12	14:32:52	7475.599954219	957327	1	1	78106	13.7719003	0.0000000	8.15875871E-02
04/07/12	14:32:58	7476.40025136	956055	1	1	77874	13.7705707	0.0000000	8.14534729E-02
04/07/12	14:33:03	7477.199774395	955614	1	1	77382	13.7701093	0.0000000	8.09762101E-02
04/07/12	14:33:09	7478.00042701	955553	1	1	77766	13.7700455	0.0000000	8.13832409E-02
04/07/12	14:33:14	7478.800305215	955939	1	1	77769	13.7704494	0.0000000	8.13535173E-02
04/07/12	14:33:20	7479.600360985	955863	1	1	78050	13.7703699	0.0000000	8.16539609E-02
04/07/12	14:33:25	7480.399641615	955657	1	1	78331	13.7701543	0.0000000	8.19656006E-02
04/07/12	14:33:31	7481.200052482	954905	1	1	77993	13.7693671	0.0000000	8.16761877E-02
04/07/12	14:33:36	7481.999687902	953271	1	1	77564	13.7676545	0.0000000	8.13661593E-02
04/07/12	14:33:42	7482.800454098	954030	1	1	77786	13.7684504	0.0000000	8.15341237E-02
04/07/12	14:33:47	7483.600444541	953448	1	1	77663	13.7678402	0.0000000	8.14548879E-02
04/07/12	14:33:53	7484.399658656	953665	1	1	77487	13.7680677	0.0000000	8.12518023E-02
04/07/12	14:33:58	7485.200003933	953557	1	1	77985	13.7679545	0.0000000	8.17832599E-02
04/07/12	14:34:04	7485.999572574	952754	1	1	78224	13.7671120	0.0000000	8.21030402E-02
04/07/12	14:34:09	7486.800272917	952716	1	1	77681	13.7670721	0.0000000	8.15363655E-02
04/07/12	14:34:15	7487.600196318	952873	1	1	77970	13.7672369	0.0000000	8.18262245E-02
04/07/12	14:34:20	7488.40029708	953140	1	1	78014	13.7675171	0.0000000	8.18494660E-02
04/07/12	14:34:26	7489.19962017	952617	1	1	77892	13.7669682	0.0000000	8.17663342E-02
04/07/12	14:34:31	7490.000075618	952561	1	1	78207	13.7669094	0.0000000	8.21018286E-02
04/07/12	14:34:37	7490.799753086	951941	1	1	78222	13.7662583	0.0000000	8.21710589E-02
04/07/12	14:34:42	7491.599607726	952015	1	1	78157	13.7663361	0.0000000	8.20963955E-02
04/07/12	14:34:48	7492.399639594	951584	1	1	78292	13.7658832	0.0000000	8.22754481E-02
04/07/12	14:34:53	7493.199848749	950812	1	1	78034	13.7650716	0.0000000	8.20709036E-02
04/07/12	14:34:58	7494.000235249	950377	1	1	77976	13.7646140	0.0000000	8.20474401E-02
04/07/12	14:35:04	7494.799842578	950001	1	1	77934	13.7642183	0.0000000	8.20357031E-02
04/07/12	14:35:09	7495.599626945	948509	1	1	78388	13.7626466	0.0000000	8.26433908E-02
04/07/12	14:35:15	7496.399588408	948670	1	1	77792	13.7628163	0.0000000	8.20011174E-02
04/07/12	14:35:20	7497.199727025	948529	1	1	77847	13.7626676	0.0000000	8.20712914E-02
04/07/12	14:35:26	7498.000042853	947997	1	1	78152	13.7621066	0.0000000	8.24390794E-02
04/07/12	14:35:31	7498.799578318	947841	1	1	78022	13.7619420	0.0000000	8.23154938E-02
04/07/12	14:35:37	7499.600248533	947794	1	1	78100	13.7618925	0.0000000	8.24018721E-02
04/07/12	14:35:42	7500.400138076	947667	1	1	78016	13.7617585	0.0000000	8.23242764E-02
04/07/12	14:35:47	7501.20020464	947116	1	1	78065	13.7611769	0.0000000	8.24239058E-02
04/07/12	14:35:53	7502.000448281	945523	1	1	78113	13.7594935	0.0000000	8.26135377E-02
04/07/12	14:35:58	7502.799910365	946001	1	1	77869	13.7599989	0.0000000	8.23138665E-02
04/07/12	14:36:04	7503.599549219	945393	1	1	78152	13.7593560	0.0000000	8.26661505E-02
04/07/12	14:36:09	7504.400324019	944956	1	1	77825	13.7588936	0.0000000	8.23583320E-02
04/07/12	14:36:15	7505.200316798	944322	1	1	78143	13.7582225	0.0000000	8.27503754E-02
04/07/12	14:36:20	7505.99952698	944147	1	1	77872	13.7580372	0.0000000	8.24786818E-02
04/07/12	14:36:26	7506.799873493	944046	1	1	78394	13.7579302	0.0000000	8.30404451E-02
04/07/12	14:36:31	7507.600397066	942417	1	1	77825	13.7562031	0.0000000	8.25802166E-02
04/07/12	14:36:37	7508.400137578	939638	1	1	77388	13.7532500	0.0000000	8.23593767E-02
04/07/12	14:36:42	7509.20005484	939878	1	1	77383	13.7535054	0.0000000	8.23330262E-02
04/07/12	14:36:48	7510.000148912	938918	1	1	77576	13.7524834	0.0000000	8.26227636E-02
04/07/12	14:36:53	7510.80041985	941467	1	1	77880	13.7551946	0.0000000	8.27219648E-02
04/07/12	14:36:58	7511.599906685	940549	1	1	77975	13.7542190	0.0000000	8.29037084E-02
04/07/12	14:37:04	7512.399570078	940418	1	1	76988	13.7540797	0.0000000	8.18657235E-02
04/07/12	14:37:09	7513.200371539	940012	1	1	77838	13.7536479	0.0000000	8.28053259E-02
04/07/12	14:37:15	7514.000388434	939662	1	1	77763	13.7532755	0.0000000	8.27563528E-02
04/07/12	14:37:20	7514.799620182	939420	1	1	78141	13.7530179	0.0000000	8.31800473E-02
04/07/12	14:37:26	7515.599990384	938831	1	1	77486	13.7523908	0.0000000	8.25345563E-02
04/07/12	14:37:31	7516.399575131	938441	1	1	77584	13.7519753	0.0000000	8.26732847E-02
04/07/12	14:37:37	7517.200298871	937582	1	1	77987	13.7510595	0.0000000	8.31788580E-02
04/07/12	14:37:42	7518.000236847	937157	1	1	77485	13.7506061	0.0000000	8.26809169E-02
04/07/12	14:37:48	7518.800351419	937103	1	1	77658	13.7505485	0.0000000	8.28702928E-02
04/07/12	14:37:53	7519.59967949	936568	1	1	77399	13.7499774	0.0000000	8.26410896E-02
04/07/12	14:37:59	7520.400147212	935756	1	1	77650	13.7491100	0.0000000	8.29810335E-02
04/07/12	14:38:04	7521.199828125	934930	1	1	77948	13.7482269	0.0000000	8.33730868E-02
04/07/12	14:38:10	7521.999685438	932383	1	1	77652	13.7454990	0.0000000	8.32833717E-02
04/07/12	14:38:15	7522.79971921	928552	1	1	77127	13.7413817	0.0000000	8.30615841E-02
04/07/12	14:38:21	7523.599929498	929007	1	1	77238	13.7418716	0.0000000	8.31403854E-02
04/07/12	14:38:26	7524.40031636	928952	1	1	76842	13.7418123	0.0000000	8.27190210E-02
04/07/12	14:38:32	7525.199915212	928822	1	1	77472	13.7416724	0.0000000	8.34088771E-02
04/07/12	14:38:37	7525.999690328	929736	1	1	77317	13.7426560	0.0000000	8.31601659E-02
04/07/12	14:38:43	7526.799641764	930241	1	1	77491	13.7431990	0.0000000	8.33020690E-02
04/07/12	14:38:48	7527.59976958	931042	1	1	77914	13.7440597	0.0000000	8.36847317E-02
04/07/12	14:38:54	7528.400073832	930972	1	1	77534	13.7439845	0.0000000	8.32828485E-02
04/07/12	14:38:59	7529.199588873	930461	1	1	77782	13.7434354	0.0000000	8.35951211E-02
04/07/12	14:39:05	7530.000245957	929822	1	1	78152	13.7427484	0.0000000	8.40504957E-02
04/07/12	14:39:10	7530.80011352	928398	1	1	77893	13.7412158	0.0000000	8.39004393E-02
04/07/12	14:39:15	7531.600157324	928520	1	1	77777	13.7413472	0.0000000	8.37644854E-02
04/07/12	14:39:21	7532.400377426	927556	1	1	76856	13.7403084	0.0000000	8.28586091E-02
04/07/12	14:39:27	7533.199807115	927585	1	1	77665	13.7403397	0.0000000	8.37281759E-02
04/07/12	14:39:32	7534.000379774	926443	1	1	77802	13.7391078	0.0000000	8.39792626E-02
04/07/12	14:39:38	7534.800161708	926692	1	1	77840	13.7393765	0.0000000	8.39977037E-02
04/07/12	14:39:43	7535.600119745	926169	1	1	77391	13.7388120	0.0000000	8.35603437E-02
04/07/12	14:39:49	7536.400253941	925397	1	1	77811	13.7379781	0.0000000	8.40839121E-02
04/07/12	14:39:54	7537.199596521	924995	1	1	77703	13.7375436	0.0000000	8.40036973E-02
04/07/12	14:40:00	7538.000082996	924644	1	1	77339	13.7371641	0.0000000	8.36419206E-02
04/07/12	14:40:05	7538.799777544	924060	1	1	78185	13.7365323	0.0000000	8.46103067E-02
04/07/12	14:40:10	7539.599648054	923462	1	1	77636	13.7358849	0.0000000	8.40705952E-02
04/07/12	14:40:16	7540.399694586	923459	1	1	77352	13.7358817	0.0000000	8.37633290E-02
04/07/12	14:40:21	7541.199917195	921662	1	1	77186	13.7339338	0.0000000	8.37465361E-02
04/07/12	14:40:27	7542.00031594	922080	1	1	77610	13.7343873	0.0000000	8.41684019E-02
04/07/12	14:40:32	7542.799921551	921661	1	1	77446	13.7339328	0.0000000	8.40287264E-02
04/07/12	14:40:38	7543.599702987	921660	1	1	77485	13.7339317	0.0000000	8.40711325E-02
04/07/12	14:40:43	7544.399660303	920763	1	1	77573	13.7329580	0.0000000	8.42486069E-02
04/07/12	14:40:48	7545.199793558	920764	1	1	76718	13.7329590	0.0000000	8.33199387E-02
04/07/12	14:40:54	7546.000102808	920312	1	1	77122	13.7324680	0.0000000	8.37998418E-02
04/07/12	14:40:59	7546.799617719	918745	1	1	77170	13.7307639	0.0000000	8.39950149E-02
04/07/12	14:41:05	7547.600278919	919238	1	1	77281	13.7313003	0.0000000	8.40707194E-02
04/07/12	14:41:10	7548.400145467	918534	1	1	77485	13.7305342	0.0000000	8.43572475E-02
04/07/12	14:41:16	7549.200187814	918114	1	1	77213	13.7300768	0.0000000	8.40995780E-02
04/07/12	14:41:21	7550.000406015	918061	1	1	77449	13.7300191	0.0000000	8.43614967E-02
04/07/12	14:41:27	7550.799828671	917286	1	1	76620	13.7291746	0.0000000	8.35290193E-02
04/07/12	14:41:32	7551.600398541	916990	1	1	77726	13.7288518	0.0000000	8.47621021E-02
04/07/12	14:41:38	7552.400172552	916323	1	1	77549	13.7281242	0.0000000	8.46306379E-02
04/07/12	14:41:43	7553.200122221	915626	1	1	76935	13.7273633	0.0000000	8.40244816E-02
04/07/12	14:41:49	7554.000247603	914913	1	1	77074	13.7265843	0.0000000	8.42418897E-02
04/07/12	14:41:54	7554.799576231	913864	1	1	77075	13.7254370	0.0000000	8.43396829E-02
04/07/12	14:42:00	7555.600053	913486	1	1	77005	13.7250233	0.0000000	8.42979531E-02
04/07/12	14:42:05	7556.399732701	912998	1	1	76914	13.7244890	0.0000000	8.42433390E-02
04/07/12	14:42:10	7557.199587918	912566	1	1	76882	13.7240157	0.0000000	8.42481530E-02
04/07/12	14:42:16	7557.999618708	912349	1	1	77156	13.7237779	0.0000000	8.45685149E-02
04/07/12	14:42:21	7558.799825127	911385	1	1	76988	13.7227207	0.0000000	8.44736308E-02
04/07/12	14:42:27	7559.600207233	910713	1	1	76848	13.7219831	0.0000000	8.43822368E-02
04/07/12	14:42:32	7560.399791061	905813	1	1	76331	13.7165882	0.0000000	8.42679449E-02
04/07/12	14:42:38	7561.199550263	905695	1	1	76029	13.7164579	0.0000000	8.39454783E-02
04/07/12	14:42:43	7562.000459344	904915	1	1	76719	13.7155963	0.0000000	8.47803385E-02
04/07/12	14:42:49	7562.799595016	904558	1	1	75851	13.7152017	0.0000000	8.38542139E-02
04/07/12	14:42:54	7563.59988068	904326	1	1	76275	13.7149452	0.0000000	8.43445837E-02
04/07/12	14:43:00	7564.400341947	904463	1	1	76479	13.7150967	0.0000000	8.45573561E-02
04/07/12	14:43:05	7565.200003567	903966	1	1	76341	13.7145470	0.0000000	8.44511851E-02
04/07/12	14:43:10	7565.999840476	903782	1	1	76399	13.7143435	0.0000000	8.45325532E-02
04/07/12	14:43:16	7566.79985273	903546	1	1	76579	13.7140823	0.0000000	8.47538476E-02
04/07/12	14:43:21	7567.600040385	903173	1	1	76337	13.7136694	0.0000000	8.45209057E-02
04/07/12	14:43:27	7568.400403499	902737	1	1	76454	13.7131865	0.0000000	8.46913331E-02
04/07/12	14:43:32	7569.199965755	902205	1	1	76211	13.7125970	0.0000000	8.44719327E-02
04/07/12	14:43:38	7569.999703156	901283	1	1	76547	13.7115746	0.0000000	8.49311482E-02
04/07/12	14:43:43	7570.799615758	900589	1	1	76371	13.7108043	0.0000000	8.48011690E-02
04/07/12	14:43:49	7571.599703619	900214	1	1	76227	13.7103878	0.0000000	8.46765325E-02
04/07/12	14:43:54	7572.399966795	899579	1	1	76125	13.7096822	0.0000000	8.46229181E-02
04/07/12	14:44:00	7573.200405343	898906	1	1	75926	13.7089337	0.0000000	8.44648940E-02
04/07/12	14:44:05	7574.000041663	897997	1	1	76192	13.7079220	0.0000000	8.48466086E-02
04/07/12	14:44:10	7574.79985304	898138	1	1	76596	13.7080790	0.0000000	8.52831079E-02
04/07/12	14:44:16	7575.599839532	897472	1	1	75908	13.7073372	0.0000000	8.45797975E-02
04/07/12	14:44:21	7576.400001195	896430	1	1	75605	13.7061755	0.0000000	8.43401046E-02
04/07/12	14:44:27	7577.200338086	894391	1	1	76373	13.7038983	0.0000000	8.53910650E-02
04/07/12	14:44:32	7577.999871534	893293	1	1	75715	13.7026699	0.0000000	8.47594238E-02
04/07/12	14:44:38	7578.799579895	892726	1	1	75795	13.7020350	0.0000000	8.49028705E-02
04/07/12	14:44:43	7579.600442382	892755	1	1	76121	13.7020675	0.0000000	8.52652743E-02
04/07/12	14:44:49	7580.399521583	893239	1	1	75451	13.7026095	0.0000000	8.44689943E-02
04/07/12	14:44:54	7581.199755024	892447	1	1	75300	13.7017224	0.0000000	8.43747584E-02
04/07/12	14:44:59	7582.000163605	891698	1	1	75718	13.7008828	0.0000000	8.49143993E-02
04/07/12	14:45:05	7582.799767369	890262	1	1	76066	13.6992711	0.0000000	8.54422631E-02
04/07/12	14:45:10	7583.599545959	890087	1	1	75841	13.6990745	0.0000000	8.52062776E-02
04/07/12	14:45:16	7584.400479872	890838	1	1	75679	13.6999179	0.0000000	8.49525952E-02
04/07/12	14:45:21	7585.199627838	891872	1	1	76101	13.7010779	0.0000000	8.53272667E-02
04/07/12	14:45:27	7585.999931242	891878	1	1	76185	13.7010846	0.0000000	8.54208759E-02
04/07/12	14:45:32	7586.800409697	891926	1	1	75845	13.7011384	0.0000000	8.50350814E-02
04/07/12	14:45:38	7587.60008196	891019	1	1	75686	13.7001210	0.0000000	8.49431943E-02
04/07/12	14:45:43	7588.399928959	891026	1	1	75672	13.7001289	0.0000000	8.49268147E-02
04/07/12	14:45:48	7589.19995075	890612	1	1	75832	13.6996641	0.0000000	8.51459446E-02
04/07/12	14:45:54	7590.000147391	889549	1	1	75842	13.6984699	0.0000000	8.52589346E-02
04/07/12	14:45:59	7590.799536779	888884	1	1	75710	13.6977220	0.0000000	8.51742185E-02
04/07/12	14:46:05	7591.600083072	888519	1	1	75707	13.6973113	0.0000000	8.52058313E-02
04/07/12	14:46:11	7592.399821797	886599	1	1	76110	13.6951481	0.0000000	8.58448972E-02
04/07/12	14:46:16	7593.199735168	885970	1	1	75457	13.6944384	0.0000000	8.51687980E-02
04/07/12	14:46:22	7593.999823242	885892	1	1	75316	13.6943503	0.0000000	8.50171353E-02
04/07/12	14:46:27	7594.800086075	885217	1	1	75392	13.6935881	0.0000000	8.51678176E-02
04/07/12	14:46:33	7595.599540277	884905	1	1	75478	13.6932356	0.0000000	8.52950317E-02
04/07/12	14:46:38	7596.400152583	883921	1	1	75354	13.6921230	0.0000000	8.52496999E-02
04/07/12	14:46:44	7597.199955942	883430	1	1	75433	13.6915673	0.0000000	8.53865049E-02
04/07/12	14:46:49	7597.999933857	882769	1	1	75418	13.6908188	0.0000000	8.54334486E-02
04/07/12	14:46:54	7598.800086384	882296	1	1	75560	13.6902829	0.0000000	8.56401933E-02
04/07/12	14:47:00	7599.600413579	880966	1	1	75478	13.6887743	0.0000000	8.56764052E-02
04/07/12	14:47:05	7600.399930765	880528	1	1	74736	13.6882770	0.0000000	8.48763469E-02
