 NPTS  NS CUEDGE  CUHITE   DSPACE  STPDEG  STEPMM  START    STOP     SCALE
  480   4  84294. 200000. 1.92017   4000.   3150.  85290.  74500.    2.000
  DELTA:     50.      8.     16.     32.     46.
 DELEND:  84788.  83804.  81216.  76752.  71076.
    SEC:   2.000   2.000   2.000   2.000   2.000
 OFFSET: 1830. 1937.  366.  851.    4.    6.  137.    4.    6.   18.  641.    3.    2.    5.   61.   20.   93.  232.    0.    0.    0.    0.    0.    0.
5% CU/CAB IN H2 AT 40C                                            7   9  6-10-83
    85290. 2.17205E+05 1.49807E+04 2.55340E+03 4.20569E+04
    85240. 2.17414E+05 1.50367E+04 2.52190E+03 4.21724E+04
    85190. 2.17511E+05 1.51827E+04 2.51640E+03 4.25164E+04
    85140. 2.17690E+05 1.53212E+04 2.51990E+03 4.29349E+04
    85090. 2.17892E+05 1.55002E+04 2.52140E+03 4.33874E+04
    85040. 2.17986E+05 1.56257E+04 2.50990E+03 4.37934E+04
    84990. 2.18223E+05 1.57872E+04 2.51040E+03 4.42059E+04
    84940. 2.18474E+05 1.59622E+04 2.51140E+03 4.47344E+04
    84890. 2.18710E+05 1.61412E+04 2.52790E+03 4.52304E+04
    84840. 2.18860E+05 1.63097E+04 2.50890E+03 4.56939E+04
    84790. 2.19184E+05 1.64897E+04 2.50740E+03 4.61919E+04
    84740. 2.19351E+05 1.66467E+04 2.52190E+03 4.66639E+04
    84732. 2.19463E+05 1.66882E+04 2.53040E+03 4.67069E+04
    84724. 2.19445E+05 1.67282E+04 2.52390E+03 4.67819E+04
    84716. 2.19517E+05 1.67512E+04 2.53090E+03 4.69814E+04
    84708. 2.19107E+05 1.67107E+04 2.51340E+03 4.68234E+04
    84700. 2.19217E+05 1.67577E+04 2.52740E+03 4.69554E+04
    84692. 2.19255E+05 1.68017E+04 2.52540E+03 4.70134E+04
    84684. 2.19404E+05 1.68357E+04 2.52040E+03 4.70959E+04
    84676. 2.19406E+05 1.68507E+04 2.53790E+03 4.71219E+04
    84668. 2.19409E+05 1.68887E+04 2.53240E+03 4.73399E+04
    84660. 2.19279E+05 1.68927E+04 2.52740E+03 4.72749E+04
    84652. 2.19322E+05 1.69297E+04 2.53340E+03 4.73879E+04
    84644. 2.19358E+05 1.69407E+04 2.54190E+03 4.74784E+04
    84636. 2.19369E+05 1.69557E+04 2.52990E+03 4.74994E+04
    84628. 2.19368E+05 1.70047E+04 2.54940E+03 4.75244E+04
    84620. 2.19471E+05 1.70182E+04 2.53340E+03 4.75224E+04
    84612. 2.19305E+05 1.70297E+04 2.56290E+03 4.76599E+04
    84604. 2.19541E+05 1.70802E+04 2.53840E+03 4.77179E+04
    84596. 2.19538E+05 1.70922E+04 2.53340E+03 4.78319E+04
    84588. 2.19607E+05 1.71302E+04 2.55140E+03 4.79254E+04
    84580. 2.19676E+05 1.71572E+04 2.54990E+03 4.79779E+04
    84572. 2.19587E+05 1.71757E+04 2.55340E+03 4.80769E+04
    84564. 2.19624E+05 1.72092E+04 2.55940E+03 4.81239E+04
    84556. 2.19697E+05 1.72242E+04 2.55840E+03 4.81969E+04
    84548. 2.19496E+05 1.72227E+04 2.55490E+03 4.81589E+04
    84540. 2.19620E+05 1.72457E+04 2.54990E+03 4.83124E+04
    84532. 2.19592E+05 1.72762E+04 2.55640E+03 4.84039E+04
    84524. 2.19725E+05 1.73097E+04 2.57690E+03 4.84929E+04
    84516. 2.19831E+05 1.73677E+04 2.59390E+03 4.85444E+04
    84508. 2.19782E+05 1.73717E+04 2.57990E+03 4.85214E+04
    84500. 2.19887E+05 1.74152E+04 2.60340E+03 4.86389E+04
    84492. 2.19825E+05 1.74072E+04 2.59040E+03 4.86434E+04
    84484. 2.19861E+05 1.74232E+04 2.59690E+03 4.87099E+04
    84476. 2.19724E+05 1.74432E+04 2.60690E+03 4.87569E+04
    84468. 2.19964E+05 1.75032E+04 2.60990E+03 4.89109E+04
    84460. 2.19905E+05 1.75212E+04 2.61590E+03 4.88719E+04
    84452. 2.19803E+05 1.75252E+04 2.63390E+03 4.89599E+04
    84444. 2.19971E+05 1.75597E+04 2.63940E+03 4.89639E+04
    84436. 2.19908E+05 1.75697E+04 2.64040E+03 4.90429E+04
    84428. 2.20036E+05 1.75902E+04 2.65290E+03 4.91319E+04
    84420. 2.19875E+05 1.75812E+04 2.66890E+03 4.90704E+04
    84412. 2.19981E+05 1.76162E+04 2.68940E+03 4.90784E+04
    84404. 2.20166E+05 1.76532E+04 2.70940E+03 4.91694E+04
    84396. 2.20081E+05 1.76557E+04 2.72040E+03 4.92464E+04
    84388. 2.20157E+05 1.76642E+04 2.74940E+03 4.91559E+04
    84380. 2.20073E+05 1.76597E+04 2.75290E+03 4.91339E+04
    84372. 2.20142E+05 1.76652E+04 2.82040E+03 4.91579E+04
    84364. 2.20272E+05 1.76542E+04 2.83740E+03 4.91164E+04
    84356. 2.20144E+05 1.75977E+04 2.88940E+03 4.89109E+04
    84348. 2.20325E+05 1.75772E+04 2.93290E+03 4.87389E+04
    84340. 2.20330E+05 1.75247E+04 3.00790E+03 4.85324E+04
    84332. 2.20242E+05 1.74037E+04 3.13940E+03 4.81444E+04
    84324. 2.20397E+05 1.72642E+04 3.31140E+03 4.75464E+04
    84316. 2.20257E+05 1.69492E+04 3.55990E+03 4.64799E+04
    84308. 2.20394E+05 1.63827E+04 4.08490E+03 4.46449E+04
    84300. 2.20223E+05 1.51172E+04 5.25840E+03 4.06634E+04
    84292. 2.20200E+05 1.32097E+04 7.46890E+03 3.52314E+04
    84284. 2.20337E+05 1.19262E+04 9.31440E+03 3.19979E+04
    84276. 2.20160E+05 1.15142E+04 1.00989E+04 3.10219E+04
    84268. 2.20095E+05 1.14337E+04 1.02524E+04 3.09759E+04
    84260. 2.20030E+05 1.15072E+04 1.01829E+04 3.11859E+04
    84252. 2.19898E+05 1.14962E+04 1.02529E+04 3.12459E+04
    84244. 2.19889E+05 1.13707E+04 1.05534E+04 3.09644E+04
    84236. 2.19283E+05 1.11467E+04 1.09454E+04 3.04504E+04
    84228. 2.18522E+05 1.09322E+04 1.13359E+04 3.00999E+04
    84220. 2.18099E+05 1.07422E+04 1.17914E+04 2.97639E+04
    84212. 2.18263E+05 1.05202E+04 1.23139E+04 2.94044E+04
    84204. 2.18805E+05 1.02552E+04 1.29514E+04 2.88364E+04
    84196. 2.20138E+05 1.00687E+04 1.36629E+04 2.85639E+04
    84188. 2.20613E+05 9.82820E+03 1.43919E+04 2.81219E+04
    84180. 2.20809E+05 9.64120E+03 1.50974E+04 2.78269E+04
    84172. 2.20807E+05 9.48320E+03 1.56789E+04 2.76854E+04
    84164. 2.20546E+05 9.37570E+03 1.61244E+04 2.75324E+04
    84156. 2.20695E+05 9.32120E+03 1.64324E+04 2.75204E+04
    84148. 2.20540E+05 9.30570E+03 1.65174E+04 2.75014E+04
    84140. 2.20492E+05 9.32420E+03 1.64939E+04 2.75089E+04
    84132. 2.20694E+05 9.37570E+03 1.63479E+04 2.76419E+04
    84124. 2.20604E+05 9.42820E+03 1.61844E+04 2.77134E+04
    84116. 2.20707E+05 9.48620E+03 1.60704E+04 2.78679E+04
    84108. 2.20470E+05 9.48970E+03 1.60424E+04 2.78119E+04
    84100. 2.20556E+05 9.52070E+03 1.60389E+04 2.79689E+04
    84092. 2.19967E+05 9.48220E+03 1.61099E+04 2.78319E+04
    84084. 2.19718E+05 9.44070E+03 1.62774E+04 2.78079E+04
    84076. 2.19689E+05 9.41470E+03 1.64019E+04 2.77564E+04
    84068. 2.19948E+05 9.39470E+03 1.66014E+04 2.77559E+04
    84060. 2.20524E+05 9.42770E+03 1.66119E+04 2.78559E+04
    84052. 2.20930E+05 9.46320E+03 1.65854E+04 2.78384E+04
    84044. 2.20930E+05 9.49520E+03 1.64449E+04 2.79929E+04
    84036. 2.20862E+05 9.53370E+03 1.62874E+04 2.79234E+04
    84028. 2.21054E+05 9.58970E+03 1.61494E+04 2.81299E+04
    84020. 2.21003E+05 9.65970E+03 1.60849E+04 2.82029E+04
    84012. 2.21151E+05 9.70370E+03 1.59539E+04 2.83634E+04
    84004. 2.20798E+05 9.69870E+03 1.58834E+04 2.82629E+04
    83996. 2.20845E+05 9.73870E+03 1.57904E+04 2.83354E+04
    83988. 2.21035E+05 9.77470E+03 1.57834E+04 2.84814E+04
    83980. 2.21150E+05 9.80720E+03 1.57659E+04 2.84849E+04
    83972. 2.21128E+05 9.79720E+03 1.57944E+04 2.84974E+04
    83964. 2.21052E+05 9.78020E+03 1.57954E+04 2.84819E+04
    83956. 2.21304E+05 9.81520E+03 1.58804E+04 2.85319E+04
    83948. 2.21292E+05 9.78970E+03 1.59259E+04 2.86009E+04
    83940. 2.21318E+05 9.78220E+03 1.60314E+04 2.85559E+04
    83932. 2.21299E+05 9.76420E+03 1.60979E+04 2.85469E+04
    83924. 2.21227E+05 9.76220E+03 1.62219E+04 2.85689E+04
    83916. 2.21287E+05 9.74120E+03 1.63529E+04 2.85374E+04
    83908. 2.21468E+05 9.73070E+03 1.64809E+04 2.85679E+04
    83900. 2.21457E+05 9.72120E+03 1.65699E+04 2.85129E+04
    83892. 2.21453E+05 9.71670E+03 1.66434E+04 2.85794E+04
    83884. 2.21454E+05 9.69020E+03 1.67779E+04 2.84894E+04
    83876. 2.21502E+05 9.69170E+03 1.68619E+04 2.85524E+04
    83868. 2.21650E+05 9.69020E+03 1.69429E+04 2.85819E+04
    83860. 2.21636E+05 9.68770E+03 1.69849E+04 2.86264E+04
    83852. 2.21672E+05 9.69170E+03 1.70284E+04 2.86389E+04
    83844. 2.21646E+05 9.68820E+03 1.70064E+04 2.86424E+04
    83836. 2.21785E+05 9.72170E+03 1.70969E+04 2.86969E+04
    83828. 2.21773E+05 9.74120E+03 1.70059E+04 2.87454E+04
    83820. 2.21493E+05 9.72820E+03 1.69899E+04 2.86864E+04
    83812. 2.21674E+05 9.78920E+03 1.69514E+04 2.87899E+04
    83804. 2.21799E+05 9.81020E+03 1.69129E+04 2.88314E+04
    83788. 2.21757E+05 9.87470E+03 1.67644E+04 2.90564E+04
    83772. 2.21899E+05 9.95270E+03 1.66769E+04 2.92124E+04
    83756. 2.21980E+05 9.98020E+03 1.66154E+04 2.91239E+04
    83740. 2.22013E+05 1.00012E+04 1.65749E+04 2.92869E+04
    83724. 2.22075E+05 1.00292E+04 1.66194E+04 2.93714E+04
    83708. 2.22224E+05 1.00857E+04 1.66719E+04 2.94894E+04
    83692. 2.22306E+05 1.01017E+04 1.67064E+04 2.95284E+04
    83676. 2.22325E+05 1.01057E+04 1.67544E+04 2.95204E+04
    83660. 2.22501E+05 1.01542E+04 1.68079E+04 2.97009E+04
    83644. 2.22515E+05 1.01762E+04 1.68214E+04 2.97809E+04
    83628. 2.22639E+05 1.01997E+04 1.68734E+04 2.98509E+04
    83612. 2.22675E+05 1.02092E+04 1.69414E+04 2.98919E+04
    83596. 2.22884E+05 1.02387E+04 1.70164E+04 3.00414E+04
    83580. 2.22879E+05 1.02407E+04 1.70244E+04 3.00144E+04
    83564. 2.23013E+05 1.02947E+04 1.70959E+04 3.01159E+04
    83548. 2.23002E+05 1.03172E+04 1.71424E+04 3.02284E+04
    83532. 2.23120E+05 1.03272E+04 1.72164E+04 3.02494E+04
    83516. 2.23325E+05 1.03532E+04 1.73079E+04 3.03054E+04
    83500. 2.23361E+05 1.03407E+04 1.74044E+04 3.03299E+04
    83484. 2.23380E+05 1.03747E+04 1.74694E+04 3.03669E+04
    83468. 2.23468E+05 1.03862E+04 1.75309E+04 3.05024E+04
    83452. 2.23580E+05 1.04022E+04 1.76394E+04 3.04884E+04
    83436. 2.23731E+05 1.04227E+04 1.76884E+04 3.06074E+04
    83420. 2.23817E+05 1.04622E+04 1.77269E+04 3.07209E+04
    83404. 2.23869E+05 1.04642E+04 1.78129E+04 3.07194E+04
    83388. 2.23928E+05 1.04932E+04 1.77769E+04 3.07934E+04
    83372. 2.24208E+05 1.05757E+04 1.78229E+04 3.11159E+04
    83356. 2.24190E+05 1.05977E+04 1.78304E+04 3.11179E+04
    83340. 2.24271E+05 1.06352E+04 1.77739E+04 3.11864E+04
    83324. 2.24277E+05 1.06892E+04 1.77379E+04 3.13254E+04
    83308. 2.24487E+05 1.07397E+04 1.77339E+04 3.14409E+04
    83292. 2.24465E+05 1.07787E+04 1.76854E+04 3.16139E+04
    83276. 2.24518E+05 1.08172E+04 1.76599E+04 3.16759E+04
    83260. 2.24748E+05 1.09147E+04 1.76349E+04 3.19234E+04
    83244. 2.24736E+05 1.09112E+04 1.76044E+04 3.18604E+04
    83228. 2.24846E+05 1.09697E+04 1.75934E+04 3.20194E+04
    83212. 2.24951E+05 1.10302E+04 1.75754E+04 3.21324E+04
    83196. 2.25052E+05 1.10742E+04 1.75419E+04 3.23169E+04
    83180. 2.25092E+05 1.11027E+04 1.75199E+04 3.22684E+04
    83164. 2.25117E+05 1.11512E+04 1.74589E+04 3.24834E+04
    83148. 2.25206E+05 1.11782E+04 1.74709E+04 3.25669E+04
    83132. 2.25264E+05 1.12387E+04 1.75194E+04 3.26874E+04
    83116. 2.25295E+05 1.12617E+04 1.75479E+04 3.28154E+04
    83100. 2.25433E+05 1.12922E+04 1.75809E+04 3.29234E+04
    83084. 2.25472E+05 1.13212E+04 1.76484E+04 3.29634E+04
    83068. 2.25605E+05 1.13562E+04 1.76974E+04 3.29874E+04
    83052. 2.25685E+05 1.13577E+04 1.77544E+04 3.30409E+04
    83036. 2.25679E+05 1.14172E+04 1.78364E+04 3.31834E+04
    83020. 2.25721E+05 1.14212E+04 1.78669E+04 3.31964E+04
    83004. 2.25845E+05 1.14482E+04 1.79144E+04 3.32549E+04
    82988. 2.25895E+05 1.14852E+04 1.79569E+04 3.34744E+04
    82972. 2.26042E+05 1.15177E+04 1.80174E+04 3.35499E+04
    82956. 2.26089E+05 1.15247E+04 1.80964E+04 3.36114E+04
    82940. 2.26099E+05 1.15522E+04 1.81394E+04 3.36559E+04
    82924. 2.26080E+05 1.15772E+04 1.82794E+04 3.38544E+04
    82908. 2.26167E+05 1.16057E+04 1.82999E+04 3.39004E+04
    82892. 2.26370E+05 1.16072E+04 1.83769E+04 3.38749E+04
    82876. 2.26349E+05 1.16412E+04 1.84759E+04 3.39799E+04
    82860. 2.26323E+05 1.16572E+04 1.85289E+04 3.39359E+04
    82844. 2.26096E+05 1.17162E+04 1.85524E+04 3.42389E+04
    82828. 2.26048E+05 1.17342E+04 1.85659E+04 3.42144E+04
    82812. 2.26714E+05 1.17607E+04 1.86659E+04 3.42734E+04
    82796. 2.26966E+05 1.17942E+04 1.86979E+04 3.43869E+04
    82780. 2.27018E+05 1.18502E+04 1.87519E+04 3.45199E+04
    82764. 2.27069E+05 1.18877E+04 1.87209E+04 3.46544E+04
    82748. 2.27087E+05 1.19177E+04 1.87219E+04 3.47124E+04
    82732. 2.27055E+05 1.19747E+04 1.86779E+04 3.48159E+04
    82716. 2.27185E+05 1.20287E+04 1.86769E+04 3.50479E+04
    82700. 2.27418E+05 1.20857E+04 1.86784E+04 3.52749E+04
    82684. 2.27470E+05 1.21412E+04 1.86759E+04 3.54399E+04
    82668. 2.27541E+05 1.22002E+04 1.86409E+04 3.55314E+04
    82652. 2.27755E+05 1.22942E+04 1.86069E+04 3.57899E+04
    82636. 2.27639E+05 1.23257E+04 1.85439E+04 3.58264E+04
    82620. 2.27687E+05 1.23387E+04 1.85244E+04 3.58739E+04
    82604. 2.27843E+05 1.24437E+04 1.85289E+04 3.62119E+04
    82588. 2.27780E+05 1.24502E+04 1.85229E+04 3.61499E+04
    82572. 2.27894E+05 1.24872E+04 1.85174E+04 3.63294E+04
    82556. 2.27975E+05 1.25717E+04 1.85569E+04 3.65804E+04
    82540. 2.28070E+05 1.26027E+04 1.85834E+04 3.66439E+04
    82524. 2.28101E+05 1.26772E+04 1.85969E+04 3.68414E+04
    82508. 2.28233E+05 1.26892E+04 1.86334E+04 3.68219E+04
    82492. 2.28289E+05 1.27632E+04 1.86974E+04 3.70124E+04
    82476. 2.28341E+05 1.27807E+04 1.87069E+04 3.70114E+04
    82460. 2.28462E+05 1.28227E+04 1.87139E+04 3.71279E+04
    82444. 2.28552E+05 1.28572E+04 1.87914E+04 3.71709E+04
    82428. 2.28549E+05 1.28992E+04 1.88119E+04 3.72524E+04
    82412. 2.28591E+05 1.29542E+04 1.88359E+04 3.75364E+04
    82396. 2.28603E+05 1.29727E+04 1.88874E+04 3.74834E+04
    82380. 2.28760E+05 1.30602E+04 1.89114E+04 3.77594E+04
    82364. 2.28819E+05 1.30577E+04 1.88844E+04 3.77739E+04
    82348. 2.28926E+05 1.31377E+04 1.89264E+04 3.80309E+04
    82332. 2.28955E+05 1.31682E+04 1.89664E+04 3.80434E+04
    82316. 2.29027E+05 1.32042E+04 1.89784E+04 3.81269E+04
    82300. 2.29207E+05 1.32707E+04 1.90439E+04 3.83339E+04
    82284. 2.29204E+05 1.33262E+04 1.90764E+04 3.85144E+04
    82268. 2.29157E+05 1.33227E+04 1.90744E+04 3.85109E+04
    82252. 2.29197E+05 1.33747E+04 1.91239E+04 3.85984E+04
    82236. 2.29295E+05 1.34292E+04 1.91524E+04 3.89334E+04
    82220. 2.29232E+05 1.34807E+04 1.91659E+04 3.89479E+04
    82204. 2.29289E+05 1.35082E+04 1.92059E+04 3.91069E+04
    82188. 2.29353E+05 1.35542E+04 1.92734E+04 3.91994E+04
    82172. 2.29381E+05 1.36157E+04 1.92989E+04 3.94414E+04
    82156. 2.29402E+05 1.36367E+04 1.92829E+04 3.94219E+04
    82140. 2.29458E+05 1.36722E+04 1.93779E+04 3.95339E+04
    82124. 2.29657E+05 1.37412E+04 1.94419E+04 3.97684E+04
    82108. 2.29622E+05 1.37912E+04 1.94039E+04 3.98234E+04
    82092. 2.29783E+05 1.38572E+04 1.94894E+04 4.00544E+04
    82076. 2.29770E+05 1.39022E+04 1.94619E+04 4.01949E+04
    82060. 2.29715E+05 1.39597E+04 1.95199E+04 4.03049E+04
    82044. 2.29517E+05 1.39987E+04 1.95114E+04 4.04399E+04
    82028. 2.29289E+05 1.40437E+04 1.95244E+04 4.05984E+04
    82012. 2.29463E+05 1.41212E+04 1.95279E+04 4.08459E+04
    81996. 2.29672E+05 1.41632E+04 1.95629E+04 4.10849E+04
    81980. 2.30024E+05 1.42317E+04 1.95954E+04 4.11324E+04
    81964. 2.30288E+05 1.42907E+04 1.95739E+04 4.13009E+04
    81948. 2.30443E+05 1.43982E+04 1.96389E+04 4.16179E+04
    81932. 2.30516E+05 1.44387E+04 1.96434E+04 4.17849E+04
    81916. 2.30579E+05 1.45352E+04 1.96549E+04 4.20784E+04
    81900. 2.30539E+05 1.45262E+04 1.96334E+04 4.19869E+04
    81884. 2.30689E+05 1.46257E+04 1.96344E+04 4.23439E+04
    81868. 2.30687E+05 1.46872E+04 1.96939E+04 4.25749E+04
    81852. 2.30777E+05 1.47567E+04 1.96689E+04 4.27504E+04
    81836. 2.30809E+05 1.47827E+04 1.96804E+04 4.26714E+04
    81820. 2.30847E+05 1.48837E+04 1.96884E+04 4.30354E+04
    81804. 2.30580E+05 1.49207E+04 1.96624E+04 4.30949E+04
    81788. 2.30179E+05 1.50092E+04 1.96969E+04 4.34899E+04
    81772. 2.29727E+05 1.50627E+04 1.96074E+04 4.36624E+04
    81756. 2.29819E+05 1.51327E+04 1.96569E+04 4.37319E+04
    81740. 2.30453E+05 1.52662E+04 1.97264E+04 4.41889E+04
    81724. 2.31234E+05 1.52767E+04 1.97849E+04 4.41614E+04
    81708. 2.31769E+05 1.53097E+04 1.98019E+04 4.42624E+04
    81692. 2.31861E+05 1.54017E+04 1.99114E+04 4.44934E+04
    81676. 2.31914E+05 1.54812E+04 1.98964E+04 4.46719E+04
    81660. 2.32053E+05 1.55077E+04 1.98939E+04 4.47339E+04
    81644. 2.32060E+05 1.55992E+04 1.99464E+04 4.51584E+04
    81628. 2.32149E+05 1.56732E+04 2.00079E+04 4.51579E+04
    81612. 2.32212E+05 1.57342E+04 2.00204E+04 4.54324E+04
    81596. 2.32215E+05 1.58167E+04 1.99884E+04 4.56724E+04
    81580. 2.32251E+05 1.58592E+04 2.00439E+04 4.57854E+04
    81564. 2.32326E+05 1.59302E+04 2.00544E+04 4.60344E+04
    81548. 2.32378E+05 1.59442E+04 2.00839E+04 4.59599E+04
    81532. 2.32469E+05 1.60587E+04 2.01129E+04 4.63229E+04
    81516. 2.32513E+05 1.60942E+04 2.01449E+04 4.63799E+04
    81500. 2.32600E+05 1.61667E+04 2.01704E+04 4.66684E+04
    81484. 2.32700E+05 1.62492E+04 2.02039E+04 4.68299E+04
    81468. 2.32730E+05 1.63112E+04 2.02239E+04 4.70749E+04
    81452. 2.32748E+05 1.64517E+04 2.02414E+04 4.74509E+04
    81436. 2.32794E+05 1.64237E+04 2.02589E+04 4.73904E+04
    81420. 2.32985E+05 1.65782E+04 2.02999E+04 4.76694E+04
    81404. 2.33097E+05 1.66582E+04 2.03414E+04 4.81399E+04
    81388. 2.33051E+05 1.66992E+04 2.04114E+04 4.81849E+04
    81372. 2.33237E+05 1.67647E+04 2.04124E+04 4.83404E+04
    81356. 2.33244E+05 1.67947E+04 2.04244E+04 4.84539E+04
    81340. 2.33391E+05 1.69217E+04 2.04859E+04 4.88469E+04
    81324. 2.33349E+05 1.69922E+04 2.04659E+04 4.90369E+04
    81308. 2.33539E+05 1.71102E+04 2.05304E+04 4.93889E+04
    81292. 2.33564E+05 1.71342E+04 2.05429E+04 4.93919E+04
    81276. 2.33603E+05 1.72142E+04 2.06234E+04 4.96974E+04
    81260. 2.33665E+05 1.72502E+04 2.06254E+04 4.97144E+04
    81244. 2.33742E+05 1.74022E+04 2.06374E+04 5.01424E+04
    81228. 2.33808E+05 1.74177E+04 2.06519E+04 5.02144E+04
    81212. 2.33941E+05 1.75082E+04 2.06764E+04 5.05164E+04
    81180. 2.33945E+05 1.76202E+04 2.07354E+04 5.08304E+04
    81148. 2.34395E+05 1.78597E+04 2.07629E+04 5.14959E+04
    81116. 2.34580E+05 1.80787E+04 2.08309E+04 5.22909E+04
    81084. 2.34728E+05 1.82112E+04 2.08764E+04 5.26634E+04
    81052. 2.34665E+05 1.83227E+04 2.09239E+04 5.29714E+04
    81020. 2.35062E+05 1.86222E+04 2.09694E+04 5.38384E+04
    80988. 2.35168E+05 1.87697E+04 2.10204E+04 5.42804E+04
    80956. 2.35285E+05 1.89572E+04 2.10489E+04 5.49104E+04
    80924. 2.35213E+05 1.90797E+04 2.10624E+04 5.51644E+04
    80892. 2.34817E+05 1.92107E+04 2.10984E+04 5.56789E+04
    80860. 2.34148E+05 1.94392E+04 2.10269E+04 5.63534E+04
    80828. 2.35882E+05 1.97127E+04 2.11869E+04 5.70134E+04
    80796. 2.35942E+05 1.99452E+04 2.12949E+04 5.78369E+04
    80764. 2.35839E+05 2.00537E+04 2.12649E+04 5.81484E+04
    80732. 2.33309E+05 2.00532E+04 2.11219E+04 5.81784E+04
    80700. 2.36206E+05 2.04917E+04 2.13764E+04 5.92744E+04
    80668. 2.37068E+05 2.06102E+04 2.14999E+04 5.96839E+04
    80636. 2.36840E+05 2.07302E+04 2.15484E+04 5.98409E+04
    80604. 2.37204E+05 2.10472E+04 2.16539E+04 6.08539E+04
    80572. 2.37308E+05 2.12662E+04 2.16209E+04 6.15019E+04
    80540. 2.37319E+05 2.13822E+04 2.17174E+04 6.17619E+04
    80508. 2.37681E+05 2.18162E+04 2.17199E+04 6.32304E+04
    80476. 2.37881E+05 2.20052E+04 2.18054E+04 6.36539E+04
    80444. 2.37933E+05 2.22147E+04 2.18909E+04 6.42429E+04
    80412. 2.38012E+05 2.24637E+04 2.19569E+04 6.51229E+04
    80380. 2.38268E+05 2.26787E+04 2.20099E+04 6.58204E+04
    80348. 2.38449E+05 2.29272E+04 2.20699E+04 6.65704E+04
    80316. 2.38578E+05 2.31647E+04 2.21139E+04 6.71759E+04
    80284. 2.38685E+05 2.33657E+04 2.21754E+04 6.79384E+04
    80252. 2.38927E+05 2.37472E+04 2.22484E+04 6.90684E+04
    80220. 2.39045E+05 2.39962E+04 2.23039E+04 6.97979E+04
    80188. 2.39036E+05 2.40037E+04 2.23474E+04 6.96389E+04
    80156. 2.39375E+05 2.44137E+04 2.24059E+04 7.09614E+04
    80124. 2.39591E+05 2.46597E+04 2.24609E+04 7.16344E+04
    80092. 2.39430E+05 2.47912E+04 2.25399E+04 7.20459E+04
    80060. 2.39909E+05 2.52747E+04 2.25974E+04 7.35219E+04
    80028. 2.40074E+05 2.54797E+04 2.26439E+04 7.40674E+04
    79996. 2.40193E+05 2.58177E+04 2.26644E+04 7.52384E+04
    79964. 2.40272E+05 2.60822E+04 2.27234E+04 7.61469E+04
    79932. 2.40409E+05 2.64052E+04 2.28054E+04 7.69659E+04
    79900. 2.40477E+05 2.66642E+04 2.28679E+04 7.79754E+04
    79868. 2.40317E+05 2.68252E+04 2.28759E+04 7.82299E+04
    79836. 2.40480E+05 2.72457E+04 2.29879E+04 7.95809E+04
    79804. 2.40958E+05 2.75317E+04 2.30324E+04 8.05094E+04
    79772. 2.40956E+05 2.77677E+04 2.30349E+04 8.11339E+04
    79740. 2.41265E+05 2.83942E+04 2.31259E+04 8.31699E+04
    79708. 2.40998E+05 2.86112E+04 2.31964E+04 8.38289E+04
    79676. 2.40893E+05 2.88782E+04 2.31994E+04 8.46144E+04
    79644. 2.41809E+05 2.92517E+04 2.33314E+04 8.58414E+04
    79612. 2.41914E+05 2.95317E+04 2.34364E+04 8.66644E+04
    79580. 2.41995E+05 2.98432E+04 2.34679E+04 8.77109E+04
    79548. 2.42082E+05 3.00072E+04 2.34744E+04 8.80509E+04
    79516. 2.42343E+05 3.05327E+04 2.35849E+04 8.96954E+04
    79484. 2.42462E+05 3.09337E+04 2.36694E+04 9.09269E+04
    79452. 2.42675E+05 3.12312E+04 2.36794E+04 9.17964E+04
    79420. 2.42733E+05 3.15982E+04 2.37449E+04 9.30354E+04
    79388. 2.42928E+05 3.19432E+04 2.38329E+04 9.40899E+04
    79356. 2.43014E+05 3.22402E+04 2.38964E+04 9.49094E+04
    79324. 2.43283E+05 3.28767E+04 2.40069E+04 9.69384E+04
    79292. 2.43312E+05 3.31387E+04 2.40184E+04 9.77984E+04
    79260. 2.43419E+05 3.34567E+04 2.40319E+04 9.87024E+04
    79228. 2.43607E+05 3.39762E+04 2.41469E+04 1.00489E+05
    79196. 2.43776E+05 3.43512E+04 2.42264E+04 1.01611E+05
    79164. 2.43742E+05 3.44362E+04 2.42224E+04 1.01768E+05
    79132. 2.43928E+05 3.50477E+04 2.43104E+04 1.03728E+05
    79100. 2.44126E+05 3.55522E+04 2.44014E+04 1.05310E+05
    79068. 2.44367E+05 3.62232E+04 2.44339E+04 1.07415E+05
    79036. 2.44458E+05 3.63342E+04 2.45454E+04 1.07704E+05
    79004. 2.44563E+05 3.67082E+04 2.45804E+04 1.08995E+05
    78972. 2.44640E+05 3.71497E+04 2.45704E+04 1.10429E+05
    78940. 2.44934E+05 3.78852E+04 2.47099E+04 1.12757E+05
    78908. 2.44931E+05 3.81337E+04 2.47619E+04 1.13411E+05
    78876. 2.45190E+05 3.86602E+04 2.49289E+04 1.15217E+05
    78844. 2.45203E+05 3.89522E+04 2.49514E+04 1.15914E+05
    78812. 2.45388E+05 3.93597E+04 2.49934E+04 1.17240E+05
    78780. 2.45600E+05 3.99052E+04 2.50709E+04 1.18929E+05
    78748. 2.45645E+05 4.02962E+04 2.50994E+04 1.20373E+05
    78716. 2.45757E+05 4.08462E+04 2.51449E+04 1.21939E+05
    78684. 2.45957E+05 4.12712E+04 2.52384E+04 1.23353E+05
    78652. 2.46246E+05 4.19952E+04 2.53904E+04 1.25666E+05
    78620. 2.46173E+05 4.21227E+04 2.53994E+04 1.25861E+05
    78588. 2.46451E+05 4.29582E+04 2.54834E+04 1.28702E+05
    78556. 2.46635E+05 4.35267E+04 2.55589E+04 1.30494E+05
    78524. 2.46582E+05 4.37067E+04 2.55354E+04 1.30975E+05
    78492. 2.46786E+05 4.44547E+04 2.56184E+04 1.33288E+05
    78460. 2.46932E+05 4.51287E+04 2.57374E+04 1.35587E+05
    78428. 2.46972E+05 4.56902E+04 2.57964E+04 1.37377E+05
    78396. 2.47151E+05 4.60942E+04 2.58109E+04 1.38609E+05
    78364. 2.47211E+05 4.66947E+04 2.59049E+04 1.40452E+05
    78332. 2.47328E+05 4.71227E+04 2.60239E+04 1.42031E+05
    78300. 2.47573E+05 4.77682E+04 2.60809E+04 1.44024E+05
    78268. 2.47656E+05 4.84027E+04 2.61104E+04 1.45984E+05
    78236. 2.47886E+05 4.90662E+04 2.61949E+04 1.48066E+05
    78204. 2.47899E+05 4.95437E+04 2.62804E+04 1.49752E+05
    78172. 2.48005E+05 5.00637E+04 2.63479E+04 1.51249E+05
    78140. 2.48351E+05 5.10812E+04 2.64864E+04 1.54772E+05
    78108. 2.48326E+05 5.13897E+04 2.65064E+04 1.55621E+05
    78076. 2.48486E+05 5.19722E+04 2.65714E+04 1.57571E+05
    78044. 2.48641E+05 5.30842E+04 2.66734E+04 1.61345E+05
    78012. 2.48628E+05 5.33357E+04 2.67369E+04 1.61611E+05
    77980. 2.48911E+05 5.43087E+04 2.68479E+04 1.65120E+05
    77948. 2.48955E+05 5.46122E+04 2.68669E+04 1.66152E+05
    77916. 2.49231E+05 5.54872E+04 2.70389E+04 1.68790E+05
    77884. 2.49334E+05 5.59922E+04 2.70439E+04 1.70505E+05
    77852. 2.49526E+05 5.68422E+04 2.71404E+04 1.73244E+05
    77820. 2.49479E+05 5.75747E+04 2.72049E+04 1.75591E+05
    77788. 2.49642E+05 5.83552E+04 2.73289E+04 1.78210E+05
    77756. 2.49875E+05 5.93407E+04 2.73599E+04 1.81586E+05
    77724. 2.49925E+05 5.96372E+04 2.74054E+04 1.82220E+05
    77692. 2.50258E+05 6.06537E+04 2.75214E+04 1.85846E+05
    77660. 2.50164E+05 6.11692E+04 2.75744E+04 1.87416E+05
    77628. 2.50305E+05 6.19117E+04 2.77154E+04 1.89751E+05
    77596. 2.50501E+05 6.28297E+04 2.77849E+04 1.92674E+05
    77564. 2.50565E+05 6.33002E+04 2.78084E+04 1.94284E+05
    77532. 2.50858E+05 6.46567E+04 2.79249E+04 1.98737E+05
    77500. 2.50813E+05 6.49092E+04 2.79799E+04 1.99616E+05
    77468. 2.50961E+05 6.57317E+04 2.80869E+04 2.02162E+05
    77436. 2.51128E+05 6.64827E+04 2.81739E+04 2.04417E+05
    77404. 2.51219E+05 6.72837E+04 2.82599E+04 2.07448E+05
    77372. 2.51420E+05 6.83687E+04 2.83394E+04 2.10628E+05
    77340. 2.51442E+05 6.89202E+04 2.83744E+04 2.12555E+05
    77308. 2.51600E+05 6.99612E+04 2.84859E+04 2.15975E+05
    77276. 2.51658E+05 7.04352E+04 2.85314E+04 2.17488E+05
    77244. 2.51803E+05 7.15142E+04 2.86319E+04 2.20876E+05
    77212. 2.52003E+05 7.25382E+04 2.87069E+04 2.24465E+05
    77180. 2.51930E+05 7.28752E+04 2.88369E+04 2.25450E+05
    77148. 2.52026E+05 7.39137E+04 2.88264E+04 2.28886E+05
    77116. 2.52330E+05 7.49412E+04 2.89814E+04 2.32166E+05
    77084. 2.52538E+05 7.63932E+04 2.90424E+04 2.37006E+05
    77052. 2.52433E+05 7.65442E+04 2.91584E+04 2.37474E+05
    77020. 2.52632E+05 7.78397E+04 2.92599E+04 2.41740E+05
    76988. 2.52752E+05 7.85967E+04 2.93349E+04 2.44188E+05
    76956. 2.52663E+05 7.90777E+04 2.93754E+04 2.45735E+05
    76924. 2.52882E+05 8.00872E+04 2.95114E+04 2.49020E+05
    76892. 2.52981E+05 8.10837E+04 2.96269E+04 2.52430E+05
    76860. 2.53061E+05 8.18917E+04 2.96914E+04 2.55026E+05
    76828. 2.53158E+05 8.28012E+04 2.97044E+04 2.57848E+05
    76796. 2.53219E+05 8.37567E+04 2.97929E+04 2.61121E+05
    76764. 2.53351E+05 8.47207E+04 2.98674E+04 2.64322E+05
    76732. 2.53434E+05 8.55767E+04 3.00054E+04 2.66965E+05
    76686. 2.53684E+05 8.73887E+04 3.01329E+04 2.72933E+05
    76640. 2.53755E+05 8.86682E+04 3.02394E+04 2.77276E+05
    76594. 2.53905E+05 9.02237E+04 3.04014E+04 2.82622E+05
    76548. 2.53823E+05 9.13232E+04 3.04799E+04 2.86083E+05
    76502. 2.53815E+05 9.35942E+04 3.05969E+04 2.93828E+05
    76456. 2.51427E+05 9.44232E+04 3.04784E+04 2.96846E+05
    76410. 2.55821E+05 9.59632E+04 3.10684E+04 3.01180E+05
    76364. 2.55453E+05 9.75307E+04 3.11159E+04 3.06389E+05
    76318. 2.55297E+05 9.88062E+04 3.12119E+04 3.10341E+05
    76272. 2.55350E+05 1.00630E+05 3.13514E+04 3.16645E+05
    76226. 2.55272E+05 1.01745E+05 3.14454E+04 3.20296E+05
    76180. 2.55552E+05 1.03622E+05 3.15789E+04 3.26680E+05
    76134. 2.55377E+05 1.04555E+05 3.16729E+04 3.29265E+05
    76088. 2.53830E+05 1.06480E+05 3.16604E+04 3.35944E+05
    76042. 2.55537E+05 1.07993E+05 3.19844E+04 3.41143E+05
    75996. 2.55727E+05 1.09617E+05 3.20699E+04 3.46252E+05
    75950. 2.55670E+05 1.11544E+05 3.21754E+04 3.52708E+05
    75904. 2.55807E+05 1.12638E+05 3.23689E+04 3.56316E+05
    75858. 2.56369E+05 1.14674E+05 3.24829E+04 3.63056E+05
    75812. 2.56380E+05 1.15976E+05 3.26379E+04 3.67292E+05
    75766. 2.56318E+05 1.17896E+05 3.27509E+04 3.73552E+05
    75720. 2.56062E+05 1.19112E+05 3.28554E+04 3.77832E+05
    75674. 2.56252E+05 1.20573E+05 3.29974E+04 3.82570E+05
    75628. 2.49049E+05 1.22014E+05 3.22854E+04 3.88694E+05
    75582. 2.51052E+05 1.23155E+05 3.26884E+04 3.91902E+05
    75536. 2.57885E+05 1.24773E+05 3.35709E+04 3.95599E+05
    75490. 2.57675E+05 1.28098E+05 3.37059E+04 4.07439E+05
    75444. 2.57712E+05 1.29735E+05 3.38994E+04 4.12872E+05
    75398. 2.57748E+05 1.31290E+05 3.39549E+04 4.17789E+05
    75352. 2.57862E+05 1.33182E+05 3.40874E+04 4.24069E+05
    75306. 2.57808E+05 1.34719E+05 3.42504E+04 4.29214E+05
    75260. 2.57978E+05 1.36563E+05 3.44239E+04 4.35199E+05
    75214. 2.57972E+05 1.38102E+05 3.45259E+04 4.40206E+05
    75168. 2.58010E+05 1.39597E+05 3.46234E+04 4.45202E+05
    75122. 2.57963E+05 1.41511E+05 3.47734E+04 4.51860E+05
    75076. 2.58182E+05 1.43126E+05 3.48949E+04 4.56535E+05
    75030. 2.58341E+05 1.45106E+05 3.51129E+04 4.63283E+05
    74984. 2.58321E+05 1.46329E+05 3.52744E+04 4.67130E+05
    74938. 2.58503E+05 1.48722E+05 3.53174E+04 4.75281E+05
    74892. 2.58405E+05 1.49955E+05 3.54464E+04 4.79182E+05
    74846. 2.58371E+05 1.51648E+05 3.55999E+04 4.84589E+05
    74800. 2.58548E+05 1.53733E+05 3.57499E+04 4.91670E+05
    74754. 2.58562E+05 1.54920E+05 3.59019E+04 4.95270E+05
    74708. 2.58728E+05 1.57079E+05 3.60999E+04 5.03057E+05
    74662. 2.58592E+05 1.58315E+05 3.62469E+04 5.06844E+05
    74616. 2.58825E+05 1.60609E+05 3.63519E+04 5.14141E+05
    74570. 2.58738E+05 1.61912E+05 3.65189E+04 5.18354E+05
    74524. 2.58818E+05 1.63736E+05 3.66349E+04 5.24356E+05
    74478. 2.58841E+05 1.65702E+05 3.68039E+04 5.31337E+05

