 &SRS
 SRSRUN=66946,SRSDAT=061017,SRSTIM=025327,
 SRSSTN='ex1a',SRSPRJ='xrsws7p1',SRSEXP='exafs   ',
 SRSTLE='NIP prepared with co2+ 3daywash.                            '
 SRSCN1='198mA   ',SRSCN2='16.9h   ',SRSCN3='171006  ',
 &END
     15220.00      1000.00     56530.00    139792.00      4731.00   3805647.00
      1906.00       1147.00       1678.00          0.00 
         0.00          0.00          0.00          0.00 
         0.00
     15199.50      1000.00     56200.00    139410.00      4426.00   3812517.00
      1756.00       1091.00       1579.00          0.00 
         0.00          0.00          0.00          0.00 
         0.00
     15179.00      1000.00     56102.00    139627.00      4000.00   3838176.00
      1590.00        986.00       1424.00          0.00 
         0.00          0.00          0.00          0.00 
         0.00
     15158.50      1000.00     55869.00    139497.00      3793.00   3854167.00
      1505.00        876.00       1412.00          0.00 
         0.00          0.00          0.00          0.00 
         0.00
     15138.00      1000.00     55680.00    139452.00      3811.00   3869281.00
      1496.00        998.00       1317.00          0.00 
         0.00          0.00          0.00          0.00 
         0.00
     15117.50      1000.00     55621.00    139774.00      3490.00   3897740.00
      1369.00        868.00       1253.00          0.00 
         0.00          0.00          0.00          0.00 
         0.00
     15097.00      1000.00     55379.00    139609.00      3316.00   3912935.00
      1298.00        825.00       1193.00          0.00 
         0.00          0.00          0.00          0.00 
         0.00
     15076.50      1000.00     55127.00    139410.00      3226.00   3923634.00
      1261.00        771.00       1194.00          0.00 
         0.00          0.00          0.00          0.00 
         0.00
     15056.00      1000.00     54911.00    139277.00      2937.00   3939171.00
      1152.00        740.00       1045.00          0.00 
         0.00          0.00          0.00          0.00 
         0.00
     15035.50      1000.00     54657.00    139081.00      2870.00   3949812.00
      1150.00        669.00       1051.00          0.00 
         0.00          0.00          0.00          0.00 
         0.00
     15015.00      1000.00     54551.00    139244.00      2898.00   3971647.00
      1144.00        712.00       1042.00          0.00 
         0.00          0.00          0.00          0.00 
         0.00
     14994.50      1000.00     54653.00    139925.00      2763.00   4007486.00
      1064.00        751.00        948.00          0.00 
         0.00          0.00          0.00          0.00 
         0.00
     14974.00      1000.00     54418.00    139750.00      2536.00   4016908.00
       989.00        656.00        891.00          0.00 
         0.00          0.00          0.00          0.00 
         0.00
     14953.50      1000.00     54068.00    139265.00      2521.00   4012600.00
      1003.00        626.00        892.00          0.00 
         0.00          0.00          0.00          0.00 
         0.00
     14933.00      1000.00     53881.00    139236.00      2589.00   4015809.00
       970.00        742.00        877.00          0.00 
         0.00          0.00          0.00          0.00 
         0.00
     14899.10      1000.00     53592.00    139172.00      2346.00   3971317.00
       939.00        587.00        820.00          0.00 
         0.00          0.00          0.00          0.00 
         0.00
     14898.10      1000.00     53325.00    138494.00      2309.00   3947809.00
       921.00        553.00        835.00          0.00 
         0.00          0.00          0.00          0.00 
         0.00
     14897.10      1000.00     53258.00    138366.00      2280.00   3939685.00
       913.00        581.00        786.00          0.00 
         0.00          0.00          0.00          0.00 
         0.00
     14896.10      1000.00     53238.00    138341.00      2405.00   3934620.00
       937.00        588.00        880.00          0.00 
         0.00          0.00          0.00          0.00 
         0.00
     14895.10      1000.00     53466.00    138938.00      2367.00   3946144.00
       950.00        625.00        792.00          0.00 
         0.00          0.00          0.00          0.00 
         0.00
     14894.10      1000.00     53441.00    138887.00      2364.00   3938889.00
       944.00        614.00        806.00          0.00 
         0.00          0.00          0.00          0.00 
         0.00
     14893.10      1000.00     53525.00    139133.00      2442.00   3939469.00
       931.00        666.00        845.00          0.00 
         0.00          0.00          0.00          0.00 
         0.00
     14892.10      1000.00     53514.00    139128.00      2356.00   3932548.00
       935.00        597.00        824.00          0.00 
         0.00          0.00          0.00          0.00 
         0.00
     14891.10      1000.00     53348.00    138721.00      2389.00   3912905.00
       909.00        642.00        838.00          0.00 
         0.00          0.00          0.00          0.00 
         0.00
     14890.10      1000.00     53383.00    138827.00      2457.00   3907193.00
       995.00        644.00        818.00          0.00 
         0.00          0.00          0.00          0.00 
         0.00
     14889.10      1000.00     53426.00    138965.00      2462.00   3902362.00
       977.00        642.00        843.00          0.00 
         0.00          0.00          0.00          0.00 
         0.00
     14888.10      1000.00     53490.00    139148.00      2448.00   3896908.00
       956.00        673.00        819.00          0.00 
         0.00          0.00          0.00          0.00 
         0.00
     14887.10      1000.00     53479.00    139129.00      2396.00   3884659.00
       917.00        622.00        857.00          0.00 
         0.00          0.00          0.00          0.00 
         0.00
     14886.10      1000.00     53468.00    139093.00      2510.00   3869603.00
       974.00        689.00        847.00          0.00 
         0.00          0.00          0.00          0.00 
         0.00
     14885.10      1000.00     53450.00    139100.00      2383.00   3854639.00
       939.00        584.00        860.00          0.00 
         0.00          0.00          0.00          0.00 
         0.00
     14884.10      1000.00     53421.00    139061.00      2478.00   3834881.00
       963.00        637.00        878.00          0.00 
         0.00          0.00          0.00          0.00 
         0.00
     14883.10      1000.00     53410.00    139048.00      2443.00   3814209.00
       950.00        618.00        875.00          0.00 
         0.00          0.00          0.00          0.00 
         0.00
     14882.10      1000.00     53394.00    139025.00      2612.00   3789735.00
      1053.00        696.00        863.00          0.00 
         0.00          0.00          0.00          0.00 
         0.00
     14881.10      1000.00     53473.00    139247.00      2570.00   3766722.00
      1005.00        700.00        865.00          0.00 
         0.00          0.00          0.00          0.00 
         0.00
     14880.10      1000.00     53442.00    139228.00      2623.00   3731421.00
      1035.00        674.00        914.00          0.00 
         0.00          0.00          0.00          0.00 
         0.00
     14879.10      1000.00     53422.00    139173.00      2617.00   3690964.00
      1017.00        671.00        929.00          0.00 
         0.00          0.00          0.00          0.00 
         0.00
     14878.10      1000.00     53265.00    138787.00      2602.00   3626800.00
       966.00        768.00        868.00          0.00 
         0.00          0.00          0.00          0.00 
         0.00
     14877.10      1000.00     53275.00    138841.00      2684.00   3554794.00
      1016.00        767.00        901.00          0.00 
         0.00          0.00          0.00          0.00 
         0.00
     14876.10      1000.00     53222.00    138718.00      2691.00   3448698.00
      1049.00        791.00        851.00          0.00 
         0.00          0.00          0.00          0.00 
         0.00
     14875.10      1000.00     53380.00    139150.00      2544.00   3316412.00
       997.00        662.00        885.00          0.00 
         0.00          0.00          0.00          0.00 
         0.00
     14874.10      1000.00     53271.00    138915.00      2793.00   3099677.00
      1046.00        731.00       1016.00          0.00 
         0.00          0.00          0.00          0.00 
         0.00
     14873.10      1000.00     53277.00    138948.00      2962.00   2816876.00
      1181.00        754.00       1027.00          0.00 
         0.00          0.00          0.00          0.00 
         0.00
     14872.10      1000.00     53216.00    138820.00      2958.00   2475411.00
      1130.00        741.00       1087.00          0.00 
         0.00          0.00          0.00          0.00 
         0.00
     14871.10      1000.00     53205.00    138826.00      3231.00   2117187.00
      1180.00        949.00       1102.00          0.00 
         0.00          0.00          0.00          0.00 
         0.00
     14870.10      1000.00     53144.00    138703.00      3326.00   1801853.00
      1253.00        903.00       1170.00          0.00 
         0.00          0.00          0.00          0.00 
         0.00
     14869.10      1000.00     53156.00    138763.00      3205.00   1560885.00
      1229.00        824.00       1152.00          0.00 
         0.00          0.00          0.00          0.00 
         0.00
     14868.10      1000.00     53257.00    139063.00      3315.00   1359982.00
      1306.00        837.00       1172.00          0.00 
         0.00          0.00          0.00          0.00 
         0.00
     14867.10      1000.00     53263.00    139087.00      3361.00   1196167.00
      1292.00        891.00       1178.00          0.00 
         0.00          0.00          0.00          0.00 
         0.00
     14866.10      1000.00     53238.00    139041.00      3417.00   1079896.00
      1273.00        961.00       1183.00          0.00 
         0.00          0.00          0.00          0.00 
         0.00
     14865.10      1000.00     53246.00    139105.00      3283.00   1002105.00
      1225.00        857.00       1201.00          0.00 
         0.00          0.00          0.00          0.00 
         0.00
     14864.10      1000.00     53249.00    139119.00      3365.00    949321.00
      1299.00        844.00       1222.00          0.00 
         0.00          0.00          0.00          0.00 
         0.00
     14863.10      1000.00     53268.00    139198.00      3709.00    914212.00
      1448.00        925.00       1336.00          0.00 
         0.00          0.00          0.00          0.00 
         0.00
     14862.10      1000.00     53358.00    139426.00      3664.00    886410.00
      1372.00        937.00       1355.00          0.00 
         0.00          0.00          0.00          0.00 
         0.00
     14861.10      1000.00     53401.00    139555.00      4051.00    852978.00
      1583.00       1026.00       1442.00          0.00 
         0.00          0.00          0.00          0.00 
         0.00
     14860.10      1000.00     53413.00    139587.00      4067.00    808891.00
      1624.00        883.00       1560.00          0.00 
         0.00          0.00          0.00          0.00 
         0.00
     14859.10      1000.00     53477.00    139773.00      4648.00    757629.00
      1816.00       1095.00       1737.00          0.00 
         0.00          0.00          0.00          0.00 
         0.00
     14858.10      1000.00     53326.00    139401.00      5245.00    692547.00
      2012.00       1292.00       1941.00          0.00 
         0.00          0.00          0.00          0.00 
         0.00
     14857.10      1000.00     53342.00    139450.00      5771.00    623068.00
      2267.00       1331.00       2173.00          0.00 
         0.00          0.00          0.00          0.00 
         0.00
     14856.10      1000.00     53139.00    138932.00      6457.00    555311.00
      2488.00       1664.00       2305.00          0.00 
         0.00          0.00          0.00          0.00 
         0.00
     14855.10      1000.00     53331.00    139435.00      7338.00    499885.00
      2859.00       1765.00       2714.00          0.00 
         0.00          0.00          0.00          0.00 
         0.00
     14854.10      1000.00     53428.00    139684.00      8270.00    448027.00
      3143.00       2004.00       3123.00          0.00 
         0.00          0.00          0.00          0.00 
         0.00
     14853.10      1000.00     53192.00    139072.00      9615.00    398914.00
      3574.00       2388.00       3653.00          0.00 
         0.00          0.00          0.00          0.00 
         0.00
     14852.10      1000.00     53091.00    138791.00     10472.00    357986.00
      4076.00       2295.00       4101.00          0.00 
         0.00          0.00          0.00          0.00 
         0.00
     14851.10      1000.00     53184.00    139041.00     11963.00    320892.00
      4455.00       2844.00       4664.00          0.00 
         0.00          0.00          0.00          0.00 
         0.00
     14850.10      1000.00     53078.00    138754.00     12931.00    288268.00
      4914.00       2976.00       5041.00          0.00 
         0.00          0.00          0.00          0.00 
         0.00
     14849.10      1000.00     53166.00    138960.00     14627.00    260957.00
      5521.00       3310.00       5796.00          0.00 
         0.00          0.00          0.00          0.00 
         0.00
     14848.10      1000.00     53259.00    139212.00     15819.00    235650.00
      6058.00       3524.00       6237.00          0.00 
         0.00          0.00          0.00          0.00 
         0.00
     14847.10      1000.00     53317.00    139358.00     17305.00    209847.00
      6635.00       3851.00       6819.00          0.00 
         0.00          0.00          0.00          0.00 
         0.00
     14846.10      1000.00     53260.00    139214.00     18429.00    186538.00
      7192.00       3900.00       7337.00          0.00 
         0.00          0.00          0.00          0.00 
         0.00
     14845.10      1000.00     53024.00    138577.00     19922.00    166202.00
      7681.00       4269.00       7972.00          0.00 
         0.00          0.00          0.00          0.00 
         0.00
     14844.10      1000.00     53095.00    138747.00     21299.00    148071.00
      8309.00       4529.00       8461.00          0.00 
         0.00          0.00          0.00          0.00 
         0.00
     14843.10      1000.00     53072.00    138685.00     21881.00    133142.00
      8584.00       4416.00       8881.00          0.00 
         0.00          0.00          0.00          0.00 
         0.00
     14842.10      1000.00     53274.00    139206.00     23112.00    121445.00
      8998.00       5017.00       9097.00          0.00 
         0.00          0.00          0.00          0.00 
         0.00
     14841.10      1000.00     53030.00    138583.00     23963.00    110917.00
      9305.00       4884.00       9774.00          0.00 
         0.00          0.00          0.00          0.00 
         0.00
     14840.10      1000.00     53143.00    138876.00     24860.00    103655.00
      9865.00       5128.00       9867.00          0.00 
         0.00          0.00          0.00          0.00 
         0.00
     14839.10      1000.00     53096.00    138758.00     25620.00     97883.00
     10071.00       5140.00      10409.00          0.00 
         0.00          0.00          0.00          0.00 
         0.00
     14838.10      1000.00     53024.00    138583.00     25664.00     93236.00
     10211.00       5107.00      10346.00          0.00 
         0.00          0.00          0.00          0.00 
         0.00
     14837.10      1000.00     53064.00    138699.00     26409.00     89456.00
     10435.00       5330.00      10644.00          0.00 
         0.00          0.00          0.00          0.00 
         0.00
     14836.10      1000.00     53110.00    138788.00     26688.00     86669.00
     10574.00       5380.00      10734.00          0.00 
         0.00          0.00          0.00          0.00 
         0.00
     14835.10      1000.00     52959.00    138436.00     27146.00     84321.00
     10438.00       5875.00      10833.00          0.00 
         0.00          0.00          0.00          0.00 
         0.00
     14834.10      1000.00     52987.00    138551.00     27287.00     82721.00
     10579.00       5903.00      10805.00          0.00 
         0.00          0.00          0.00          0.00 
         0.00
     14833.10      1000.00     52973.00    138522.00     26293.00     81418.00
     10350.00       5303.00      10640.00          0.00 
         0.00          0.00          0.00          0.00 
         0.00
     14832.10      1000.00     53040.00    138738.00     26555.00     80538.00
     10283.00       5524.00      10748.00          0.00 
         0.00          0.00          0.00          0.00 
         0.00
     14831.10      1000.00     53091.00    138890.00     25936.00     79728.00
     10320.00       5063.00      10553.00          0.00 
         0.00          0.00          0.00          0.00 
         0.00
     14830.10      1000.00     53154.00    139070.00     25747.00     78787.00
     10096.00       5251.00      10400.00          0.00 
         0.00          0.00          0.00          0.00 
         0.00
     14829.10      1000.00     52995.00    138697.00     24987.00     77490.00
      9847.00       4968.00      10172.00          0.00 
         0.00          0.00          0.00          0.00 
         0.00
     14828.10      1000.00     52988.00    138695.00     25600.00     76148.00
      9862.00       5739.00       9999.00          0.00 
         0.00          0.00          0.00          0.00 
         0.00
     14827.10      1000.00     53096.00    138999.00     24754.00     74716.00
      9571.00       5314.00       9869.00          0.00 
         0.00          0.00          0.00          0.00 
         0.00
     14826.10      1000.00     53085.00    138985.00     24237.00     73198.00
      9412.00       5017.00       9808.00          0.00 
         0.00          0.00          0.00          0.00 
         0.00
     14825.10      1000.00     53006.00    138816.00     24629.00     71841.00
      9528.00       5267.00       9834.00          0.00 
         0.00          0.00          0.00          0.00 
         0.00
     14824.10      1000.00     52953.00    138706.00     24073.00     70830.00
      9200.00       5154.00       9719.00          0.00 
         0.00          0.00          0.00          0.00 
         0.00
     14823.10      1000.00     52918.00    138655.00     23824.00     70386.00
      9138.00       5249.00       9437.00          0.00 
         0.00          0.00          0.00          0.00 
         0.00
     14822.10      1000.00     52875.00    138556.00     23194.00     70555.00
      9198.00       4582.00       9414.00          0.00 
         0.00          0.00          0.00          0.00 
         0.00
     14821.10      1000.00     52851.00    138506.00     23471.00     71197.00
      9234.00       4653.00       9584.00          0.00 
         0.00          0.00          0.00          0.00 
         0.00
     14820.10      1000.00     52901.00    138674.00     23453.00     72375.00
      9070.00       5013.00       9370.00          0.00 
         0.00          0.00          0.00          0.00 
         0.00
     14819.10      1000.00     53030.00    139023.00     23055.00     73809.00
      9075.00       4646.00       9334.00          0.00 
         0.00          0.00          0.00          0.00 
         0.00
     14818.10      1000.00     53052.00    139107.00     23594.00     75259.00
      9155.00       5155.00       9284.00          0.00 
         0.00          0.00          0.00          0.00 
         0.00
     14817.10      1000.00     53013.00    139012.00     23372.00     76750.00
      9063.00       4937.00       9372.00          0.00 
         0.00          0.00          0.00          0.00 
         0.00
     14816.10      1000.00     53045.00    139104.00     23068.00     78220.00
      8991.00       4829.00       9248.00          0.00 
         0.00          0.00          0.00          0.00 
         0.00
     14815.10      1000.00     53004.00    139033.00     23607.00     79357.00
      8964.00       5252.00       9391.00          0.00 
         0.00          0.00          0.00          0.00 
         0.00
     14814.10      1000.00     53039.00    139161.00     22596.00     80534.00
      8855.00       4654.00       9087.00          0.00 
         0.00          0.00          0.00          0.00 
         0.00
     14813.10      1000.00     53027.00    139137.00     22624.00     81568.00
      8891.00       4502.00       9231.00          0.00 
         0.00          0.00          0.00          0.00 
         0.00
     14812.10      1000.00     52758.00    138472.00     22305.00     82182.00
      8753.00       4596.00       8956.00          0.00 
         0.00          0.00          0.00          0.00 
         0.00
     14811.10      1000.00     52733.00    138434.00     21871.00     83175.00
      8717.00       4261.00       8893.00          0.00 
         0.00          0.00          0.00          0.00 
         0.00
     14810.10      1000.00     52745.00    138488.00     22429.00     84244.00
      8642.00       4929.00       8858.00          0.00 
         0.00          0.00          0.00          0.00 
         0.00
     14809.10      1000.00     53019.00    139205.00     21908.00     85582.00
      8505.00       4572.00       8831.00          0.00 
         0.00          0.00          0.00          0.00 
         0.00
     14808.10      1000.00     52728.00    138487.00     21848.00     86131.00
      8417.00       4765.00       8666.00          0.00 
         0.00          0.00          0.00          0.00 
         0.00
     14807.10      1000.00     52741.00    138533.00     21309.00     87064.00
      8331.00       4225.00       8753.00          0.00 
         0.00          0.00          0.00          0.00 
         0.00
     14806.10      1000.00     52770.00    138638.00     21296.00     87918.00
      8230.00       4570.00       8496.00          0.00 
         0.00          0.00          0.00          0.00 
         0.00
     14805.10      1000.00     52664.00    138384.00     21487.00     88391.00
      8334.00       4606.00       8547.00          0.00 
         0.00          0.00          0.00          0.00 
         0.00
     14804.10      1000.00     52716.00    138551.00     21011.00     89046.00
      8141.00       4477.00       8393.00          0.00 
         0.00          0.00          0.00          0.00 
         0.00
     14803.10      1000.00     52708.00    138549.00     20830.00     89377.00
      8211.00       4389.00       8230.00          0.00 
         0.00          0.00          0.00          0.00 
         0.00
     14802.10      1000.00     52986.00    139309.00     20526.00     90146.00
      7991.00       4263.00       8272.00          0.00 
         0.00          0.00          0.00          0.00 
         0.00
     14801.10      1000.00     52705.00    138613.00     20366.00     89778.00
      7811.00       4311.00       8244.00          0.00 
         0.00          0.00          0.00          0.00 
         0.00
     14800.10      1000.00     52818.00    138909.00     19984.00     89853.00
      7818.00       4065.00       8101.00          0.00 
         0.00          0.00          0.00          0.00 
         0.00
     14799.10      1000.00     52523.00    138178.00     20133.00     89180.00
      7875.00       4114.00       8144.00          0.00 
         0.00          0.00          0.00          0.00 
         0.00
     14798.10      1000.00     52464.00    138046.00     19837.00     88644.00
      7678.00       4233.00       7926.00          0.00 
         0.00          0.00          0.00          0.00 
         0.00
     14797.10      1000.00     52522.00    138219.00     19582.00     88035.00
      7628.00       4170.00       7784.00          0.00 
         0.00          0.00          0.00          0.00 
         0.00
     14796.10      1000.00     52599.00    138441.00     19552.00     87323.00
      7594.00       4157.00       7801.00          0.00 
         0.00          0.00          0.00          0.00 
         0.00
     14795.10      1000.00     52730.00    138784.00     19087.00     86441.00
      7450.00       3920.00       7717.00          0.00 
         0.00          0.00          0.00          0.00 
         0.00
     14794.10      1000.00     52908.00    139298.00     19886.00     85355.00
      7583.00       4519.00       7784.00          0.00 
         0.00          0.00          0.00          0.00 
         0.00
     14792.40      2000.00    105412.00    277615.00     37772.00    164842.00
     14422.00       8192.00      15158.00          0.00 
         0.00          0.00          0.00          0.00 
         0.00
     14790.60      2000.00    105348.00    277553.00     37270.00    158450.00
     14618.00       7730.00      14922.00          0.00 
         0.00          0.00          0.00          0.00 
         0.00
     14788.80      2000.00    105562.00    278157.00     38216.00    152368.00
     14480.00       8794.00      14942.00          0.00 
         0.00          0.00          0.00          0.00 
         0.00
     14787.00      2000.00    105482.00    278023.00     36404.00    145071.00
     14232.00       7656.00      14516.00          0.00 
         0.00          0.00          0.00          0.00 
         0.00
     14785.10      2000.00    105603.00    278441.00     36552.00    137917.00
     14100.00       8162.00      14290.00          0.00 
         0.00          0.00          0.00          0.00 
         0.00
     14783.20      2000.00    105183.00    277437.00     36296.00    130229.00
     14230.00       7688.00      14378.00          0.00 
         0.00          0.00          0.00          0.00 
         0.00
     14781.30      2000.00    105185.00    277462.00     36494.00    124106.00
     14032.00       8016.00      14446.00          0.00 
         0.00          0.00          0.00          0.00 
         0.00
     14779.40      2000.00    105050.00    277183.00     36994.00    119080.00
     14228.00       8162.00      14604.00          0.00 
         0.00          0.00          0.00          0.00 
         0.00
     14777.40      2000.00    104620.00    276166.00     36698.00    114762.00
     13932.00       8290.00      14476.00          0.00 
         0.00          0.00          0.00          0.00 
         0.00
     14775.40      2000.00    104774.00    276657.00     36872.00    112756.00
     14486.00       7968.00      14418.00          0.00 
         0.00          0.00          0.00          0.00 
         0.00
     14773.40      2000.00    104879.00    277046.00     37000.00    112583.00
     14448.00       7762.00      14790.00          0.00 
         0.00          0.00          0.00          0.00 
         0.00
     14771.40      2000.00    104891.00    277140.00     37988.00    113905.00
     14406.00       8524.00      15058.00          0.00 
         0.00          0.00          0.00          0.00 
         0.00
     14769.30      2001.00    104926.00    277298.00     38559.27    117134.00
     14741.37       8534.26      15283.64          0.00 
         0.00          0.00          0.00          0.00 
         0.00
     14767.20      2001.00    105030.00    277648.00     38607.29    122557.00
     14795.39       8344.17      15467.73          0.00 
         0.00          0.00          0.00          0.00 
         0.00
     14765.10      2001.00    105082.00    277865.00     39123.55    129716.00
     15013.50       8584.29      15525.76          0.00 
         0.00          0.00          0.00          0.00 
         0.00
     14763.00      2001.00    105060.00    277856.00     38841.41    138102.00
     15143.57       8260.13      15437.71          0.00 
         0.00          0.00          0.00          0.00 
         0.00
     14760.90      2001.00    104807.00    277263.00     38993.48    146790.00
     15317.65       8096.05      15579.79          0.00 
         0.00          0.00          0.00          0.00 
         0.00
     14758.70      2001.00    104315.00    276052.00     40198.09    155392.00
     15423.71       8690.34      16084.04          0.00 
         0.00          0.00          0.00          0.00 
         0.00
     14756.50      2002.00    104327.00    276168.00     39555.52    165655.00
     15481.47       8258.25      15815.80          0.00 
         0.00          0.00          0.00          0.00 
         0.00
     14754.30      2002.00    104536.00    276780.00     40182.14    175746.00
     15601.59       8376.37      16204.19          0.00 
         0.00          0.00          0.00          0.00 
         0.00
     14752.10      2002.00    104433.00    276601.00     40350.31    183809.00
     15791.78       8290.28      16268.25          0.00 
         0.00          0.00          0.00          0.00 
         0.00
     14749.80      2003.00    104476.00    276773.00     40955.34    190513.00
     15621.40       9159.72      16174.23          0.00 
         0.00          0.00          0.00          0.00 
         0.00
     14747.50      2003.00    104052.00    275824.00     40785.09    194413.00
     15841.73       8544.80      16398.56          0.00 
         0.00          0.00          0.00          0.00 
         0.00
     14745.20      2004.00    104431.00    276859.00     41755.34    198608.00
     16040.02       9068.10      16647.23          0.00 
         0.00          0.00          0.00          0.00 
         0.00
     14742.90      2004.00    104416.00    276905.00     41813.46    201408.00
     16040.02       9028.02      16745.42          0.00 
         0.00          0.00          0.00          0.00 
         0.00
     14740.60      2005.00    105027.00    278607.00     41936.59    205392.00
     16402.91       8719.75      16813.93          0.00 
         0.00          0.00          0.00          0.00 
         0.00
     14738.20      2005.00    104345.00    276881.00     41615.78    206768.00
     16007.92       8894.18      16713.68          0.00 
         0.00          0.00          0.00          0.00 
         0.00
     14735.80      2006.00    104565.00    277595.00     42384.77    209428.00
     16393.03       9364.01      16627.73          0.00 
         0.00          0.00          0.00          0.00 
         0.00
     14733.40      2006.00    104440.00    277345.00     41361.71    209772.00
     16114.20       8373.04      16874.47          0.00 
         0.00          0.00          0.00          0.00 
         0.00
     14731.00      2007.00    104210.00    276823.00     41970.38    208068.00
     16282.79       8917.10      16770.49          0.00 
         0.00          0.00          0.00          0.00 
         0.00
     14728.50      2008.00    104058.00    276544.00     42139.88    204783.00
     16387.29       8947.65      16804.95          0.00 
         0.00          0.00          0.00          0.00 
         0.00
     14726.00      2009.00    104911.00    278834.00     42239.23    201802.00
     16698.81       8463.92      17076.50          0.00 
         0.00          0.00          0.00          0.00 
         0.00
     14723.50      2009.00    104486.00    277813.00     42325.61    195981.00
     16321.12       8964.16      17040.34          0.00 
         0.00          0.00          0.00          0.00 
         0.00
     14721.00      2010.00    104631.00    278299.00     42875.31    191547.00
     16540.29       9479.16      16855.86          0.00 
         0.00          0.00          0.00          0.00 
         0.00
     14718.40      2011.00    104586.00    278255.00     43001.21    186895.00
     16544.50       9142.01      17314.71          0.00 
         0.00          0.00          0.00          0.00 
         0.00
     14715.80      2012.00    104168.00    277297.00     42624.22    180835.00
     16582.90       8941.33      17099.99          0.00 
         0.00          0.00          0.00          0.00 
         0.00
     14713.20      2013.00    104595.00    278546.00     42148.20    176235.00
     16426.08       8891.42      16830.69          0.00 
         0.00          0.00          0.00          0.00 
         0.00
     14710.60      2015.00    104495.00    278374.00     42927.56    171398.00
     16631.81       9365.72      16930.03          0.00 
         0.00          0.00          0.00          0.00 
         0.00
     14708.00      2016.00    104858.00    279423.00     42132.38    167997.00
     16504.99       8533.73      17093.66          0.00 
         0.00          0.00          0.00          0.00 
         0.00
     14705.30      2017.00    104786.00    279357.00     42937.90    163799.00
     16553.52       9328.62      17055.75          0.00 
         0.00          0.00          0.00          0.00 
         0.00
     14702.60      2018.00    104602.00    278973.00     42801.78    159074.00
     16606.12       9272.71      16922.95          0.00 
         0.00          0.00          0.00          0.00 
         0.00
     14699.90      2020.00    104457.00    278699.00     42244.26    153735.00
     16450.88       8736.50      17056.88          0.00 
         0.00          0.00          0.00          0.00 
         0.00
     14697.20      2021.00    104407.00    278634.00     42246.98    147653.00
     16547.95       9084.39      16614.64          0.00 
         0.00          0.00          0.00          0.00 
         0.00
     14694.40      2023.00    104379.00    278715.00     42013.66    140500.00
     16123.31       9338.17      16552.19          0.00 
         0.00          0.00          0.00          0.00 
         0.00
     14691.60      2025.00    104849.00    280098.00     42004.58    133857.00
     16161.53       9080.10      16762.95          0.00 
         0.00          0.00          0.00          0.00 
         0.00
     14688.80      2026.00    104867.00    280304.00     41780.17    127453.00
     15989.19       9125.10      16665.88          0.00 
         0.00          0.00          0.00          0.00 
         0.00
     14686.00      2028.00    104700.00    279960.00     40703.99    121694.00
     15905.60       8326.97      16471.42          0.00 
         0.00          0.00          0.00          0.00 
         0.00
     14683.20      2030.00    104564.00    279701.00     41253.66    117854.00
     16057.30       8814.26      16382.10          0.00 
         0.00          0.00          0.00          0.00 
         0.00
     14680.30      2032.00    104737.00    280301.00     40975.28    116545.00
     16081.25       8599.42      16294.61          0.00 
         0.00          0.00          0.00          0.00 
         0.00
     14677.40      2034.00    104460.00    279704.00     40474.56    116888.00
     15791.98       8400.42      16282.17          0.00 
         0.00          0.00          0.00          0.00 
         0.00
     14674.50      2036.00    105728.00    283179.00     41072.23    120824.00
     15732.17       8919.72      16420.34          0.00 
         0.00          0.00          0.00          0.00 
         0.00
     14671.60      2038.00    104961.00    281267.00     40792.61    123627.00
     15845.45       8773.59      16173.57          0.00 
         0.00          0.00          0.00          0.00 
         0.00
     14668.60      2041.00    104903.00    281225.00     40958.79    128122.00
     15634.06       9121.23      16203.50          0.00 
         0.00          0.00          0.00          0.00 
         0.00
     14665.60      2043.00    104960.00    281500.00     40271.61    133701.00
     15608.52       8488.67      16174.43          0.00 
         0.00          0.00          0.00          0.00 
         0.00
     14662.60      2045.00    105767.00    283808.00     40482.82    141218.00
     15805.81       8370.19      16306.83          0.00 
         0.00          0.00          0.00          0.00 
         0.00
     14659.60      2048.00    105370.00    282905.00     40570.88    147980.00
     15640.58       8620.03      16310.27          0.00 
         0.00          0.00          0.00          0.00 
         0.00
     14656.60      2051.00    104947.00    281885.00     40121.66    155404.00
     15583.50       8222.46      16315.71          0.00 
         0.00          0.00          0.00          0.00 
         0.00
     14653.50      2053.00    105089.00    282419.00     40657.61    164480.00
     15553.53       8951.08      16153.00          0.00 
         0.00          0.00          0.00          0.00 
         0.00
     14650.40      2056.00    105763.00    284304.00     40338.72    174600.00
     15644.10       8376.14      16318.47          0.00 
         0.00          0.00          0.00          0.00 
         0.00
     14647.30      2059.00    106107.00    285327.00     40368.75    184881.00
     15648.40       8779.58      15940.78          0.00 
         0.00          0.00          0.00          0.00 
         0.00
     14644.20      2062.00    105808.00    284639.00     41157.52    195732.00
     15805.23       9068.68      16283.61          0.00 
         0.00          0.00          0.00          0.00 
         0.00
     14641.00      2065.00    105978.00    285237.00     41087.30    208250.00
     15836.49       8896.02      16354.80          0.00 
         0.00          0.00          0.00          0.00 
         0.00
     14637.80      2069.00    105796.00    284900.00     41061.38    218890.00
     15800.95       8894.63      16365.79          0.00 
         0.00          0.00          0.00          0.00 
         0.00
     14634.60      2072.00    105957.00    285435.00     40331.48    229022.00
     15757.56       8360.52      16213.40          0.00 
         0.00          0.00          0.00          0.00 
         0.00
     14631.40      2076.00    106275.00    286443.00     40940.80    236651.00
     15945.76       8480.46      16514.58          0.00 
         0.00          0.00          0.00          0.00 
         0.00
     14628.20      2079.00    106169.00    286289.00     40950.06    240041.00
     16253.62       8401.24      16295.20          0.00 
         0.00          0.00          0.00          0.00 
         0.00
     14624.90      2083.00    106390.00    287022.00     41074.68    241019.00
     15895.37       8748.60      16430.70          0.00 
         0.00          0.00          0.00          0.00 
         0.00
     14621.60      2087.00    106652.00    287867.00     41364.34    239511.00
     16094.94       8917.75      16351.64          0.00 
         0.00          0.00          0.00          0.00 
         0.00
     14618.30      2091.00    106696.00    288085.00     41728.00    235855.00
     16094.43       9348.86      16284.71          0.00 
         0.00          0.00          0.00          0.00 
         0.00
     14615.00      2095.00    106562.00    287880.00     41763.83    230742.00
     16232.06       9102.78      16428.99          0.00 
         0.00          0.00          0.00          0.00 
         0.00
     14611.60      2099.00    107391.00    290235.00     41715.52    227243.00
     16034.26       9193.62      16487.64          0.00 
         0.00          0.00          0.00          0.00 
         0.00
     14608.20      2103.00    106785.00    288808.00     41506.91    220927.00
     15991.21       8906.21      16609.49          0.00 
         0.00          0.00          0.00          0.00 
         0.00
     14604.80      2108.00    107561.00    291010.00     41744.73    217112.00
     16056.64       8893.65      16794.44          0.00 
         0.00          0.00          0.00          0.00 
         0.00
     14601.40      2112.00    107809.00    291807.00     41230.46    213385.00
     16218.05       8534.59      16477.82          0.00 
         0.00          0.00          0.00          0.00 
         0.00
     14598.00      2117.00    108253.00    293110.00     41975.88    211178.00
     16262.79       8616.19      17096.89          0.00 
         0.00          0.00          0.00          0.00 
         0.00
     14594.50      2122.00    107452.00    291165.00     42081.38    207646.00
     16335.16       8997.28      16748.95          0.00 
         0.00          0.00          0.00          0.00 
         0.00
     14591.00      2127.00    108168.00    293206.00     43390.80    207336.00
     16277.93      10018.17      17094.70          0.00 
         0.00          0.00          0.00          0.00 
         0.00
     14587.50      2132.00    107913.00    292685.00     42475.84    204269.00
     16544.32       9216.64      16714.88          0.00 
         0.00          0.00          0.00          0.00 
         0.00
     14584.00      2137.00    108031.00    293164.00     41731.34    199561.00
     16198.46       8550.14      16982.74          0.00 
         0.00          0.00          0.00          0.00 
         0.00
     14580.50      2142.00    107986.00    293199.00     42784.31    191959.00
     16244.93       9512.62      17026.76          0.00 
         0.00          0.00          0.00          0.00 
         0.00
     14576.90      2148.00    109374.00    297095.00     42375.74    184554.00
     16453.68       9047.38      16874.69          0.00 
         0.00          0.00          0.00          0.00 
         0.00
     14573.30      2153.00    108963.00    296146.00     43165.50    172988.00
     16567.34       9766.01      16832.15          0.00 
         0.00          0.00          0.00          0.00 
         0.00
     14569.70      2159.00    109061.00    296569.00     42096.18    163322.00
     16427.83       8661.91      17006.44          0.00 
         0.00          0.00          0.00          0.00 
         0.00
     14566.10      2165.00    109249.00    297237.00     42910.30    155031.00
     16765.76       8947.95      17196.59          0.00 
         0.00          0.00          0.00          0.00 
         0.00
     14562.40      2171.00    109667.00    298493.00     42449.56    148566.00
     16610.32       8625.38      17213.86          0.00 
         0.00          0.00          0.00          0.00 
         0.00
     14558.70      2177.00    110213.00    300107.00     42960.92    144446.00
     16471.18       9217.42      17272.32          0.00 
         0.00          0.00          0.00          0.00 
         0.00
     14555.00      2184.00    109926.00    299520.00     42856.63    140759.00
     16511.04       9137.86      17207.74          0.00 
         0.00          0.00          0.00          0.00 
         0.00
     14551.30      2190.00    110171.00    300331.00     43333.53    139633.00
     16451.28       9802.44      17079.81          0.00 
         0.00          0.00          0.00          0.00 
         0.00
     14547.60      2197.00    110962.00    302656.00     43122.72    141160.00
     16903.72       8933.00      17286.00          0.00 
         0.00          0.00          0.00          0.00 
         0.00
     14543.80      2203.00    110822.00    302430.00     43163.38    144119.00
     16559.95       9466.29      17137.14          0.00 
         0.00          0.00          0.00          0.00 
         0.00
     14540.00      2210.00    110713.00    302347.00     43229.81    149793.00
     16621.41       9253.27      17355.13          0.00 
         0.00          0.00          0.00          0.00 
         0.00
     14536.20      2218.00    111776.00    305399.00     43756.70    159839.00
     17016.50       9104.89      17635.32          0.00 
         0.00          0.00          0.00          0.00 
         0.00
     14532.40      2225.00    112089.00    306432.00     43156.10    171913.00
     16903.32       8826.57      17426.20          0.00 
         0.00          0.00          0.00          0.00 
         0.00
     14528.60      2232.00    111881.00    306029.00     43383.39    185775.00
     16710.98       9278.42      17393.98          0.00 
         0.00          0.00          0.00          0.00 
         0.00
     14524.70      2240.00    111979.00    306518.00     43232.00    204503.00
     17068.80       8653.12      17510.08          0.00 
         0.00          0.00          0.00          0.00 
         0.00
     14520.80      2247.00    112904.00    309169.00     43796.28    226905.00
     16881.71       9217.19      17697.37          0.00 
         0.00          0.00          0.00          0.00 
         0.00
     14516.90      2255.00    113593.00    311210.00     43882.30    249268.00
     17038.78       9130.50      17713.03          0.00 
         0.00          0.00          0.00          0.00 
         0.00
     14513.00      2263.00    113254.00    310434.00     44977.12    268081.00
     16965.71      10147.29      17864.12          0.00 
         0.00          0.00          0.00          0.00 
         0.00
     14509.10      2272.00    113633.00    311647.00     43867.78    283322.00
     16969.57       9192.51      17705.70          0.00 
         0.00          0.00          0.00          0.00 
         0.00
     14505.10      2280.00    114118.00    313138.00     44026.80    292359.00
     17163.84       9236.28      17626.68          0.00 
         0.00          0.00          0.00          0.00 
         0.00
     14501.10      2289.00    114160.00    313480.00     44505.03    292388.00
     17064.50       9503.93      17936.60          0.00 
         0.00          0.00          0.00          0.00 
         0.00
     14497.10      2297.00    114903.00    315637.00     44325.21    288528.00
     17487.06       9043.29      17794.86          0.00 
         0.00          0.00          0.00          0.00 
         0.00
     14493.10      2306.00    115353.00    317056.00     44743.32    280303.00
     17394.16       9639.08      17710.08          0.00 
         0.00          0.00          0.00          0.00 
         0.00
     14489.10      2315.00    115403.00    317404.00     44913.32    270967.00
     17387.96       9489.19      18036.17          0.00 
         0.00          0.00          0.00          0.00 
         0.00
     14485.00      2325.00    116087.00    319428.00     45016.65    263188.00
     17351.47       9439.50      18225.68          0.00 
         0.00          0.00          0.00          0.00 
         0.00
     14480.90      2334.00    115905.00    319133.00     44801.13    255068.00
     17224.92       9714.11      17862.10          0.00 
         0.00          0.00          0.00          0.00 
         0.00
     14476.80      2344.00    116439.00    320767.00     44939.17    250648.00
     17390.14       9636.18      17912.85          0.00 
         0.00          0.00          0.00          0.00 
         0.00
     14472.70      2353.00    117476.00    323835.00     45874.09    248978.00
     17631.03      10127.31      18115.75          0.00 
         0.00          0.00          0.00          0.00 
         0.00
     14468.60      2363.00    117449.00    323983.00     45185.29    246929.00
     17420.04       9461.45      18303.80          0.00 
         0.00          0.00          0.00          0.00 
         0.00
     14464.40      2373.00    117686.00    324801.00     45032.42    246549.00
     17638.51       9525.22      17868.69          0.00 
         0.00          0.00          0.00          0.00 
         0.00
     14460.20      2384.00    118061.00    326072.00     45548.70    247470.00
     17236.32      10193.98      18118.40          0.00 
         0.00          0.00          0.00          0.00 
         0.00
     14456.00      2394.00    118255.00    326813.00     45560.21    248763.00
     17631.81       9719.64      18208.76          0.00 
         0.00          0.00          0.00          0.00 
         0.00
     14451.80      2405.00    119420.00    330243.00     45858.54    252957.00
     17592.57       9968.72      18297.24          0.00 
         0.00          0.00          0.00          0.00 
         0.00
     14447.50      2416.00    119764.00    331425.00     45292.75    256104.00
     17796.26       9185.63      18310.86          0.00 
         0.00          0.00          0.00          0.00 
         0.00
     14443.20      2427.00    119376.00    330555.00     46011.07    257989.00
     17687.98      10140.01      18183.08          0.00 
         0.00          0.00          0.00          0.00 
         0.00
     14438.90      2439.00    121035.00    335305.00     46697.09    263666.00
     17938.84      10304.77      18453.47          0.00 
         0.00          0.00          0.00          0.00 
         0.00
     14434.60      2450.00    120646.00    334432.00     46155.55    263297.00
     17997.70       9812.25      18345.60          0.00 
         0.00          0.00          0.00          0.00 
         0.00
     14430.30      2462.00    121617.00    337352.00     46270.82    262998.00
     17819.96       9838.15      18612.72          0.00 
         0.00          0.00          0.00          0.00 
         0.00
     14425.90      2474.00    121446.00    337054.00     46684.38    256989.00
     18369.45       9450.68      18864.25          0.00 
         0.00          0.00          0.00          0.00 
         0.00
     14421.50      2486.00    122271.00    339587.00     47241.46    250642.00
     18187.58      10426.28      18627.60          0.00 
         0.00          0.00          0.00          0.00 
         0.00
     14417.10      2499.00    123776.00    343940.00     47208.61    245373.00
     18295.18      10130.95      18782.48          0.00 
         0.00          0.00          0.00          0.00 
         0.00
     14412.70      2511.00    123554.00    343565.00     47201.77    237332.00
     18214.79      10069.11      18917.87          0.00 
         0.00          0.00          0.00          0.00 
         0.00
     14408.30      2524.00    123989.00    344947.00     47943.38    232199.00
     18619.55      10290.35      19033.48          0.00 
         0.00          0.00          0.00          0.00 
         0.00
     14403.80      2537.00    124952.00    347850.00     48474.46    228989.00
     18560.69      10708.68      19205.09          0.00 
         0.00          0.00          0.00          0.00 
         0.00
     14399.30      2550.00    124792.00    347671.00     47679.90    226167.00
     18505.35      10312.20      18862.35          0.00 
         0.00          0.00          0.00          0.00 
         0.00
     14394.80      2564.00    125183.00    348981.00     48328.83    226900.00
     18788.99      10322.66      19217.18          0.00 
         0.00          0.00          0.00          0.00 
         0.00
     14390.30      2577.00    125749.00    350780.00     48040.43    231053.00
     18745.10      10143.07      19152.26          0.00 
         0.00          0.00          0.00          0.00 
         0.00
     14385.80      2591.00    127248.00    355190.00     48671.94    240119.00
     18707.02      10470.23      19494.69          0.00 
         0.00          0.00          0.00          0.00 
         0.00
     14381.30      2605.00    127458.00    356007.00     49213.66    250249.00
     18854.99      10849.83      19508.85          0.00 
         0.00          0.00          0.00          0.00 
         0.00
     14376.70      2619.00    127920.00    357511.00     49588.15    263429.00
     18882.99      11015.51      19689.64          0.00 
         0.00          0.00          0.00          0.00 
         0.00
     14372.10      2634.00    128411.00    359119.00     49376.96    278649.00
     18896.32      10646.63      19834.02          0.00 
         0.00          0.00          0.00          0.00 
         0.00
     14367.50      2649.00    129268.00    361680.00     49936.30    294263.00
     19035.71      11041.03      19859.55          0.00 
         0.00          0.00          0.00          0.00 
         0.00
     14362.90      2664.00    129298.00    362080.00     50029.92    307452.00
     19164.82      10941.05      19924.06          0.00 
         0.00          0.00          0.00          0.00 
         0.00
     14358.30      2679.00    130181.00    364777.00     50073.19    319480.00
     19337.02      10935.68      19800.49          0.00 
         0.00          0.00          0.00          0.00 
         0.00
     14353.60      2694.00    130464.00    365801.00     50323.92    328344.00
     19092.38      11040.01      20191.53          0.00 
         0.00          0.00          0.00          0.00 
         0.00
     14348.90      2710.00    131533.00    369046.00     50251.53    336856.00
     19352.11      10826.45      20072.97          0.00 
         0.00          0.00          0.00          0.00 
         0.00
     14344.20      2726.00    132867.00    373005.00     50493.70    345199.00
     19744.42      10418.77      20330.51          0.00 
         0.00          0.00          0.00          0.00 
         0.00
     14339.50      2742.00    132984.00    373524.00     51204.11    349845.00
     19613.53      11360.11      20230.48          0.00 
         0.00          0.00          0.00          0.00 
         0.00
     14334.80      2758.00    133829.00    376225.00     51833.85    356619.00
     19962.40      11509.13      20362.31          0.00 
         0.00          0.00          0.00          0.00 
         0.00
     14330.00      2775.00    135167.00    380195.00     51861.98    364587.00
     20049.38      10891.88      20920.73          0.00 
         0.00          0.00          0.00          0.00 
         0.00
     14325.20      2792.00    135326.00    380884.00     52238.32    368413.00
     19990.72      11486.29      20761.31          0.00 
         0.00          0.00          0.00          0.00 
         0.00
     14320.40      2809.00    136270.00    383811.00     52253.02    372999.00
     20019.74      11539.37      20693.90          0.00 
         0.00          0.00          0.00          0.00 
         0.00
     14315.60      2826.00    136775.00    385509.00     52278.17    374676.00
     20087.21      11292.70      20898.27          0.00 
         0.00          0.00          0.00          0.00 
         0.00
     14310.80      2843.00    137459.00    387658.00     51719.85    375006.00
     20225.10      10524.79      20969.97          0.00 
         0.00          0.00          0.00          0.00 
         0.00
     14305.90      2861.00    137889.00    389205.00     52985.72    373671.00
     20373.18      11532.69      21079.85          0.00 
         0.00          0.00          0.00          0.00 
         0.00
     14301.00      2880.00    138813.00    392057.00     53544.96    372450.00
     20424.96      11695.68      21424.32          0.00 
         0.00          0.00          0.00          0.00 
         0.00
     14296.10      2898.00    139555.00    394387.00     53036.30    370719.00
     20639.56      11165.99      21230.75          0.00 
         0.00          0.00          0.00          0.00 
         0.00
     14291.20      2916.00    140696.00    397891.00     53878.93    370134.00
     20627.78      11809.80      21441.35          0.00 
         0.00          0.00          0.00          0.00 
         0.00
     14286.30      2935.00    140899.00    398713.00     53226.23    367501.00
     20765.12      11182.35      21278.75          0.00 
         0.00          0.00          0.00          0.00 
         0.00
     14281.30      2954.00    141147.00    399719.00     53845.51    365872.00
     20509.62      11792.37      21543.52          0.00 
         0.00          0.00          0.00          0.00 
         0.00
     14276.30      2974.00    142626.00    404132.00     54028.66    368143.00
     20767.44      11708.64      21552.58          0.00 
         0.00          0.00          0.00          0.00 
         0.00
     14271.30      2994.00    143368.00    406518.00     54089.60    368736.00
     21002.91      11440.07      21646.62          0.00 
         0.00          0.00          0.00          0.00 
         0.00
     14266.30      3013.00    144288.00    409389.00     54866.73    369376.00
     21127.16      11841.09      21898.48          0.00 
         0.00          0.00          0.00          0.00 
         0.00
     14261.30      3033.00    145422.00    412892.00     55185.44    369852.00
     21379.62      11777.14      22028.68          0.00 
         0.00          0.00          0.00          0.00 
         0.00
     14256.30      3054.00    145400.00    413149.00     54855.95    366808.00
     21127.57      11849.52      21878.86          0.00 
         0.00          0.00          0.00          0.00 
         0.00
     14251.20      3075.00    146948.00    417860.00     55731.30    367319.00
     21411.22      12158.55      22161.53          0.00 
         0.00          0.00          0.00          0.00 
         0.00
     14246.10      3096.00    148005.00    421117.00     57124.30    367153.00
     21848.47      13077.50      22198.32          0.00 
         0.00          0.00          0.00          0.00 
         0.00
     14241.00      3117.00    148633.00    423194.00     56685.77    367588.00
     21893.81      12215.52      22576.43          0.00 
         0.00          0.00          0.00          0.00 
         0.00
     14235.90      3138.00    148797.00    424013.00     56057.23    368492.00
     21551.78      12156.61      22348.84          0.00 
         0.00          0.00          0.00          0.00 
         0.00
     14230.80      3160.00    151037.00    430659.00     57812.20    376436.00
     22041.00      12867.52      22903.68          0.00 
         0.00          0.00          0.00          0.00 
         0.00
     14225.60      3182.00    150748.00    430180.00     56238.67    380033.00
     21882.61      12136.15      22219.91          0.00 
         0.00          0.00          0.00          0.00 
         0.00
     14220.40      3204.00    152089.00    434332.00     57482.96    389785.00
     22142.84      12242.48      23097.64          0.00 
         0.00          0.00          0.00          0.00 
         0.00
     14215.20      3227.00    152963.00    437141.00     57689.08    400146.00
     22088.81      12675.66      22924.61          0.00 
         0.00          0.00          0.00          0.00 
         0.00
     14210.00      3250.00    153781.00    439814.00     58961.50    411606.00
     22857.25      12730.25      23374.00          0.00 
         0.00          0.00          0.00          0.00 
         0.00
     14204.80      3273.00    154429.00    441915.00     58243.04    422559.00
     22691.71      12139.56      23411.77          0.00 
         0.00          0.00          0.00          0.00 
         0.00
     14199.60      3296.00    155999.00    446799.00     59206.05    435083.00
     22541.34      13042.27      23622.43          0.00 
         0.00          0.00          0.00          0.00 
         0.00
     14194.30      3320.00    156805.00    449433.00     59271.96    443615.00
     23054.08      12874.96      23342.92          0.00 
         0.00          0.00          0.00          0.00 
         0.00
     14189.00      3344.00    156708.00    449483.00     59024.95    447868.00
     22882.99      12927.90      23214.05          0.00 
         0.00          0.00          0.00          0.00 
         0.00
     14183.70      3368.00    159329.00    457361.00     60421.92    459205.00
     23124.69      13482.10      23815.13          0.00 
         0.00          0.00          0.00          0.00 
         0.00
     14178.40      3393.00    159627.00    458492.00     60313.96    464474.00
     23174.19      13141.09      23998.69          0.00 
         0.00          0.00          0.00          0.00 
         0.00
     14173.10      3418.00    160255.00    460671.00     60443.91    472955.00
     23177.46      12923.46      24343.00          0.00 
         0.00          0.00          0.00          0.00 
         0.00
     14167.70      3443.00    161112.00    463499.00     61333.61    484326.00
     23278.12      14016.45      24039.03          0.00 
         0.00          0.00          0.00          0.00 
         0.00
     14162.30      3469.00    162881.00    468951.00     61123.78    499556.00
     23783.46      12981.00      24359.32          0.00 
         0.00          0.00          0.00          0.00 
         0.00
     14156.90      3494.00    163993.00    472478.00     61494.40    511243.00
     23797.63      13305.15      24391.61          0.00 
         0.00          0.00          0.00          0.00 
         0.00
     14151.50      3520.00    164845.00    475284.00     62138.56    520093.00
     23682.56      13879.36      24576.64          0.00 
         0.00          0.00          0.00          0.00 
         0.00
     14146.10      3547.00    166713.00    481051.00     62544.25    530546.00
     24080.58      13595.65      24868.02          0.00 
         0.00          0.00          0.00          0.00 
         0.00
     14140.70      3573.00    166848.00    481801.00     63099.18    534827.00
     23924.81      14141.93      25032.44          0.00 
         0.00          0.00          0.00          0.00 
         0.00
     14135.20      3600.00    168366.00    486549.00     63633.60    543066.00
     24436.80      13766.40      25430.40          0.00 
         0.00          0.00          0.00          0.00 
         0.00
     14129.70      3628.00    168850.00    488401.00     63421.07    547172.00
     24253.18      14040.36      25127.53          0.00 
         0.00          0.00          0.00          0.00 
         0.00
     14124.20      3655.00    170505.00    493513.00     64119.66    554244.00
     24722.42      14064.44      25332.80          0.00 
         0.00          0.00          0.00          0.00 
         0.00
     14118.70      3683.00    171404.00    496438.00     64795.02    558058.00
     24970.74      14127.99      25696.29          0.00 
         0.00          0.00          0.00          0.00 
         0.00
     14113.20      3711.00    172452.00    499866.00     65458.33    561472.00
     24897.10      14569.39      25991.84          0.00 
         0.00          0.00          0.00          0.00 
         0.00
     14107.70      3740.00    173490.00    503240.00     64922.66    563986.00
     25136.54      13991.34      25794.78          0.00 
         0.00          0.00          0.00          0.00 
         0.00
     14102.10      3769.00    174958.00    507912.00     65874.59    567271.00
     25391.75      14246.82      26236.01          0.00 
         0.00          0.00          0.00          0.00 
         0.00
     14096.50      3798.00    174909.00    508120.00     66784.03    565303.00
     25575.73      15078.06      26130.24          0.00 
         0.00          0.00          0.00          0.00 
         0.00
     14090.90      3827.00    177229.00    515285.00     67029.91    570895.00
     25464.86      15082.21      26482.84          0.00 
         0.00          0.00          0.00          0.00 
         0.00
     14085.30      3857.00    178820.00    520238.00     68608.32    574492.00
     25780.19      15952.55      26875.58          0.00 
         0.00          0.00          0.00          0.00 
         0.00
     14079.70      3887.00    180036.00    524268.00     67960.31    577561.00
     26245.03      14844.45      26870.83          0.00 
         0.00          0.00          0.00          0.00 
         0.00
     14074.10      3917.00    181196.00    528125.00     68618.01    581296.00
     26341.83      15299.80      26976.38          0.00 
         0.00          0.00          0.00          0.00 
         0.00
     14068.40      3948.00    181768.00    530135.00     68079.31    583533.00
     26435.81      14414.15      27229.36          0.00 
         0.00          0.00          0.00          0.00 
         0.00
     14062.70      3979.00    183731.00    536254.00     68478.59    590385.00
     26412.60      14873.50      27192.49          0.00 
         0.00          0.00          0.00          0.00 
         0.00
     14057.00      4011.00    184412.00    538693.00     69382.28    593355.00
     26604.96      15265.87      27511.45          0.00 
         0.00          0.00          0.00          0.00 
         0.00
     14051.30      4043.00    185562.00    542475.00     70283.52    598321.00
     27043.63      15448.30      27791.58          0.00 
         0.00          0.00          0.00          0.00 
         0.00
     14045.60      4075.00    187182.00    547617.00     70953.90    606190.00
     26736.07      15941.40      28276.42          0.00 
         0.00          0.00          0.00          0.00 
         0.00
     14039.90      4107.00    188204.00    550914.00     70656.83    614136.00
     27118.52      15557.32      27980.99          0.00 
         0.00          0.00          0.00          0.00 
         0.00
     14034.10      4140.00    189568.00    555432.00     70914.06    625451.00
     27295.02      15185.52      28433.52          0.00 
         0.00          0.00          0.00          0.00 
         0.00
     14028.30      4173.00    189765.00    556409.00     70740.70    634166.00
     27233.00      15227.28      28280.42          0.00 
         0.00          0.00          0.00          0.00 
         0.00
     14022.50      4206.00    191807.00    562844.00     71931.01    650159.00
     27906.81      15793.53      28230.67          0.00 
         0.00          0.00          0.00          0.00 
         0.00
     14016.70      4240.00    191803.00    563299.00     72775.35    658828.00
     27704.16      16307.04      28764.16          0.00 
         0.00          0.00          0.00          0.00 
         0.00
     14010.90      4274.00    194667.00    572138.00     73594.01    676890.00
     28093.00      16343.78      29157.23          0.00 
         0.00          0.00          0.00          0.00 
         0.00
     14005.10      4308.00    195738.00    575730.00     73520.33    687388.00
     28049.39      16249.78      29221.16          0.00 
         0.00          0.00          0.00          0.00 
         0.00
     13999.20      4343.00    196911.00    579690.00     73922.20    697043.00
     28468.37      16103.84      29349.99          0.00 
         0.00          0.00          0.00          0.00 
         0.00
     13993.30      4378.00    199086.00    586516.00     75284.09    709283.00
     28627.74      16877.19      29779.15          0.00 
         0.00          0.00          0.00          0.00 
         0.00
     13987.40      4414.00    199624.00    588580.00     75192.49    715230.00
     28845.49      16380.35      29966.65          0.00 
         0.00          0.00          0.00          0.00 
         0.00
     13981.50      4450.00    201436.00    594359.00     74626.50    726267.00
     28938.35      15815.30      29872.85          0.00 
         0.00          0.00          0.00          0.00 
         0.00
     13975.60      4486.00    203005.00    599543.00     76060.12    737524.00
     29073.77      16652.03      30334.33          0.00 
         0.00          0.00          0.00          0.00 
         0.00
     13969.70      4522.00    203306.00    600942.00     75937.95    745247.00
     29311.60      16631.92      29994.43          0.00 
         0.00          0.00          0.00          0.00 
         0.00
     13963.70      4559.00    205843.00    608813.00     77662.56    762298.00
     29701.88      17246.70      30713.98          0.00 
         0.00          0.00          0.00          0.00 
         0.00
     13957.70      4597.00    207840.00    615190.00     78043.27    778207.00
     29954.05      17261.74      30827.48          0.00 
         0.00          0.00          0.00          0.00 
         0.00
     13951.70      4634.00    208761.00    618586.00     77971.68    790448.00
     30042.22      17076.29      30853.17          0.00 
         0.00          0.00          0.00          0.00 
         0.00
     13945.70      4672.00    209756.00    621997.00     78036.42    802015.00
     29989.57      16931.33      31115.52          0.00 
         0.00          0.00          0.00          0.00 
         0.00
     13939.70      4711.00    211867.00    628745.00     80228.33    817499.00
     30941.85      17586.16      31700.32          0.00 
         0.00          0.00          0.00          0.00 
         0.00
     13933.70      4749.00    213683.00    634662.00     80481.30    832236.00
     30901.74      17875.24      31704.32          0.00 
         0.00          0.00          0.00          0.00 
         0.00
     13927.60      4788.00    214704.00    638224.00     79657.96    844200.00
     30580.96      17466.62      31610.38          0.00 
         0.00          0.00          0.00          0.00 
         0.00
     13921.50      4828.00    215784.00    641939.00     79859.95    855755.00
     30754.36      17129.74      31975.84          0.00 
         0.00          0.00          0.00          0.00 
         0.00
     13915.40      4868.00    217949.00    648857.00     80716.30    870596.00
     31559.24      17174.30      31982.76          0.00 
         0.00          0.00          0.00          0.00 
         0.00
     13909.30      4908.00    219402.00    653649.00     81737.83    881489.00
     31573.16      17825.86      32338.81          0.00 
         0.00          0.00          0.00          0.00 
         0.00
     13903.20      4949.00    221152.00    659467.00     82999.67    892447.00
     31995.29      18504.31      32500.08          0.00 
         0.00          0.00          0.00          0.00 
         0.00
     13897.10      4989.00    221995.00    662585.00     83261.41    898303.00
     32019.40      18279.70      32962.32          0.00 
         0.00          0.00          0.00          0.00 
         0.00
     13891.00      5030.00    224507.00    670636.00     84820.89    910045.00
     32217.15      19234.72      33369.02          0.00 
         0.00          0.00          0.00          0.00 
         0.00
     13884.80      5072.00    225092.00    672899.00     85118.30    913344.00
     32161.55      19567.78      33388.98          0.00 
         0.00          0.00          0.00          0.00 
         0.00
     13878.60      5115.00    228589.00    683888.00     85440.95    927723.00
     32725.77      18812.97      33902.22          0.00 
         0.00          0.00          0.00          0.00 
         0.00
     13872.40      5157.00    228735.00    685013.00     85291.62    927639.00
     32535.51      18910.72      33845.39          0.00 
         0.00          0.00          0.00          0.00 
         0.00
     13866.20      5200.00    230671.00    691390.00     84557.20    934410.00
     32609.20      18023.20      33924.80          0.00 
         0.00          0.00          0.00          0.00 
         0.00
     13860.00      5243.00    231985.00    695765.00     87217.31    938567.00
     33209.16      20096.42      33911.72          0.00 
         0.00          0.00          0.00          0.00 
         0.00
     13853.80      5286.00    233082.00    699697.00     87245.42    943759.00
     33190.79      19563.48      34491.15          0.00 
         0.00          0.00          0.00          0.00 
         0.00
     13847.50      5331.00    234937.00    705810.00     87561.67    953962.00
     33558.64      19324.88      34678.15          0.00 
         0.00          0.00          0.00          0.00 
         0.00
     13841.20      5375.00    237878.00    715252.00     88295.12    970956.00
     33760.38      19484.38      35050.38          0.00 
         0.00          0.00          0.00          0.00 
         0.00
     13834.90      5420.00    239313.00    720193.00     89354.12    984269.00
     33999.66      19799.26      35555.20          0.00 
         0.00          0.00          0.00          0.00 
         0.00
     13828.60      5465.00    239671.00    721894.00     89227.06    995049.00
     34489.62      19630.28      35107.16          0.00 
         0.00          0.00          0.00          0.00 
         0.00
     13822.30      5511.00    241541.00    728118.00     90308.77   1013252.00
     34217.80      20043.51      36047.45          0.00 
         0.00          0.00          0.00          0.00 
         0.00
     13816.00      5557.00    244475.00    737557.00     91679.39   1035332.00
     34831.28      20683.15      36164.96          0.00 
         0.00          0.00          0.00          0.00 
         0.00
     13809.70      5603.00    245812.00    742239.00     92315.03   1051051.00
     34968.32      21084.09      36262.62          0.00 
         0.00          0.00          0.00          0.00 
         0.00
     13803.30      5650.00    246830.00    745871.00     93072.45   1065568.00
     35295.55      21136.65      36640.25          0.00 
         0.00          0.00          0.00          0.00 
         0.00
     13796.90      5697.00    249776.00    755466.00     93687.16   1088515.00
     35554.98      21454.90      36677.29          0.00 
         0.00          0.00          0.00          0.00 
         0.00
     13790.50      5745.00    250267.00    757647.00     93086.23   1100952.00
     35469.63      20871.58      36745.02          0.00 
         0.00          0.00          0.00          0.00 
         0.00
     13784.10      5793.00    253137.00    766902.00     93232.55   1123337.00
     36032.46      20037.99      37162.10          0.00 
         0.00          0.00          0.00          0.00 
         0.00
     13777.70      5841.00    254436.00    771532.00     95687.27   1137616.00
     36313.50      21675.95      37697.82          0.00 
         0.00          0.00          0.00          0.00 
         0.00
     13771.30      5890.00    257043.00    779999.00     95971.66   1157322.00
     36730.04      21734.10      37507.52          0.00 
         0.00          0.00          0.00          0.00 
         0.00
     13764.90      5939.00    257700.00    782740.00     95938.61   1168421.00
     36435.77      21594.21      37908.64          0.00 
         0.00          0.00          0.00          0.00 
         0.00
     13758.40      5989.00    260504.00    791846.00     96368.99   1189550.00
     37029.98      20691.99      38647.02          0.00 
         0.00          0.00          0.00          0.00 
         0.00
     13751.90      6039.00    261690.00    796200.00     97958.62   1203887.00
     37399.53      21788.71      38770.38          0.00 
         0.00          0.00          0.00          0.00 
         0.00
     13745.40      6089.00    263247.00    801685.00     97716.27   1219601.00
     37721.36      21317.59      38677.33          0.00 
         0.00          0.00          0.00          0.00 
         0.00
     13738.90      6140.00    264510.00    806154.00     99732.02   1232808.00
     37503.12      23301.30      38927.60          0.00 
         0.00          0.00          0.00          0.00 
         0.00
     13732.40      6191.00    266681.00    813430.00     98282.12   1249598.00
     37932.26      21111.31      39238.56          0.00 
         0.00          0.00          0.00          0.00 
         0.00
     13725.90      6243.00    268973.00    821095.00    100243.85   1268397.00
     38594.23      21881.71      39767.91          0.00 
         0.00          0.00          0.00          0.00 
         0.00
     13719.40      6295.00    271275.00    828825.00    101475.40   1286863.00
     38670.18      22227.64      40577.57          0.00 
         0.00          0.00          0.00          0.00 
         0.00
     13712.80      6348.00    272701.00    833772.00    102628.12   1300707.00
     39275.08      22662.36      40690.68          0.00 
         0.00          0.00          0.00          0.00 
         0.00
     13706.20      6401.00    274681.00    840612.00    103184.12   1318038.00
     39526.18      22633.94      41024.01          0.00 
         0.00          0.00          0.00          0.00 
         0.00
     13699.60      6454.00    276847.00    847964.00    104516.08   1336371.00
     39724.37      23782.99      41008.71          0.00 
         0.00          0.00          0.00          0.00 
         0.00
     13693.00      6508.00    277904.00    852028.00    103854.66   1350314.00
     39959.12      22791.02      41104.53          0.00 
         0.00          0.00          0.00          0.00 
         0.00
     13686.40      6562.00    281081.00    862410.00    104631.09   1373386.00
     40435.04      22186.12      42009.92          0.00 
         0.00          0.00          0.00          0.00 
         0.00
     13679.80      6617.00    282253.00    866755.00    105296.33   1387310.00
     40284.30      23185.97      41826.06          0.00 
         0.00          0.00          0.00          0.00 
         0.00
     13673.20      6672.00    284389.00    874054.00    106244.93   1404991.00
     41019.46      23071.78      42153.70          0.00 
         0.00          0.00          0.00          0.00 
         0.00
     13666.50      6728.00    286767.00    882112.00    107614.36   1423640.00
     40912.97      24274.62      42426.77          0.00 
         0.00          0.00          0.00          0.00 
         0.00
     13659.80      6784.00    288844.00    889332.00    107526.40   1440350.00
     41280.64      23214.85      43030.91          0.00 
         0.00          0.00          0.00          0.00 
         0.00
     13653.10      6841.00    290237.00    894487.00    109230.25   1453452.00
     41860.08      24805.47      42564.70          0.00 
         0.00          0.00          0.00          0.00 
         0.00
     13646.40      6898.00    292528.00    902301.00    109195.34   1471207.00
     41836.37      23784.30      43574.66          0.00 
         0.00          0.00          0.00          0.00 
         0.00
     13639.70      6955.00    294323.00    908635.00    111022.66   1487531.00
     41723.04      25434.44      43865.18          0.00 
         0.00          0.00          0.00          0.00 
         0.00
     13633.00      7012.00    296289.00    915468.00    111133.19   1504990.00
     42780.21      24303.59      44049.38          0.00 
         0.00          0.00          0.00          0.00 
         0.00
     13626.30      7070.00    297896.00    921293.00    111423.20   1521102.00
     42660.38      24667.23      44095.59          0.00 
         0.00          0.00          0.00          0.00 
         0.00
     13619.50      7130.00    300172.00    929210.00    112775.22   1540988.00
     42872.69      25625.22      44277.30          0.00 
         0.00          0.00          0.00          0.00 
         0.00
     13612.70      7189.00    302781.00    937997.00    113729.98   1563365.00
     43558.15      25211.82      44960.01          0.00 
         0.00          0.00          0.00          0.00 
         0.00
     13605.90      7249.00    304762.00    944865.00    114802.41   1582762.00
     43457.75      25900.68      45443.98          0.00 
         0.00          0.00          0.00          0.00 
         0.00
     13599.10      7309.00    306265.00    950343.00    114151.97   1599826.00
     43854.00      25033.32      45264.64          0.00 
         0.00          0.00          0.00          0.00 
         0.00
     13592.30      7370.00    308339.00    957606.00    117632.57   1621820.00
     44522.17      27335.33      45775.07          0.00 
         0.00          0.00          0.00          0.00 
         0.00
     13585.50      7430.00    310296.00    964624.00    117052.22   1643666.00
     44468.55      26287.34      46296.33          0.00 
         0.00          0.00          0.00          0.00 
         0.00
     13578.70      7492.00    312647.00    972758.00    117354.69   1667688.00
     44907.05      26184.54      46263.10          0.00 
         0.00          0.00          0.00          0.00 
         0.00
     13571.90      7553.00    313915.00    977619.00    117479.36   1687149.00
     45083.86      26103.17      46292.34          0.00 
         0.00          0.00          0.00          0.00 
         0.00
     13565.00      7616.00    317162.00    988475.00    120203.33   1717229.00
     45406.59      27798.40      46998.34          0.00 
         0.00          0.00          0.00          0.00 
         0.00
     13558.10      7679.00    318504.00    993604.00    119032.18   1737267.00
     45467.36      26262.18      47302.64          0.00 
         0.00          0.00          0.00          0.00 
         0.00
     13551.20      7743.00    321105.00   1002658.00    120821.77   1764719.00
     45962.45      27495.39      47363.93          0.00 
         0.00          0.00          0.00          0.00 
         0.00
     13544.30      7806.00    323931.00   1012243.00    120735.41   1793499.00
     46367.64      26657.49      47710.27          0.00 
         0.00          0.00          0.00          0.00 
         0.00
     13537.40      7871.00    325468.00   1018011.00    121890.30   1815774.00
     46218.51      27627.21      48044.58          0.00 
         0.00          0.00          0.00          0.00 
         0.00
     13530.50      7935.00    328606.00   1028711.00    122191.06   1847093.00
     46665.73      27280.53      48244.80          0.00 
         0.00          0.00          0.00          0.00 
         0.00
     13523.60      8000.00    328771.00   1030244.00    123496.00   1861851.00
     47320.00      27568.00      48608.00          0.00 
         0.00          0.00          0.00          0.00 
         0.00
 END OF DATA
