XDAC V1.4 Datafile V1
"srmndead.006" created on 2/6/09 at 10:38:38 PM on X-23A2
Diffraction element= Si (311).  Ring energy= 2.80 GeV
E0= 6539.00
NUM_REGIONS= 3
SRB= -50 -10 30 100
SRSS= 1 .3 1
SPP= 1 1 1
Settling time= 0.10


Offsets= 120.90 86.30 0.00 0.00 1.00 0.00 1.00 1.00 2.00 1.00 1.00 1.00 1.00 1.00
Gains= 8.00 9.00 8.00 8.00 8.00 8.00 8.00 8.00 8.00 8.00 8.00 8.00 8.00 8.00



--------------------------------------------------------------------------------
        Energy            I0            It          If20          If21          If22          If23          If24          If25          If26          If27          If30          If31          If32          If33
    6488.99944    12065.1000      793.7000     2275.0000     3030.0000     1105.0000     1817.0000    33949.0000    37951.0000    31078.0000    30092.0000    34307.0000    39406.0000    31415.0000    30407.0000
    6490.00085    12078.1000      795.7000     2375.0000     3014.0000     1139.0000     1762.0000    34268.0000    37666.0000    31422.0000    29849.0000    34639.0000    39202.0000    31733.0000    30152.0000
    6490.99841    12091.1000      796.7000     2466.0000     2991.0000     1069.0000     1857.0000    34715.0000    37531.0000    31314.0000    30060.0000    35122.0000    39109.0000    31652.0000    30370.0000
    6492.00030    12106.1000      799.7000     2476.0000     3020.0000     1080.0000     1887.0000    34614.0000    38152.0000    31091.0000    30196.0000    35026.0000    39695.0000    31444.0000    30520.0000
    6492.99833    12116.1000      801.7000     2590.0000     3092.0000     1086.0000     1794.0000    34642.0000    37984.0000    31390.0000    30117.0000    35033.0000    39488.0000    31723.0000    30454.0000
    6494.00068    12128.1000      804.7000     2487.0000     3154.0000     1187.0000     1828.0000    34728.0000    38086.0000    31671.0000    30041.0000    35133.0000    39627.0000    32047.0000    30344.0000
    6494.99918    12139.1000      805.7000     2643.0000     3094.0000     1131.0000     1862.0000    34620.0000    38428.0000    31486.0000    29863.0000    34979.0000    39954.0000    31806.0000    30167.0000
    6496.00200    12149.1000      807.7000     2667.0000     3237.0000     1171.0000     1799.0000    34628.0000    38249.0000    31529.0000    30118.0000    35091.0000    39851.0000    31824.0000    30453.0000
    6497.00096    12160.1000      809.7000     2611.0000     3177.0000     1219.0000     1899.0000    34637.0000    38193.0000    31621.0000    29990.0000    35055.0000    39822.0000    31954.0000    30315.0000
    6498.00016    12169.1000      810.7000     2684.0000     3242.0000     1248.0000     1928.0000    35051.0000    38172.0000    32033.0000    30547.0000    35456.0000    39786.0000    32340.0000    30888.0000
    6498.99959    12176.1000      812.7000     2633.0000     3275.0000     1237.0000     1954.0000    34726.0000    38453.0000    31857.0000    30362.0000    35133.0000    39957.0000    32164.0000    30692.0000
    6499.99925    12186.1000      813.7000     2793.0000     3411.0000     1256.0000     1848.0000    35400.0000    38639.0000    31841.0000    30956.0000    35812.0000    40150.0000    32163.0000    31273.0000
    6500.99914    12195.1000      815.7000     2829.0000     3354.0000     1253.0000     1905.0000    35388.0000    38773.0000    31794.0000    30718.0000    35843.0000    40366.0000    32129.0000    31050.0000
    6501.99927    12204.1000      817.7000     2891.0000     3280.0000     1289.0000     1985.0000    35150.0000    38639.0000    31849.0000    30522.0000    35619.0000    40185.0000    32168.0000    30860.0000
    6502.99962    12212.1000      818.7000     2922.0000     3453.0000     1402.0000     2001.0000    35323.0000    38743.0000    32057.0000    30953.0000    35711.0000    40291.0000    32433.0000    31269.0000
    6504.00022    12216.1000      819.7000     3020.0000     3334.0000     1367.0000     2009.0000    35537.0000    38923.0000    32003.0000    30663.0000    35973.0000    40517.0000    32341.0000    31033.0000
    6505.00104    12226.1000      821.7000     2978.0000     3431.0000     1411.0000     2052.0000    35295.0000    39011.0000    31976.0000    30947.0000    35712.0000    40604.0000    32352.0000    31273.0000
    6505.99799    12231.1000      823.7000     3001.0000     3626.0000     1436.0000     2119.0000    35368.0000    38995.0000    32158.0000    30876.0000    35800.0000    40595.0000    32499.0000    31218.0000
    6506.99928    12242.1000      824.7000     3094.0000     3544.0000     1456.0000     2087.0000    35700.0000    39106.0000    32521.0000    31134.0000    36110.0000    40745.0000    32929.0000    31475.0000
    6508.00080    12250.1000      825.7000     3219.0000     3715.0000     1502.0000     2037.0000    35714.0000    39604.0000    32152.0000    30805.0000    36146.0000    41104.0000    32503.0000    31183.0000
    6508.99844    12256.1000      827.7000     3232.0000     3759.0000     1531.0000     2083.0000    36074.0000    39450.0000    32427.0000    31234.0000    36527.0000    41054.0000    32751.0000    31572.0000
    6510.00043    12267.1000      828.7000     3293.0000     3675.0000     1554.0000     2176.0000    36292.0000    39549.0000    32481.0000    31019.0000    36743.0000    41234.0000    32826.0000    31360.0000
    6510.99853    12271.1000      829.7000     3387.0000     3893.0000     1574.0000     2199.0000    36015.0000    39630.0000    32720.0000    31472.0000    36458.0000    41245.0000    33062.0000    31809.0000
    6512.00098    12279.1000      831.7000     3439.0000     3885.0000     1654.0000     2300.0000    36297.0000    39801.0000    32541.0000    31507.0000    36740.0000    41436.0000    32925.0000    31879.0000
    6512.99955    12288.1000      833.7000     3522.0000     4035.0000     1688.0000     2325.0000    36435.0000    40315.0000    32879.0000    31489.0000    36855.0000    41981.0000    33260.0000    31812.0000
    6513.99835    12296.1000      834.7000     3758.0000     4126.0000     1763.0000     2418.0000    37067.0000    40194.0000    32858.0000    31551.0000    37539.0000    41793.0000    33214.0000    31933.0000
    6515.00149    12305.1000      835.7000     3839.0000     4138.0000     1747.0000     2480.0000    37234.0000    40038.0000    33069.0000    31785.0000    37706.0000    41698.0000    33441.0000    32139.0000
    6516.00075    12313.1000      838.7000     3845.0000     4318.0000     1835.0000     2469.0000    36913.0000    40610.0000    32692.0000    31672.0000    37386.0000    42295.0000    33039.0000    32035.0000
    6517.00024    12319.1000      839.7000     3945.0000     4259.0000     1854.0000     2540.0000    37168.0000    40524.0000    33006.0000    31998.0000    37627.0000    42273.0000    33406.0000    32353.0000
    6517.99996    12327.1000      841.7000     4094.0000     4501.0000     1919.0000     2589.0000    37285.0000    40686.0000    33168.0000    32094.0000    37754.0000    42408.0000    33507.0000    32460.0000
    6518.99991    12336.1000      842.7000     4305.0000     4508.0000     2063.0000     2582.0000    37707.0000    40841.0000    33255.0000    31935.0000    38183.0000    42514.0000    33653.0000    32296.0000
    6520.00009    12345.1000      844.7000     4246.0000     4611.0000     2003.0000     2714.0000    37653.0000    41378.0000    33238.0000    32443.0000    38160.0000    43171.0000    33587.0000    32807.0000
    6521.00050    12350.1000      845.7000     4301.0000     4812.0000     2162.0000     2736.0000    37824.0000    41313.0000    33375.0000    32282.0000    38255.0000    43005.0000    33741.0000    32689.0000
    6522.00114    12356.1000      846.7000     4682.0000     4813.0000     2202.0000     2832.0000    38237.0000    41398.0000    33324.0000    32114.0000    38727.0000    43108.0000    33663.0000    32500.0000
    6523.00201    12364.1000      847.7000     4848.0000     5030.0000     2281.0000     2852.0000    38169.0000    41832.0000    33630.0000    32259.0000    38700.0000    43517.0000    34019.0000    32630.0000
    6523.99899    12367.1000      849.7000     4968.0000     5149.0000     2385.0000     3098.0000    38393.0000    42091.0000    33992.0000    32668.0000    38915.0000    43921.0000    34399.0000    33064.0000
    6525.00032    12378.1000      850.7000     5112.0000     5457.0000     2407.0000     3072.0000    38654.0000    42311.0000    33856.0000    32857.0000    39167.0000    44133.0000    34210.0000    33200.0000
    6526.00188    12388.1000      852.7000     5452.0000     5595.0000     2638.0000     3228.0000    39091.0000    42652.0000    34218.0000    32983.0000    39659.0000    44503.0000    34605.0000    33356.0000
    6526.99955    12395.1000      852.7000     5661.0000     6011.0000     2770.0000     3266.0000    39375.0000    42668.0000    34355.0000    32812.0000    39938.0000    44395.0000    34748.0000    33236.0000
    6528.00156    12401.1000      854.7000     5801.0000     6006.0000     2866.0000     3461.0000    40089.0000    42976.0000    34395.0000    33188.0000    40646.0000    44811.0000    34786.0000    33582.0000
    6528.99968    12405.1000      855.7000     6179.0000     6335.0000     2999.0000     3753.0000    40233.0000    43044.0000    34631.0000    33679.0000    40858.0000    44868.0000    35018.0000    34125.0000
    6529.30082    12404.1000      855.7000     6143.0000     6243.0000     3001.0000     3732.0000    40456.0000    43385.0000    34832.0000    33498.0000    41031.0000    45206.0000    35234.0000    33926.0000
    6529.60197    12403.1000      855.7000     6405.0000     6481.0000     3061.0000     3813.0000    40575.0000    43382.0000    34853.0000    33771.0000    41143.0000    45187.0000    35263.0000    34196.0000
    6529.89901    12405.1000      855.7000     6337.0000     6475.0000     3074.0000     3839.0000    40397.0000    43281.0000    34774.0000    33840.0000    41016.0000    45179.0000    35190.0000    34272.0000
    6530.20021    12406.1000      855.7000     6441.0000     6666.0000     3178.0000     3957.0000    40501.0000    43428.0000    34949.0000    33892.0000    41102.0000    45255.0000    35319.0000    34315.0000
    6530.50142    12407.1000      856.7000     6574.0000     6700.0000     3152.0000     3983.0000    40638.0000    43609.0000    34879.0000    34037.0000    41277.0000    45463.0000    35280.0000    34427.0000
    6530.79853    12406.1000      856.7000     6792.0000     6961.0000     3204.0000     4061.0000    40960.0000    43592.0000    35113.0000    34055.0000    41565.0000    45500.0000    35498.0000    34525.0000
    6531.09978    12398.1000      855.7000     6844.0000     7029.0000     3405.0000     4129.0000    41244.0000    44274.0000    35494.0000    33979.0000    41915.0000    46220.0000    35966.0000    34423.0000
    6531.40106    12387.1000      853.7000     6884.0000     6864.0000     3302.0000     4166.0000    41386.0000    43944.0000    35244.0000    34275.0000    41930.0000    45845.0000    35613.0000    34694.0000
    6531.69823    12330.1000      847.7000     6952.0000     6998.0000     3404.0000     4147.0000    41356.0000    44012.0000    34861.0000    34264.0000    42032.0000    45977.0000    35268.0000    34687.0000
    6531.99954    12286.1000      840.7000     7139.0000     7168.0000     3461.0000     4386.0000    41967.0000    44101.0000    34885.0000    34521.0000    42639.0000    46085.0000    35318.0000    34985.0000
    6532.30088    12281.1000      840.7000     7243.0000     7280.0000     3452.0000     4232.0000    41934.0000    44236.0000    35137.0000    34377.0000    42598.0000    46150.0000    35554.0000    34796.0000
    6532.59811    12293.1000      853.7000     7426.0000     7511.0000     3488.0000     4428.0000    41969.0000    44628.0000    35024.0000    34702.0000    42667.0000    46597.0000    35417.0000    35129.0000
    6532.89949    12313.1000      863.7000     7432.0000     7546.0000     3675.0000     4371.0000    42337.0000    44397.0000    35281.0000    34533.0000    43005.0000    46428.0000    35695.0000    34943.0000
    6533.20089    12354.1000      861.7000     7758.0000     7810.0000     3705.0000     4448.0000    42151.0000    45545.0000    35310.0000    35008.0000    42863.0000    47507.0000    35733.0000    35438.0000
    6533.49818    12435.1000      862.7000     7814.0000     8064.0000     3906.0000     4619.0000    42347.0000    45935.0000    36572.0000    34580.0000    42980.0000    48053.0000    37013.0000    34999.0000
    6533.79962    12480.1000      861.7000     7982.0000     8138.0000     4052.0000     4725.0000    42383.0000    46517.0000    36620.0000    34545.0000    43078.0000    48635.0000    37051.0000    35015.0000
    6534.10108    12487.1000      863.7000     8366.0000     8324.0000     4147.0000     4860.0000    43011.0000    46117.0000    36592.0000    34945.0000    43719.0000    48160.0000    37056.0000    35447.0000
    6534.39843    12477.1000      862.7000     8446.0000     8643.0000     4109.0000     4975.0000    43226.0000    46628.0000    36481.0000    35061.0000    43906.0000    48738.0000    36965.0000    35532.0000
    6534.69994    12477.1000      863.7000     8836.0000     8667.0000     4326.0000     5109.0000    43096.0000    46243.0000    36559.0000    35102.0000    43778.0000    48393.0000    36978.0000    35531.0000
    6535.00146    12473.1000      862.7000     8873.0000     8824.0000     4367.0000     5195.0000    43699.0000    46656.0000    36775.0000    35293.0000    44427.0000    48708.0000    37250.0000    35739.0000
    6535.29887    12476.1000      862.7000     9151.0000     9142.0000     4504.0000     5326.0000    43858.0000    46924.0000    37008.0000    35613.0000    44602.0000    49027.0000    37472.0000    36071.0000
    6535.60044    12475.1000      863.7000     9317.0000     9303.0000     4552.0000     5516.0000    44035.0000    47299.0000    36930.0000    35939.0000    44862.0000    49356.0000    37419.0000    36448.0000
    6535.90202    12475.1000      863.7000     9574.0000     9577.0000     4600.0000     5539.0000    44177.0000    47460.0000    36998.0000    36078.0000    44854.0000    49712.0000    37453.0000    36586.0000
    6536.19949    12476.1000      863.7000    10037.0000     9821.0000     4837.0000     5962.0000    44767.0000    47903.0000    37299.0000    36141.0000    45498.0000    50172.0000    37789.0000    36615.0000
    6536.50112    12475.1000      863.7000    10219.0000    10183.0000     5000.0000     5931.0000    45105.0000    48028.0000    37392.0000    36229.0000    45837.0000    50155.0000    37872.0000    36762.0000
    6536.79863    12477.1000      863.7000    10397.0000    10345.0000     5194.0000     6185.0000    45232.0000    48519.0000    37877.0000    36597.0000    46038.0000    50777.0000    38398.0000    37136.0000
    6537.10030    12481.1000      863.7000    10856.0000    10391.0000     5266.0000     6236.0000    45341.0000    48886.0000    37816.0000    36706.0000    46113.0000    51134.0000    38296.0000    37200.0000
    6537.40199    12482.1000      863.7000    11246.0000    10914.0000     5564.0000     6425.0000    46467.0000    49060.0000    38304.0000    36944.0000    47282.0000    51253.0000    38795.0000    37487.0000
    6537.69956    12481.1000      863.7000    11584.0000    11391.0000     5719.0000     6647.0000    46474.0000    49395.0000    38560.0000    37232.0000    47286.0000    51627.0000    39070.0000    37760.0000
    6538.00129    12483.1000      862.7000    12430.0000    11970.0000     6118.0000     7127.0000    47761.0000    50560.0000    38798.0000    37914.0000    48637.0000    52901.0000    39336.0000    38489.0000
    6538.29891    12486.1000      862.7000    12969.0000    12805.0000     6343.0000     7553.0000    48781.0000    51279.0000    39290.0000    38322.0000    49759.0000    53710.0000    39822.0000    38905.0000
    6538.60068    12486.1000      861.7000    14154.0000    13826.0000     7000.0000     8388.0000    49532.0000    52210.0000    39820.0000    39400.0000    50518.0000    54691.0000    40365.0000    40008.0000
    6538.89833    12487.1000      861.7000    15152.0000    14705.0000     7467.0000     8559.0000    50643.0000    53821.0000    40624.0000    39516.0000    51656.0000    56452.0000    41199.0000    40167.0000
    6539.20015    12492.1000      860.7000    16448.0000    15599.0000     8033.0000     9302.0000    52217.0000    54514.0000    41110.0000    40423.0000    53320.0000    57104.0000    41716.0000    41070.0000
    6539.50198    12484.1000      856.7000    18563.0000    17636.0000     9151.0000    10678.0000    54585.0000    56723.0000    42527.0000    41735.0000    55824.0000    59627.0000    43147.0000    42522.0000
    6539.79969    12477.1000      853.7000    21890.0000    20840.0000    10768.0000    12371.0000    58681.0000    60911.0000    44248.0000    43764.0000    60165.0000    64026.0000    44953.0000    44592.0000
    6540.10157    12494.1000      848.7000    26582.0000    25295.0000    13322.0000    15176.0000    64480.0000    66095.0000    47271.0000    46836.0000    66232.0000    69622.0000    48098.0000    47855.0000
    6540.39933    12497.1000      838.7000    35933.0000    33632.0000    17877.0000    20565.0000    75007.0000    75524.0000    52860.0000    53307.0000    77540.0000    79918.0000    53897.0000    54657.0000
    6540.70124    12497.1000      830.7000    42964.0000    41217.0000    21792.0000    24926.0000    83580.0000    84308.0000    57222.0000    58648.0000    86618.0000    89579.0000    58481.0000    60291.0000
    6540.99904    12495.1000      821.7000    50372.0000    47827.0000    25538.0000    29311.0000    91938.0000    92154.0000    61670.0000    63869.0000    95798.0000    98349.0000    63107.0000    65851.0000
    6541.30099    12503.1000      818.7000    54167.0000    50286.0000    27767.0000    31056.0000    96262.0000    95134.0000    64441.0000    65411.0000   100421.0000   101672.0000    66065.0000    67431.0000
    6541.59883    12490.1000      818.7000    52964.0000    49934.0000    27105.0000    30955.0000    95567.0000    94872.0000    63475.0000    65513.0000    99682.0000   101191.0000    64963.0000    67654.0000
    6541.90083    12482.1000      818.7000    53373.0000    50630.0000    26997.0000    31009.0000    95368.0000    95233.0000    63433.0000    65556.0000    99552.0000   101698.0000    64992.0000    67566.0000
    6542.19871    12499.1000      815.7000    57150.0000    53855.0000    29308.0000    33031.0000    99825.0000    99108.0000    65959.0000    67861.0000   104358.0000   105951.0000    67645.0000    70067.0000
    6542.50074    12499.1000      810.7000    61173.0000    57784.0000    31376.0000    35603.0000   104116.0000   103425.0000    68582.0000    71024.0000   109130.0000   110924.0000    70403.0000    73365.0000
    6542.79866    12498.1000      807.7000    62934.0000    59721.0000    32582.0000    37057.0000   107035.0000   105698.0000    69646.0000    72668.0000   112378.0000   113560.0000    71586.0000    75192.0000
    6543.10074    12495.1000      805.7000    64756.0000    62144.0000    33618.0000    38518.0000   109483.0000   108568.0000    71091.0000    74575.0000   115115.0000   116464.0000    73051.0000    77308.0000
    6543.39870    12477.1000      802.7000    65533.0000    62860.0000    34226.0000    38417.0000   110210.0000   109399.0000    71581.0000    74357.0000   115791.0000   117649.0000    73531.0000    77073.0000
    6543.70082    12414.1000      796.7000    65240.0000    61266.0000    33623.0000    37823.0000   109044.0000   107815.0000    71204.0000    73756.0000   114708.0000   115965.0000    73239.0000    76318.0000
    6543.99882    12345.1000      790.7000    62742.0000    59051.0000    32504.0000    37014.0000   106093.0000   105149.0000    69922.0000    72267.0000   111482.0000   112865.0000    71802.0000    74804.0000
    6544.30098    12331.1000      790.7000    60380.0000    57354.0000    31514.0000    35928.0000   103621.0000   102855.0000    68913.0000    70784.0000   108671.0000   110330.0000    70836.0000    73185.0000
    6544.59902    12348.1000      803.7000    59437.0000    56442.0000    30538.0000    34559.0000   102351.0000   101839.0000    67106.0000    69506.0000   107182.0000   109134.0000    68858.0000    71799.0000
    6544.90122    12366.1000      815.7000    58880.0000    55950.0000    30474.0000    34570.0000   101933.0000   101053.0000    67283.0000    69324.0000   106783.0000   108255.0000    69026.0000    71581.0000
    6545.19931    12390.1000      819.7000    59554.0000    56478.0000    30927.0000    34921.0000   102667.0000   102321.0000    67665.0000    69665.0000   107685.0000   109533.0000    69479.0000    71983.0000
    6545.50155    12435.1000      818.7000    60617.0000    56985.0000    30707.0000    34885.0000   103813.0000   102186.0000    67740.0000    70375.0000   108948.0000   109558.0000    69435.0000    72624.0000
    6545.79967    12522.1000      818.7000    61417.0000    58373.0000    31658.0000    35905.0000   105259.0000   104123.0000    68736.0000    71519.0000   110564.0000   111500.0000    70589.0000    73962.0000
    6546.10195    12566.1000      817.7000    62462.0000    59060.0000    32162.0000    36557.0000   106802.0000   105111.0000    69411.0000    72159.0000   112145.0000   112837.0000    71307.0000    74674.0000
    6546.40012    12566.1000      817.7000    62052.0000    59001.0000    32378.0000    36830.0000   106119.0000   105547.0000    69648.0000    73454.0000   111433.0000   113169.0000    71529.0000    76058.0000
    6546.69830    12564.1000      816.7000    63171.0000    59159.0000    32495.0000    36813.0000   107382.0000   105614.0000    70024.0000    72508.0000   112716.0000   113316.0000    71854.0000    75017.0000
    6547.00064    12562.1000      815.7000    64405.0000    60257.0000    33235.0000    37761.0000   108888.0000   106739.0000    70523.0000    73855.0000   114385.0000   114694.0000    72512.0000    76492.0000
    6547.29887    12561.1000      812.7000    67068.0000    63424.0000    34511.0000    39012.0000   112276.0000   110186.0000    72193.0000    75258.0000   118201.0000   118481.0000    74358.0000    77981.0000
    6547.60125    12564.1000      806.7000    71485.0000    67614.0000    36755.0000    41975.0000   117308.0000   115066.0000    75044.0000    78415.0000   123834.0000   124061.0000    77307.0000    81398.0000
    6547.89952    12566.1000      800.7000    76736.0000    72725.0000    40118.0000    45045.0000   123448.0000   121381.0000    79030.0000    82293.0000   130881.0000   131349.0000    81486.0000    85576.0000
    6548.20194    12564.1000      792.7000    82048.0000    78286.0000    43112.0000    48970.0000   129951.0000   127604.0000    82601.0000    86584.0000   138134.0000   138295.0000    85290.0000    90180.0000
    6548.50025    12569.1000      783.7000    89951.0000    84811.0000    47002.0000    53120.0000   139135.0000   135355.0000    87024.0000    91925.0000   148621.0000   147214.0000    89948.0000    96039.0000
    6548.79857    12568.1000      770.7000    99862.0000    94732.0000    52843.0000    59835.0000   151220.0000   147196.0000    93918.0000    99374.0000   162591.0000   161219.0000    97479.0000   104124.0000
    6549.10106    12569.1000      758.7000   108886.0000   103140.0000    57515.0000    65065.0000   161517.0000   157004.0000    99949.0000   105773.0000   174805.0000   172874.0000   104023.0000   111259.0000
    6549.39943    12571.1000      750.7000   115869.0000   109026.0000    61582.0000    69624.0000   169753.0000   164393.0000   104565.0000   110836.0000   184817.0000   181527.0000   109010.0000   116976.0000
    6549.70196    12572.1000      744.7000   120788.0000   113816.0000    64702.0000    73042.0000   175481.0000   169807.0000   107820.0000   115178.0000   191537.0000   188099.0000   112782.0000   121747.0000
    6550.00036    12575.1000      739.7000   123513.0000   116653.0000    66156.0000    74950.0000   178445.0000   172360.0000   109774.0000   117150.0000   195580.0000   191536.0000   114899.0000   123868.0000
    6550.29879    12574.1000      737.7000   125613.0000   119121.0000    67891.0000    76099.0000   181509.0000   175739.0000   111682.0000   118558.0000   198896.0000   195406.0000   116914.0000   125583.0000
    6550.60138    12577.1000      735.7000   127810.0000   120778.0000    68752.0000    77146.0000   183987.0000   178233.0000   113097.0000   120371.0000   202066.0000   198337.0000   118485.0000   127627.0000
    6550.89984    12580.1000      732.7000   130295.0000   123010.0000    70222.0000    79118.0000   187012.0000   180779.0000   114791.0000   122562.0000   205974.0000   201478.0000   120407.0000   130052.0000
    6551.19833    12583.1000      729.7000   132621.0000   125620.0000    71371.0000    80556.0000   189600.0000   183542.0000   116090.0000   124051.0000   209058.0000   205218.0000   121760.0000   131647.0000
    6551.50098    12580.1000      723.7000   136472.0000   129215.0000    73548.0000    83291.0000   194265.0000   188316.0000   118881.0000   127212.0000   214947.0000   210714.0000   124876.0000   135544.0000
    6551.79951    12584.1000      716.7000   142026.0000   133987.0000    77268.0000    86860.0000   200431.0000   193353.0000   123385.0000   131357.0000   222646.0000   217009.0000   129939.0000   140213.0000
    6552.09805    12583.1000      709.7000   146174.0000   138762.0000    80469.0000    90445.0000   206044.0000   198781.0000   127224.0000   135666.0000   229702.0000   224315.0000   134097.0000   144865.0000
    6552.40077    12587.1000      700.7000   152150.0000   144689.0000    83980.0000    94803.0000   213415.0000   206421.0000   131153.0000   140602.0000   238638.0000   233342.0000   138846.0000   150432.0000
    6552.69935    12590.1000      688.7000   160724.0000   152646.0000    89522.0000   100228.0000   223506.0000   216042.0000   137829.0000   147717.0000   251992.0000   245848.0000   146296.0000   158739.0000
    6552.99796    12590.1000      669.7000   172994.0000   164762.0000    97373.0000   108549.0000   238300.0000   230313.0000   147142.0000   156864.0000   271459.0000   264553.0000   157140.0000   169862.0000
    6553.30074    12594.1000      650.7000   185062.0000   176022.0000   105062.0000   117469.0000   253012.0000   243652.0000   156334.0000   167959.0000   291485.0000   282752.0000   168023.0000   182870.0000
    6553.59938    12597.1000      636.7000   194385.0000   184966.0000   110695.0000   123723.0000   263939.0000   254328.0000   163515.0000   175564.0000   307305.0000   297555.0000   176265.0000   192101.0000
    6553.89805    12599.1000      617.7000   204670.0000   196471.0000   118205.0000   132739.0000   277512.0000   267683.0000   172730.0000   186134.0000   326701.0000   316516.0000   187222.0000   204910.0000
    6554.20089    12598.1000      590.7000   219914.0000   210385.0000   129692.0000   144292.0000   296063.0000   285582.0000   186984.0000   200605.0000   354660.0000   341198.0000   204291.0000   222913.0000
    6554.49959    12598.1000      567.7000   232805.0000   223728.0000   138970.0000   154628.0000   311670.0000   300981.0000   198719.0000   212992.0000   378065.0000   364112.0000   218468.0000   238577.0000
    6554.79832    12599.1000      536.7000   247566.0000   238337.0000   151256.0000   168379.0000   331716.0000   319962.0000   213980.0000   230077.0000   409772.0000   393791.0000   236622.0000   260516.0000
    6555.10122    12600.1000      505.7000   262995.0000   255188.0000   163799.0000   182311.0000   351281.0000   339351.0000   229331.0000   246931.0000   442710.0000   425339.0000   255553.0000   282588.0000
    6555.39999    12604.1000      474.7000   276824.0000   268428.0000   175926.0000   196329.0000   368996.0000   356596.0000   244382.0000   263307.0000   474818.0000   454987.0000   275364.0000   304807.0000
    6555.69878    12604.1000      439.7000   291976.0000   284108.0000   191132.0000   210820.0000   388527.0000   376317.0000   263156.0000   283156.0000   513283.0000   490900.0000   300259.0000   332225.0000
    6556.00174    12604.1000      407.7000   304387.0000   297569.0000   202088.0000   224280.0000   403728.0000   393083.0000   279291.0000   298770.0000   547777.0000   522219.0000   322307.0000   355767.0000
    6556.30056    12608.1000      384.7000   310856.0000   305894.0000   210790.0000   234835.0000   413655.0000   404369.0000   290816.0000   311884.0000   571112.0000   547321.0000   338478.0000   376118.0000
    6556.59941    12609.1000      359.7000   320432.0000   315308.0000   220594.0000   244845.0000   425861.0000   415635.0000   303257.0000   325110.0000   600137.0000   573154.0000   356639.0000   396299.0000
    6556.89828    12613.1000      337.7000   326030.0000   322916.0000   229542.0000   254397.0000   434462.0000   425410.0000   315104.0000   336511.0000   623940.0000   595910.0000   374428.0000   414791.0000
    6557.20132    12614.1000      308.7000   333511.0000   331733.0000   240958.0000   265117.0000   445245.0000   438021.0000   329769.0000   350693.0000   656908.0000   627788.0000   398085.0000   439452.0000
    6557.50023    12616.1000      292.7000   338463.0000   336516.0000   246559.0000   272472.0000   450463.0000   444713.0000   337474.0000   359996.0000   675632.0000   645875.0000   410415.0000   455145.0000
    6557.79916    12618.1000      279.7000   341149.0000   340517.0000   251718.0000   277874.0000   455204.0000   449050.0000   344747.0000   366752.0000   691852.0000   660830.0000   422357.0000   466761.0000
    6558.09811    12616.1000      271.7000   343432.0000   342967.0000   255625.0000   281741.0000   458468.0000   452417.0000   349665.0000   371675.0000   702248.0000   672136.0000   430400.0000   475827.0000
    6558.40123    12617.1000      267.7000   342324.0000   343878.0000   256765.0000   283074.0000   458548.0000   453723.0000   351428.0000   372733.0000   706060.0000   675398.0000   433676.0000   479193.0000
    6558.70022    12624.1000      268.7000   344627.0000   343757.0000   256463.0000   283294.0000   459556.0000   454184.0000   351529.0000   373261.0000   707890.0000   676051.0000   433331.0000   479570.0000
    6558.99923    12626.1000      270.7000   344163.0000   344029.0000   255328.0000   282731.0000   459388.0000   453663.0000   349702.0000   372523.0000   707201.0000   674327.0000   431267.0000   478170.0000
    6559.29826    12627.1000      275.7000   342483.0000   341501.0000   254531.0000   281129.0000   457920.0000   451594.0000   348159.0000   370231.0000   700808.0000   668909.0000   428427.0000   474326.0000
    6559.60147    12628.1000      281.7000   342254.0000   339628.0000   252234.0000   277947.0000   456101.0000   449535.0000   344911.0000   367343.0000   693712.0000   660989.0000   422920.0000   468862.0000
    6559.90054    12631.1000      289.7000   339822.0000   339430.0000   249369.0000   275270.0000   453475.0000   447177.0000   341352.0000   363820.0000   683827.0000   653912.0000   416950.0000   461466.0000
    6560.19963    12632.1000      296.7000   338042.0000   336307.0000   246340.0000   272647.0000   450948.0000   443680.0000   338080.0000   360001.0000   675986.0000   644490.0000   410614.0000   455437.0000
    6560.49874    12636.1000      304.7000   336662.0000   335037.0000   243690.0000   269387.0000   448201.0000   440781.0000   334381.0000   355416.0000   668006.0000   636774.0000   404730.0000   447542.0000
    6560.80203    12635.1000      308.7000   335065.0000   333051.0000   242447.0000   266751.0000   446994.0000   439271.0000   332059.0000   353590.0000   662118.0000   630907.0000   400703.0000   443330.0000
    6561.10118    12637.1000      311.7000   335050.0000   331691.0000   240830.0000   266238.0000   445533.0000   437917.0000   330385.0000   352292.0000   658253.0000   627931.0000   398484.0000   440974.0000
    6561.40035    12640.1000      313.7000   334224.0000   332363.0000   239762.0000   265024.0000   445002.0000   437946.0000   329691.0000   350154.0000   655698.0000   626829.0000   397260.0000   438573.0000
    6561.69954    12643.1000      315.7000   334709.0000   331091.0000   239945.0000   264560.0000   444849.0000   437078.0000   328284.0000   350777.0000   655543.0000   625355.0000   395428.0000   439017.0000
    6561.99875    12648.1000      316.7000   334105.0000   331437.0000   239177.0000   264979.0000   444972.0000   436298.0000   328732.0000   350595.0000   654215.0000   625030.0000   395585.0000   438766.0000
    6562.29798    12646.1000      318.7000   332494.0000   331500.0000   239222.0000   264662.0000   443879.0000   436657.0000   328054.0000   349729.0000   651845.0000   624935.0000   394817.0000   437589.0000
    6562.60139    12648.1000      319.7000   332829.0000   330191.0000   237865.0000   263628.0000   443655.0000   435146.0000   326737.0000   348742.0000   650258.0000   621422.0000   392758.0000   436149.0000
    6562.90066    12650.1000      321.7000   333000.0000   329564.0000   237783.0000   263392.0000   443177.0000   435020.0000   326253.0000   347838.0000   650796.0000   620026.0000   391938.0000   434835.0000
    6563.19995    12654.1000      321.7000   332315.0000   329756.0000   237469.0000   263023.0000   442406.0000   434429.0000   326260.0000   347893.0000   648537.0000   619703.0000   391911.0000   434448.0000
    6563.49926    12656.1000      322.7000   332513.0000   330006.0000   238160.0000   262824.0000   442710.0000   434981.0000   325913.0000   347870.0000   649911.0000   619960.0000   391884.0000   434221.0000
    6563.79859    12658.1000      320.7000   332617.0000   329596.0000   238405.0000   263326.0000   444118.0000   434783.0000   326402.0000   348783.0000   652649.0000   621764.0000   392858.0000   435815.0000
    6564.09795    12660.1000      318.7000   333418.0000   330725.0000   239562.0000   264211.0000   443802.0000   436513.0000   328048.0000   349693.0000   652949.0000   624705.0000   395305.0000   437327.0000
    6564.40148    12661.1000      314.7000   334316.0000   332653.0000   241140.0000   265824.0000   446119.0000   438480.0000   330159.0000   351535.0000   658363.0000   629072.0000   398483.0000   440556.0000
    6564.70087    12660.1000      312.7000   334724.0000   333076.0000   241723.0000   266729.0000   446932.0000   439317.0000   331583.0000   352979.0000   662316.0000   632625.0000   400455.0000   443391.0000
    6565.00028    12663.1000      308.7000   336628.0000   334460.0000   243121.0000   268902.0000   448354.0000   441117.0000   333491.0000   355629.0000   666030.0000   636370.0000   404091.0000   447165.0000
    6565.29971    12667.1000      306.7000   336760.0000   335272.0000   243809.0000   269784.0000   448682.0000   442209.0000   334181.0000   356820.0000   669555.0000   640252.0000   405163.0000   449666.0000
    6565.59916    12669.1000      302.7000   337351.0000   336169.0000   245451.0000   271055.0000   450421.0000   443504.0000   336124.0000   358459.0000   673212.0000   642906.0000   408312.0000   452702.0000
    6565.89864    12671.1000      301.7000   338132.0000   336818.0000   246276.0000   272035.0000   451435.0000   444348.0000   337704.0000   359424.0000   676516.0000   645297.0000   410612.0000   454501.0000
    6566.19813    12676.1000      300.7000   338702.0000   337203.0000   247305.0000   272316.0000   451852.0000   444140.0000   338597.0000   360327.0000   678003.0000   646940.0000   412054.0000   455105.0000
    6566.50180    12670.1000      300.7000   338060.0000   337812.0000   247133.0000   272386.0000   451283.0000   444950.0000   338280.0000   359751.0000   677469.0000   647855.0000   412004.0000   454819.0000
    6566.80133    12667.1000      301.7000   337939.0000   335969.0000   246895.0000   271686.0000   450296.0000   444072.0000   338312.0000   359783.0000   676461.0000   645196.0000   411374.0000   455098.0000
    6567.10089    12682.1000      302.7000   338538.0000   336451.0000   246990.0000   272573.0000   451730.0000   443920.0000   338204.0000   359549.0000   677364.0000   645338.0000   410962.0000   455063.0000
    6567.40046    12683.1000      303.7000   337340.0000   337663.0000   246089.0000   271797.0000   450796.0000   444491.0000   337547.0000   359357.0000   674681.0000   645989.0000   410375.0000   454526.0000
    6567.70005    12684.1000      304.7000   338090.0000   336199.0000   246439.0000   271288.0000   451170.0000   443167.0000   337305.0000   358752.0000   675200.0000   643592.0000   409466.0000   453530.0000
    6567.99966    12686.1000      304.7000   338016.0000   336123.0000   245749.0000   271346.0000   450396.0000   442809.0000   336946.0000   358801.0000   674108.0000   642943.0000   409068.0000   452933.0000
    6568.29930    12689.1000      306.7000   337298.0000   335619.0000   244861.0000   270373.0000   449907.0000   442830.0000   335664.0000   358036.0000   672742.0000   642457.0000   407396.0000   451972.0000
    6568.59895    12689.1000      307.7000   337783.0000   335742.0000   245008.0000   270900.0000   449878.0000   442717.0000   335714.0000   358063.0000   672247.0000   642931.0000   407897.0000   451598.0000
    6568.99852    12688.1000      307.7000   338254.0000   335583.0000   244445.0000   270578.0000   449903.0000   442985.0000   335770.0000   357579.0000   673088.0000   641350.0000   407056.0000   451020.0000
    6570.00176    12699.1000      308.7000   337611.0000   335267.0000   245369.0000   271027.0000   450101.0000   442197.0000   336290.0000   357849.0000   672234.0000   640917.0000   407274.0000   451824.0000
    6571.00106    12706.1000      311.7000   336837.0000   335083.0000   244451.0000   270634.0000   449713.0000   441780.0000   335237.0000   357268.0000   670056.0000   640404.0000   406240.0000   450605.0000
    6572.00058    12712.1000      317.7000   336745.0000   334140.0000   241932.0000   268127.0000   448283.0000   440272.0000   332282.0000   353944.0000   665557.0000   634514.0000   401990.0000   445239.0000
    6573.00032    12720.1000      325.7000   333913.0000   331777.0000   239712.0000   264790.0000   445171.0000   437621.0000   329294.0000   350126.0000   657642.0000   626667.0000   396672.0000   438871.0000
    6574.00029    12730.1000      335.7000   332162.0000   328380.0000   236255.0000   262258.0000   442254.0000   433671.0000   325048.0000   347075.0000   646792.0000   616635.0000   390007.0000   432825.0000
    6575.00048    12734.1000      344.7000   329348.0000   325962.0000   234660.0000   258579.0000   438493.0000   430186.0000   322068.0000   342467.0000   637220.0000   608855.0000   384996.0000   424596.0000
    6576.00089    12742.1000      350.7000   328470.0000   323914.0000   231581.0000   256375.0000   436903.0000   428012.0000   318376.0000   339416.0000   632444.0000   602619.0000   379569.0000   419862.0000
    6577.00153    12748.1000      354.7000   327446.0000   323808.0000   230813.0000   255192.0000   435672.0000   427546.0000   317065.0000   338015.0000   628076.0000   601115.0000   377466.0000   418097.0000
    6577.99821    12756.1000      357.7000   327406.0000   323299.0000   229189.0000   254542.0000   435690.0000   426296.0000   315228.0000   337884.0000   627183.0000   598311.0000   374755.0000   416855.0000
    6578.99929    12763.1000      361.7000   326352.0000   321894.0000   229054.0000   253744.0000   434641.0000   425543.0000   314724.0000   336641.0000   624726.0000   596254.0000   374124.0000   415302.0000
    6580.00059    12772.1000      365.7000   325217.0000   322672.0000   227796.0000   251876.0000   432851.0000   425291.0000   313230.0000   334652.0000   620629.0000   594122.0000   371653.0000   411573.0000
    6580.99793    12782.1000      369.7000   324854.0000   319834.0000   226430.0000   251385.0000   431940.0000   423093.0000   311374.0000   333703.0000   617506.0000   589960.0000   368835.0000   410074.0000
    6581.99968    12788.1000      375.7000   323402.0000   319094.0000   224732.0000   249717.0000   429531.0000   421035.0000   309433.0000   330855.0000   611398.0000   585038.0000   365835.0000   406223.0000
    6583.00164    12795.1000      383.7000   322653.0000   316060.0000   221673.0000   245373.0000   427625.0000   417055.0000   305434.0000   325876.0000   605629.0000   576222.0000   360083.0000   399377.0000
    6583.99965    12805.1000      392.7000   318878.0000   314810.0000   219063.0000   242272.0000   424258.0000   414520.0000   302013.0000   322040.0000   597268.0000   570630.0000   354711.0000   392343.0000
    6585.00206    12811.1000      401.7000   316190.0000   310506.0000   215350.0000   239805.0000   420639.0000   409970.0000   297401.0000   319122.0000   587068.0000   560625.0000   347993.0000   386677.0000
    6586.00051    12815.1000      410.7000   313764.0000   308715.0000   213331.0000   235608.0000   417447.0000   407421.0000   294621.0000   314045.0000   579180.0000   553276.0000   344008.0000   379988.0000
    6586.99918    12826.1000      418.7000   312303.0000   305000.0000   210826.0000   233683.0000   414595.0000   403360.0000   291421.0000   310664.0000   572791.0000   546060.0000   339441.0000   374680.0000
    6587.99807    12832.1000      426.7000   310407.0000   303401.0000   207737.0000   230971.0000   411597.0000   401169.0000   288074.0000   308304.0000   566513.0000   540404.0000   334398.0000   370603.0000
    6589.00136    12842.1000      433.7000   308348.0000   301653.0000   205693.0000   229190.0000   409586.0000   398527.0000   284734.0000   305198.0000   560252.0000   534731.0000   329799.0000   366289.0000
    6590.00069    12845.1000      440.7000   305281.0000   298940.0000   204291.0000   226021.0000   406719.0000   395793.0000   282536.0000   302438.0000   554152.0000   529546.0000   326867.0000   362193.0000
    6591.00025    12853.1000      445.7000   304174.0000   298192.0000   202450.0000   225089.0000   405180.0000   394394.0000   280610.0000   300614.0000   549515.0000   525868.0000   324408.0000   359116.0000
    6592.00002    12859.1000      449.7000   302579.0000   297080.0000   201362.0000   222945.0000   403199.0000   392817.0000   278696.0000   298831.0000   546227.0000   524103.0000   321344.0000   356143.0000
    6593.00001    12866.1000      451.7000   302553.0000   295201.0000   201649.0000   223903.0000   403261.0000   391491.0000   278668.0000   298869.0000   545701.0000   521278.0000   321957.0000   356425.0000
    6594.00022    12870.1000      454.7000   301984.0000   295707.0000   200534.0000   223111.0000   402653.0000   391685.0000   278224.0000   298344.0000   544431.0000   521327.0000   320817.0000   355723.0000
    6595.00065    12883.1000      455.7000   302472.0000   295050.0000   200290.0000   222812.0000   402273.0000   391639.0000   277795.0000   297644.0000   543991.0000   520899.0000   319980.0000   354646.0000
    6596.00130    12884.1000      457.7000   302154.0000   296000.0000   199641.0000   222729.0000   402008.0000   391339.0000   276734.0000   297556.0000   544360.0000   520283.0000   318834.0000   354333.0000
    6596.99798    12895.1000      458.7000   301953.0000   295202.0000   201687.0000   222132.0000   401845.0000   391327.0000   278096.0000   297435.0000   542501.0000   520346.0000   320598.0000   353930.0000
    6597.99907    12901.1000      459.7000   302136.0000   295640.0000   199433.0000   221669.0000   402327.0000   392166.0000   276708.0000   296932.0000   545202.0000   521137.0000   318595.0000   353817.0000
    6599.00038    12910.1000      457.7000   303190.0000   296971.0000   201757.0000   224120.0000   403577.0000   393103.0000   279337.0000   298821.0000   547632.0000   523226.0000   322281.0000   356789.0000
    6600.00191    12917.1000      455.7000   304235.0000   297164.0000   202881.0000   225735.0000   405402.0000   394766.0000   280986.0000   301920.0000   549823.0000   526798.0000   324815.0000   360760.0000
    6600.99946    12922.1000      452.7000   305297.0000   298947.0000   203793.0000   226015.0000   406879.0000   395909.0000   281857.0000   302046.0000   554220.0000   530257.0000   325854.0000   361349.0000
    6602.00143    12927.1000      451.7000   307390.0000   300097.0000   205240.0000   226853.0000   408834.0000   398300.0000   283794.0000   304196.0000   558088.0000   533145.0000   328546.0000   364631.0000
    6602.99942    12940.1000      448.7000   307434.0000   300759.0000   205545.0000   229085.0000   409746.0000   398724.0000   285039.0000   305885.0000   560859.0000   535957.0000   330834.0000   366978.0000
    6604.00182    12939.1000      446.7000   308461.0000   303190.0000   207173.0000   230123.0000   410723.0000   400564.0000   285951.0000   307412.0000   564138.0000   539745.0000   332398.0000   369453.0000
    6605.00025    12953.1000      445.7000   309215.0000   303500.0000   207638.0000   231238.0000   412227.0000   401878.0000   287542.0000   308596.0000   567308.0000   541985.0000   333800.0000   371474.0000
    6605.99890    12954.1000      443.7000   310083.0000   304162.0000   208929.0000   232051.0000   413812.0000   402921.0000   289289.0000   309973.0000   569141.0000   544800.0000   336625.0000   373040.0000
    6607.00196    12964.1000      443.7000   312161.0000   305144.0000   210002.0000   233498.0000   414050.0000   403931.0000   290499.0000   311215.0000   572144.0000   547262.0000   338406.0000   375346.0000
    6608.00104    12970.1000      442.7000   312533.0000   305821.0000   211491.0000   234391.0000   415995.0000   404935.0000   292269.0000   312361.0000   575373.0000   548712.0000   340854.0000   377077.0000
    6609.00033    12974.1000      440.7000   312837.0000   307422.0000   211379.0000   234970.0000   416252.0000   406361.0000   292908.0000   313349.0000   577191.0000   551822.0000   341884.0000   378585.0000
    6609.99985    12984.1000      438.7000   313934.0000   308391.0000   213021.0000   236606.0000   417889.0000   408448.0000   294661.0000   315492.0000   580923.0000   555802.0000   343741.0000   381869.0000
    6610.99958    12989.1000      435.7000   314606.0000   309158.0000   214569.0000   237741.0000   419438.0000   409670.0000   295841.0000   317209.0000   584265.0000   558682.0000   345967.0000   383975.0000
    6611.99953    12995.1000      432.7000   315607.0000   311115.0000   214928.0000   239040.0000   420817.0000   411083.0000   297214.0000   318284.0000   588144.0000   561643.0000   348415.0000   385851.0000
    6612.99970    12994.1000      429.7000   316884.0000   311235.0000   216957.0000   240313.0000   422564.0000   412479.0000   299695.0000   320173.0000   591876.0000   565071.0000   351447.0000   388982.0000
    6614.00008    13002.1000      428.7000   318061.0000   313604.0000   218125.0000   242072.0000   423368.0000   414084.0000   301458.0000   322201.0000   596031.0000   569733.0000   354203.0000   392316.0000
    6615.00068    13001.1000      424.7000   319645.0000   314082.0000   219202.0000   242482.0000   424952.0000   415550.0000   302709.0000   323108.0000   599099.0000   572743.0000   355457.0000   393732.0000
    6616.00150    12990.1000      423.7000   319382.0000   315497.0000   220251.0000   243261.0000   426239.0000   416424.0000   304158.0000   324533.0000   601712.0000   574898.0000   358483.0000   395722.0000
    6616.99833    12845.1000      418.7000   318622.0000   314617.0000   218611.0000   242854.0000   424143.0000   414705.0000   302041.0000   323312.0000   597898.0000   571288.0000   354767.0000   393942.0000
    6617.99958    12928.1000      410.7000   321679.0000   317155.0000   222547.0000   245350.0000   427961.0000   418784.0000   306570.0000   327653.0000   605822.0000   579671.0000   361679.0000   400619.0000
    6619.00105    13078.1000      419.7000   323420.0000   319197.0000   224599.0000   247967.0000   430318.0000   420926.0000   309429.0000   329972.0000   613988.0000   586300.0000   366479.0000   404704.0000
    6619.99853    13076.1000      417.7000   322672.0000   319061.0000   225376.0000   249143.0000   431057.0000   422394.0000   310324.0000   331411.0000   614910.0000   588326.0000   367172.0000   406543.0000
    6621.00043    13076.1000      415.7000   325172.0000   319835.0000   226195.0000   249554.0000   432599.0000   423072.0000   311841.0000   332957.0000   619482.0000   590493.0000   369359.0000   409348.0000
    6621.99833    13083.1000      413.7000   325576.0000   319908.0000   227597.0000   250396.0000   433688.0000   424024.0000   312832.0000   333491.0000   622052.0000   593473.0000   371908.0000   410728.0000
    6623.00067    13090.1000      412.7000   326169.0000   321831.0000   228116.0000   252443.0000   434867.0000   426146.0000   314022.0000   335074.0000   625305.0000   597738.0000   373326.0000   413094.0000
    6623.99901    13091.1000      410.7000   325956.0000   321940.0000   228128.0000   252914.0000   434580.0000   426664.0000   314562.0000   335967.0000   625944.0000   598711.0000   373240.0000   414320.0000
    6625.00177    13097.1000      409.7000   326314.0000   322696.0000   229330.0000   253700.0000   435365.0000   426978.0000   315895.0000   336792.0000   627521.0000   599720.0000   375830.0000   415988.0000
    6626.00054    13102.1000      408.7000   326975.0000   323884.0000   229624.0000   254021.0000   436546.0000   428874.0000   316915.0000   337855.0000   631102.0000   603288.0000   377408.0000   417514.0000
    6626.99952    13106.1000      408.7000   327384.0000   323572.0000   230300.0000   255252.0000   436783.0000   428723.0000   317912.0000   339488.0000   631791.0000   604480.0000   378620.0000   419679.0000
    6627.99872    13109.1000      408.7000   328085.0000   325136.0000   231616.0000   254800.0000   438114.0000   429818.0000   319104.0000   338983.0000   635062.0000   606664.0000   380356.0000   419603.0000
    6628.99814    13113.1000      407.7000   328799.0000   325625.0000   231744.0000   255567.0000   438172.0000   430231.0000   318883.0000   340091.0000   636178.0000   608349.0000   380787.0000   420822.0000
    6630.00198    13112.1000      405.7000   328938.0000   324874.0000   232644.0000   256203.0000   438977.0000   430631.0000   319975.0000   340959.0000   637391.0000   609613.0000   382065.0000   423081.0000
    6631.00183    13008.1000      405.7000   328294.0000   325066.0000   231062.0000   255634.0000   437689.0000   429014.0000   317239.0000   338967.0000   634840.0000   605963.0000   378377.0000   420063.0000
    6632.00188    12991.1000      400.7000   328311.0000   324858.0000   232170.0000   256696.0000   438497.0000   430021.0000   319610.0000   341757.0000   636212.0000   607979.0000   382060.0000   423815.0000
    6632.99793    13133.1000      403.7000   331311.0000   327645.0000   234502.0000   259163.0000   441201.0000   433494.0000   322564.0000   344297.0000   644579.0000   615326.0000   386353.0000   428069.0000
    6633.99842    13173.1000      404.7000   331142.0000   327124.0000   234882.0000   260147.0000   442133.0000   433508.0000   323852.0000   345463.0000   646400.0000   616847.0000   387995.0000   429679.0000
    6634.99912    13172.1000      404.7000   330613.0000   327789.0000   234403.0000   260361.0000   441856.0000   433923.0000   323544.0000   345953.0000   646508.0000   618082.0000   387218.0000   430664.0000
    6636.00004    13173.1000      405.7000   330464.0000   328952.0000   234919.0000   259694.0000   442049.0000   434914.0000   323991.0000   344428.0000   645766.0000   618967.0000   388150.0000   429172.0000
    6637.00117    13182.1000      407.7000   330870.0000   328247.0000   234968.0000   259618.0000   441552.0000   433891.0000   323310.0000   344524.0000   645868.0000   617798.0000   388036.0000   429120.0000
    6637.99829    13182.1000      409.7000   330684.0000   326330.0000   234778.0000   258297.0000   441321.0000   432956.0000   323622.0000   343172.0000   644892.0000   615622.0000   387570.0000   426674.0000
    6638.99984    13192.1000      413.7000   329395.0000   326422.0000   232993.0000   257382.0000   440390.0000   432164.0000   321496.0000   342641.0000   641369.0000   613215.0000   384401.0000   426233.0000
