XDAC V1.2 Datafile V1
"fe.061" created on 10/3/02 at 10:47:51 PM on X-11A
Ring energy= 2.58 GeV
E0= 7112.00
NUM_REGIONS= 3
SRB= -200 -20 20 22k
SRSS= 5 0.5 0.05k
SPP= 2 2 2
Settling time= 0.50


Offsets= 9925.80 9914.40
Gains= 7.00 7.00
Iron foil, I0: 50%N2, It:N2


--------------------------------------------------------------------------------
        Energy            I0            It
    6911.98862    38457.4000    36776.2000
    6916.99353    38329.4000    36742.2000
    6922.00600    38222.4000    36735.2000
    6927.00070    38137.4000    36759.2000
    6932.00293    38033.4000    36761.2000
    6937.01271    37789.4000    36597.2000
    6942.00457    37919.4000    36831.2000
    6947.00394    37884.4000    36893.2000
    6952.01083    37786.4000    36899.2000
    6956.99966    37755.4000    36958.2000
    6961.99597    37735.4000    37052.2000
    6966.99978    37707.4000    37137.2000
    6972.01110    37649.4000    37168.2000
    6977.00420    37632.4000    37248.2000
    6982.00476    37501.4000    37211.2000
    6987.01281    37369.4000    37175.2000
    6992.00249    37280.4000    37186.2000
    6996.99961    37148.4000    37144.2000
    7002.00419    37016.4000    37105.2000
    7006.99026    36895.4000    37083.2000
    7012.00977    36790.4000    37077.2000
    7017.01072    36608.4000    36978.2000
    7021.99301    36534.4000    37002.2000
    7027.00883    36379.4000    36927.2000
    7032.00595    36227.4000    36865.2000
    7037.01049    36108.4000    36826.2000
    7041.99620    35908.4000    36705.2000
    7046.98928    35364.4000    36237.2000
    7051.98975    35559.4000    36506.2000
    7056.99763    35297.4000    36308.2000
    7062.01293    35081.4000    36157.2000
    7067.00921    34806.4000    35921.2000
    7072.01286    34366.4000    35522.2000
    7076.99738    34657.4000    35843.2000
    7081.98922    34429.4000    35626.2000
    7086.98841    34326.4000    35490.2000
    7091.99496    34269.4000    35309.2000
    7092.50135    34271.4000    35299.2000
    7093.00782    34273.4000    35283.2000
    7093.48770    34257.4000    35242.2000
    7093.99431    34224.4000    35181.2000
    7094.50100    34202.4000    35126.2000
    7095.00777    34243.4000    35143.2000
    7095.48793    34160.4000    35027.2000
    7095.99484    34066.4000    34892.2000
    7096.50183    34149.4000    34926.2000
    7097.00889    34208.4000    34948.2000
    7097.48933    34210.4000    34892.2000
    7097.99654    34206.4000    34824.2000
    7098.50383    34194.4000    34745.2000
    7099.01119    34190.4000    34654.2000
    7099.49192    34200.4000    34581.2000
    7099.99942    34208.4000    34478.2000
    7100.50701    34213.4000    34336.2000
    7100.98794    34235.4000    34209.2000
    7101.49568    34251.4000    34017.2000
    7102.00348    34251.4000    33777.2000
    7102.51136    34234.4000    33384.2000
    7102.99258    34235.4000    32917.2000
    7103.50061    34240.4000    32118.2000
    7104.00872    34245.4000    30744.2000
    7104.49015    34241.4000    28735.2000
    7104.99840    34212.4000    25158.2000
    7105.50673    34200.4000    21879.2000
    7105.98838    34185.4000    19301.2000
    7106.49685    34187.4000    17522.2000
    7107.00541    34176.4000    16297.2000
    7107.48726    34174.4000    15257.2000
    7107.99596    34149.4000    14417.2000
    7108.50474    34141.4000    13715.2000
    7108.98680    34141.4000    13333.2000
    7109.49573    34172.4000    13102.2000
    7110.00473    34201.4000    12939.2000
    7110.48701    34223.4000    12730.2000
    7110.99615    34243.4000    12249.2000
    7111.50538    34256.4000    11498.2000
    7111.98787    34270.4000    10526.2000
    7112.49724    34283.4000     9501.2000
    7113.00669    34279.4000     8566.2000
    7113.48939    34272.4000     7660.2000
    7113.99899    34264.4000     6861.2000
    7114.50866    34264.4000     6037.2000
    7114.99157    34259.4000     5455.2000
    7115.50139    34261.4000     4942.2000
    7116.01129    34251.4000     4547.2000
    7116.49442    34265.4000     4271.2000
    7117.00446    34246.4000     3998.2000
    7117.48773    34241.4000     3807.2000
    7117.99792    34224.4000     3614.2000
    7118.50819    34220.4000     3449.2000
    7118.99167    34206.4000     3314.2000
    7119.50209    34133.4000     3170.2000
    7120.01258    34127.4000     3045.2000
    7120.49628    34106.4000     2906.2000
    7121.00692    34082.4000     2769.2000
    7121.49076    34054.4000     2619.2000
    7122.00155    34030.4000     2447.2000
    7122.51241    34003.4000     2292.2000
    7122.99646    33978.4000     2133.2000
    7123.50748    33950.4000     1995.2000
    7123.99167    33927.4000     1880.2000
    7124.50283    33910.4000     1808.2000
    7124.98716    33899.4000     1789.2000
    7125.49848    33875.4000     1824.2000
    7126.00987    33845.4000     1897.2000
    7126.49441    33831.4000     2010.2000
    7127.00595    33830.4000     2138.2000
    7127.49064    33835.4000     2271.2000
    7128.00232    33862.4000     2403.2000
    7128.48715    33899.4000     2509.2000
    7128.99899    33907.4000     2608.2000
    7129.51090    33925.4000     2675.2000
    7129.99594    33936.4000     2720.2000
    7130.50800    33952.4000     2742.2000
    7130.99318    33942.4000     2739.2000
    7131.50540    33914.4000     2714.2000
    7132.88066    33883.4000     2584.2000
    7133.77083    33822.4000     2486.2000
    7134.71520    33813.4000     2416.2000
    7135.63284    33820.4000     2398.2000
    7136.60473    33809.4000     2420.2000
    7137.57689    33821.4000     2458.2000
    7138.57634    33800.4000     2475.2000
    7139.60311    33783.4000     2445.2000
    7140.63019    33760.4000     2362.2000
    7141.68462    33741.4000     2240.2000
    7142.76642    33718.4000     2119.2000
    7143.84856    33708.4000     2038.2000
    7144.95811    33689.4000     1991.2000
    7146.09509    33658.4000     1954.2000
    7147.23245    33644.4000     1930.2000
    7148.39729    33601.4000     1927.2000
    7149.58962    33601.4000     1952.2000
    7150.80947    33581.4000     1984.2000
    7152.02976    33550.4000     2004.2000
    7153.27762    33530.4000     2008.2000
    7154.52593    33493.4000     2010.2000
    7155.80184    33456.4000     2022.2000
    7157.10540    33441.4000     2047.2000
    7158.43662    33426.4000     2081.2000
    7159.76835    33380.4000     2106.2000
    7161.12780    33325.4000     2122.2000
    7162.51499    33286.4000     2136.2000
    7163.90273    33256.4000     2159.2000
    7165.31827    33230.4000     2202.2000
    7166.76163    33210.4000     2274.2000
    7168.20559    33192.4000     2370.2000
    7169.67742    33180.4000     2485.2000
    7171.17715    33164.4000     2605.2000
    7172.67754    33146.4000     2711.2000
    7174.23317    33146.4000     2769.2000
    7175.76220    33152.4000     2769.2000
    7177.34655    33136.4000     2734.2000
    7178.93164    33128.4000     2670.2000
    7180.54479    33115.4000     2563.2000
    7182.15871    33113.4000     2443.2000
    7183.80075    33119.4000     2327.2000
    7185.47096    33105.4000     2204.2000
    7187.14198    33070.4000     2095.2000
    7188.84122    32992.4000     2042.2000
    7190.56873    33012.4000     2075.2000
    7192.29710    33016.4000     2165.2000
    7194.08124    33001.4000     2305.2000
    7195.83884    33018.4000     2478.2000
    7197.65230    33003.4000     2679.2000
    7199.46671    32989.4000     2877.2000
    7201.28208    32988.4000     3012.2000
    7203.15345    32992.4000     3008.2000
    7205.02583    32999.4000     2829.2000
    7206.92679    32996.4000     2493.2000
    7208.82878    32987.4000     2113.2000
    7210.75942    32903.4000     1764.2000
    7212.69113    32913.4000     1526.2000
    7214.67915    32915.4000     1411.2000
    7216.66831    32904.4000     1426.2000
    7218.65862    32897.4000     1562.2000
    7220.67774    32893.4000     1799.2000
    7222.72571    32886.4000     2085.2000
    7224.80260    32883.4000     2409.2000
    7226.88073    32885.4000     2744.2000
    7228.98783    32892.4000     3022.2000
    7231.09622    32905.4000     3189.2000
    7233.23365    32897.4000     3237.2000
    7235.40018    32901.4000     3183.2000
    7237.56806    32909.4000     3054.2000
    7239.76511    32907.4000     2907.2000
    7241.99139    32896.4000     2792.2000
    7244.21909    32868.4000     2755.2000
    7246.47610    32815.4000     2784.2000
    7248.76245    32746.4000     2864.2000
    7251.05031    32598.4000     2928.2000
    7253.36760    31972.4000     2864.2000
    7255.68643    32797.4000     2854.2000
    7258.03477    32709.4000     2760.2000
    7260.41268    32674.4000     2707.2000
    7262.79220    32662.4000     2655.2000
    7265.20138    32689.4000     2539.2000
    7267.64025    32712.4000     2382.2000
    7270.08083    32738.4000     2286.2000
    7272.52312    32768.4000     2257.2000
    7275.02332    32768.4000     2211.2000
    7277.52530    32167.4000     2080.2000
    7280.02908    32851.4000     2010.2000
    7282.59097    32871.4000     1923.2000
    7285.12656    32802.4000     1933.2000
    7287.72039    32814.4000     2105.2000
    7290.31614    32820.4000     2365.2000
    7292.94206    32804.4000     2619.2000
    7295.56995    32765.4000     2826.2000
    7298.22810    32742.4000     2995.2000
    7300.88826    32697.4000     3123.2000
    7303.57877    32648.4000     3196.2000
    7306.29969    32580.4000     3187.2000
    7309.02273    32519.4000     3146.2000
    7311.77627    32484.4000     3144.2000
    7314.53197    32435.4000     3154.2000
    7317.31827    32378.4000     3161.2000
    7320.13525    32299.4000     3150.2000
    7322.95448    32228.4000     3135.2000
    7325.80448    32169.4000     3152.2000
    7328.68532    32101.4000     3233.2000
    7331.53996    32040.4000     3325.2000
    7334.45407    31994.4000     3362.2000
    7337.37059    31988.4000     3313.2000
    7340.31816    31982.4000     3158.2000
    7343.26818    31979.4000     2958.2000
    7346.24935    31901.4000     2763.2000
    7349.26173    31883.4000     2593.2000
    7352.27668    31853.4000     2438.2000
    7355.29420    31794.4000     2305.2000
    7358.34308    31770.4000     2221.2000
    7361.42338    31736.4000     2201.2000
    7364.53518    31700.4000     2245.2000
    7367.62087    31646.4000     2370.2000
    7370.76700    31581.4000     2621.2000
    7373.91592    31549.4000     3017.2000
    7377.06764    31528.4000     3437.2000
    7380.28006    31515.4000     3670.2000
    7383.46642    31471.4000     3671.2000
    7386.71364    31457.4000     3570.2000
    7389.93480    31414.4000     3455.2000
    7393.21699    31359.4000     3382.2000
    7396.50222    31240.4000     3370.2000
    7399.79047    30717.4000     3313.2000
    7403.11091    31750.4000     3390.2000
    7406.46361    31494.4000     3328.2000
    7409.81946    31386.4000     3308.2000
    7413.17847    31333.4000     3326.2000
    7416.59915    31301.4000     3391.2000
    7419.99383    31243.4000     3486.2000
    7423.45034    31108.4000     3515.2000
    7426.88087    31007.4000     3499.2000
    7430.37342    30926.4000     3468.2000
    7433.86938    30834.4000     3371.2000
    7437.36876    30764.4000     3208.2000
    7440.90100    30676.4000     3038.2000
    7444.43674    30600.4000     2934.2000
    7448.00547    30527.4000     2904.2000
    7451.60729    30484.4000     2917.2000
    7455.21272    30438.4000     2944.2000
    7458.85138    30410.4000     3011.2000
    7462.49373    30381.4000     3138.2000
    7466.13977    30368.4000     3277.2000
    7469.81919    30364.4000     3387.2000
    7473.53210    30389.4000     3463.2000
    7477.24885    30395.4000     3563.2000
    7480.99921    30385.4000     3694.2000
    7484.75347    30399.4000     3817.2000
    7488.54149    30394.4000     3881.2000
    7492.33349    30367.4000     3861.2000

    7496.12948    30335.4000     3796.2000
    7499.98933    30278.4000     3733.2000
    7503.82334    30225.4000     3693.2000
    7507.69142    30169.4000     3691.2000
    7511.59367    30095.4000     3718.2000
    7515.50013    30054.4000     3731.2000
    7519.44090    30027.4000     3718.2000
    7523.38596    30029.4000     3687.2000
    7527.36549    30007.4000     3660.2000
    7531.34938    29922.4000     3660.2000
    7535.33765    29987.4000     3711.2000
    7539.39083    30023.4000     3765.2000
    7543.41823    30023.4000     3799.2000
    7547.48043    30001.4000     3781.2000
    7551.57754    30001.4000     3697.2000
    7555.67926    29988.4000     3597.2000
    7559.78560    29967.4000     3546.2000
    7563.92704    29927.4000     3570.2000
    7568.10369    29729.4000     3641.2000
    7572.28512    29846.4000     3791.2000
    7576.47135    29786.4000     3925.2000
    7580.69299    29681.4000     4006.2000
    7584.91951    29621.4000     4046.2000
    7589.18159    29516.4000     4038.2000
    7593.44864    29439.4000     4002.2000
    7597.75142    29338.4000     3979.2000
    7602.05926    29067.4000     3974.2000
    7606.37216    29273.4000     4072.2000
    7610.72099    29219.4000     4117.2000
    7615.10588    29154.4000     4090.2000
    7619.49601    29068.4000     4023.2000
    7623.89139    28980.4000     3981.2000
    7628.32303    28943.4000     4002.2000
    7632.76001    28750.4000     4050.2000
    7637.23343    28836.4000     4152.2000
    7641.71229    28718.4000     4215.2000
    7646.22774    28765.4000     4264.2000
    7650.74873    28224.4000     4207.2000
    7655.27526    28640.4000     4280.2000
    7659.83862    28612.4000     4256.2000
    7664.40761    28660.4000     4223.2000
    7669.01361    28608.4000     4171.2000
    7673.62534    28627.4000     4137.2000
    7678.27425    28613.4000     4111.2000
    7682.92900    28562.4000     4125.2000
    7687.58960    28487.4000     4175.2000
    7692.28760    28417.4000     4228.2000
    7696.99156    28326.4000     4261.2000
    7701.73310    28262.4000     4291.2000
    7706.48069    28127.4000     4326.2000
    7711.23435    28442.4000     4442.2000
    7716.02584    28172.4000     4467.2000
    7720.82349    28037.4000     4481.2000
    7725.65916    27934.4000     4465.2000
    7730.50110    27850.4000     4448.2000
    7735.38124    27780.4000     4446.2000
    7740.26777    27766.4000     4468.2000
    7745.16069    27832.4000     4495.2000
    7750.06001    27361.4000     4419.2000
    7755.02992    25639.4000     4160.2000
    7759.97431    26058.4000     4272.2000
    7764.95739    26474.4000     4400.2000
    7769.94710    26516.4000     4461.2000
    7774.97571    26527.4000     4499.2000
    7780.01105    26479.4000     4521.2000
    7785.05314    26442.4000     4547.2000
    7790.13439    26420.4000     4570.2000
    7795.22250    26402.4000     4572.2000
    7800.34997    26424.4000     4574.2000
    7805.45190    26441.4000     4575.2000
    7810.62587    26441.4000     4583.2000
    7815.77432    26389.4000     4594.2000
    7820.96245    25390.4000     4440.2000
    7826.19041    26310.4000     4615.2000
    7831.39285    26320.4000     4626.2000
    7836.63525    26060.4000     4599.2000
    7841.91773    26036.4000     4621.2000
    7847.20759    26077.4000     4656.2000
    7852.50483    26084.4000     4683.2000
    7857.80947    26048.4000     4721.2000
    7863.15454    26008.4000     4764.2000
    7868.50713    25957.4000     4798.2000
    7873.90037    25888.4000     4831.2000
    7879.30126    25788.4000     4854.2000
    7884.70981    25737.4000     4875.2000
    7890.15930    25681.4000     4885.2000
    7895.61657    25567.4000     4902.2000
    7901.08166    25442.4000     4915.2000
    7906.55456    25361.4000     4924.2000
    7912.06876    25343.4000     4949.2000
    7917.62439    25311.4000     4976.2000
    7923.15456    25237.4000     5003.2000
    7928.72630    25134.4000     5008.2000
    7934.30614    25009.4000     4982.2000
    7939.92779    24958.4000     4976.2000
    7945.55767    24948.4000     4995.2000
    7951.19581    24933.4000     5024.2000
    7956.84222    24871.4000     5044.2000
    7962.53080    24865.4000     5063.2000
    7968.22780    24817.4000     5058.2000
    7973.96720    24837.4000     5064.2000
    7979.71515    24763.4000     5071.2000
    7985.47166    24818.4000     5122.2000
    7991.23676    24716.4000     5140.2000
    7997.04465    24587.4000     5139.2000
    8002.86126    24398.4000     5127.2000
    8008.68662    24269.4000     5137.2000
    8014.55508    24076.4000     5132.2000
    8020.43243    23919.4000     5130.2000
    8026.31868    23758.4000     5127.2000
    8032.21386    23602.4000     5128.2000
    8038.15254    23465.4000     5129.2000
    8044.10029    23214.4000     5107.2000
    8050.05714    23166.4000     5137.2000
    8056.05781    23104.4000     5162.2000
    8062.06771    23068.4000     5201.2000
    8068.08688    22953.4000     5225.2000
    8074.15021    22815.4000     5229.2000
    8080.18802    22702.4000     5231.2000
    8086.27014    22560.4000     5216.2000
    8092.39674    22555.4000     5215.2000
    8098.49785    22342.4000     5165.2000
    8104.64359    22216.4000     5148.2000
    8110.79897    22085.4000     5142.2000
    8116.99926    22001.4000     5162.2000
    8123.17402    21918.4000     5183.2000
    8129.39385    21837.4000     5185.2000
    8135.62351    21758.4000     5187.2000
    8141.89850    21641.4000     5183.2000
    8148.14795    21475.4000     5172.2000
    8154.44289    21421.4000     5188.2000
    8160.78353    21370.4000     5203.2000
    8167.09863    21323.4000     5217.2000
    8173.45958    21281.4000     5245.2000
    8179.83076    21219.4000     5273.2000
    8186.21219    21119.4000     5290.2000
    8192.60389    20827.4000     5250.2000
    8199.04188    20982.4000     5316.2000
    8205.49031    20886.4000     5321.2000
    8211.94921    20760.4000     5320.2000
    8218.41860    20608.4000     5318.2000
    8224.93473    20550.4000     5347.2000
    8231.46152    20509.4000     5377.2000
    8237.99900    20468.4000     5394.2000
    8244.54719    20443.4000     5412.2000
    8251.14258    20393.4000     5417.2000
    8257.71232    20302.4000     5413.2000
    8264.32945    20243.4000     5423.2000
    8270.99416    20134.4000     5422.2000
    8277.63324    20122.4000     5450.2000
    8284.32008    20075.4000     5468.2000
    8291.01807    20042.4000     5490.2000
    8297.72722    20009.4000     5507.2000
    8304.44757    19684.4000     5443.2000
    8311.17913    19887.4000     5522.2000
    8317.95903    19832.4000     5536.2000
    8324.75033    19696.4000     5533.2000
    8331.55306    19536.4000     5521.2000
    8338.40452    19405.4000     5514.2000
    8345.23026    19265.4000     5508.2000
    8352.10492    19187.4000     5524.2000
    8358.99124    19127.4000     5536.2000
    8365.88927    19080.4000     5553.2000
    8372.79903    19020.4000     5574.2000
    8379.75820    19055.4000     5623.2000
    8386.69158    19009.4000     5647.2000
    8393.67455    18945.4000     5663.2000
    8400.66951    18852.4000     5663.2000
    8407.67648    18809.4000     5684.2000
    8414.73346    18681.4000     5681.2000
    8421.80265    18714.4000     5721.2000
    8428.84596    18701.4000     5741.2000
    8435.93958    18735.4000     5779.2000
    8443.04550    18817.4000     5830.2000
    8450.20205    18891.4000     5883.2000
    8457.33273    18963.4000     5939.2000
    8464.51424    18930.4000     5963.2000
    8471.70830    18911.4000     5995.2000
    8478.91496    18817.4000     5994.2000
    8486.13424    18781.4000     6015.2000
    8493.36619    18732.4000     6037.2000
    8500.64959    18697.4000     6060.2000
    8507.94586    18662.4000     6087.2000
    8515.21611    18623.4000     6108.2000
    8522.53813    18630.4000     6146.2000
    8529.87311    18590.4000     6165.2000
    8537.26021    18533.4000     6180.2000
    8544.62129    18481.4000     6199.2000
    8552.03469    18434.4000     6219.2000
    8559.46133    18431.4000     6251.2000
    8566.86185    18416.4000     6282.2000
    8574.31501    18445.4000     6327.2000
    8581.82105    18475.4000     6374.2000
    8589.30100    18481.4000     6411.2000
    8596.79437    18400.4000     6421.2000
    8604.34094    18317.4000     6431.2000
    8611.90115    18243.4000     6444.2000
    8619.47502    18183.4000     6456.2000
    8627.06260    18138.4000     6472.2000
    8634.66392    18061.4000     6476.2000
    8642.27901    17979.4000     6477.2000
    8649.94812    17876.4000     6467.2000
    8657.59095    17732.4000     6448.2000
    8665.28802    17600.4000     6436.2000
    8672.99916    17309.4000     6361.2000
    8680.68393    17238.4000     6371.2000
    8688.42326    17216.4000     6398.2000
    8696.21741    16907.4000     6318.2000
    8703.98524    16742.4000     6289.2000
    8711.76733    16542.4000     6246.2000
    8719.60459    16415.4000     6231.2000
    8727.41541    16290.4000     6217.2000
    8735.28162    16224.4000     6227.2000
    8743.16242    16324.4000     6296.2000
    8751.05782    16090.4000     6234.2000
    8758.96789    15846.4000     6170.2000
    8766.89265    15964.4000     6250.2000
    8774.83215    15711.4000     6183.2000
    8782.82790    13584.4000     5377.2000
    8790.79708    16054.4000     6394.2000
    8798.82274    15764.4000     6315.2000
    8806.82176    15586.4000     6276.2000
    8814.87750    15414.4000     6239.2000
    8822.94838    15276.4000     6215.2000
    8831.03445    15042.4000     6152.2000
    8839.13575    15024.4000     6174.2000
    8847.25231    14790.4000     6111.2000
    8855.38419    14750.4000     6130.2000
    8863.53143    14676.4000     6131.2000
    8871.73639    13975.4000     5871.2000
    8879.91455    14422.4000     6089.2000
    8888.15068    14357.4000     6094.2000
    8896.35993    14255.4000     6084.2000
    8904.62741    14233.4000     6105.2000
    8912.91068    14121.4000     6088.2000
    8921.20976    14021.4000     6076.2000
    8929.52472    14061.4000     6123.2000
    8937.85559    14006.4000     6132.2000
    8946.20242    13964.4000     6143.2000
    8954.56525    13927.4000     6161.2000
    8962.94414    13826.4000     6148.2000
