# Run:  mar03_100_a.    Mon Mar 24 20:01:49 2003                                  
# Cu foil, 4 micron, T=30 K slot 2, Cu foil reference                             
# 0.5x3.0 mm slits; monhgap=4mm; region Cuk15                                     
# 96.5 mA                                                                         
# N2 I0 I1 I2; gains 1^-7, 2^-9, 2^-10                                            
# 10-1 unfocused  1.234 -6 Si(220) 1.920156    50000                              
#                                                                                 
# sug ver 1.246 Tot glitches =    0, dead-time with Nb250kmar0                    
# Marked channels:  5  7 14 15 16 17 22 24 25 26 27 28 29 30 31 32.               
# * FLUORESCSENCE; P= -1.00 REMOVED FROM  8800. TO  8900. EV, ORDER=  1           
# CBY:E0= 8983.0;6 ORD FROM  9025.8-  9863.(K=15.2);P=1.0;WT=2;Efix= 9012.3       
# ----------------------------------------------------
  0.333193988 -0.0991164073
  0.450340956 -0.129262134
  0.543002903 -0.150556743
  0.621804535 -0.16611506
  0.691871345 -0.17737098
  0.755467474 -0.182816401
  0.81395328 -0.184310809
  0.868657053 -0.181706399
  0.920114219 -0.176861882
  0.968842268 -0.166636467
  1.01523423 -0.154225603
  1.0592339 -0.137569577
  1.1011281 -0.119545527
  1.14215946 -0.10252288
  1.18176711 -0.0827389807
  1.22008955 -0.0624566264
  1.25724459 -0.0423879027
  1.29333246 -0.0211223643
  1.32844043 -0.00289258524
  1.36264408  0.0138296587
  1.40461564  0.0296284072
  1.46264982  0.0466896594
  1.52007079  0.0513968915
  1.57727063  0.0439112931
  1.63380206  0.0286185779
  1.68988359  0.00968847331
  1.74585271 -0.0141568836
  1.80122149 -0.0288089123
  1.85632002 -0.0436543562
  1.91130579 -0.0454309657
  1.96592736 -0.0260792803
  2.02027774  0.00791233964
  2.07462573  0.0483919308
  2.12854958  0.0796234459
  2.18231583  0.0899202749
  2.23616529  0.0747473463
  2.28958845  0.0438135862
  2.34277773  0.0128508052
  2.39580345 -0.0189968515
  2.44888449 -0.0471999384
  2.50186443 -0.0767676756
  2.55469918 -0.104124606
  2.60720062 -0.123530984
  2.65987086 -0.128086776
  2.71260524 -0.125249311
  2.76502943 -0.119670853
  2.81720614 -0.10099344
  2.86955094 -0.0817270726
  2.92165995 -0.0493470132
  2.97380424 -0.0165109094
  3.0258975  0.0120063797
  3.07794213  0.039784871
  3.12969446  0.0736696869
  3.18165278  0.102242738
  3.23352933  0.12620084
  3.28517222  0.139390483
  3.33689952  0.120700687
  3.38863158  0.0829207972
  3.44029379  0.0370146856
  3.49170542 -0.00605835766
  3.54323959 -0.0483607799
  3.59474826 -0.0791020095
  3.64633775 -0.100657761
  3.69779706 -0.106785715
  3.7491653 -0.0967117026
  3.80041289 -0.0756416246
  3.85164428 -0.058088474
  3.90295863 -0.0526117645
  3.95428777 -0.055776529
  4.0055995 -0.0598369911
  4.05670452 -0.0579394959
  4.10792255 -0.0450272262
  4.15903425 -0.0178998746
  4.21016407 -0.00158660288
  4.26128292 -0.0138208689
  4.31224155 -0.00643322943
  4.36328077  0.00935634878
  4.41433954  0.0417308919
  4.46538877  0.072062321
  4.51628685  0.0904142633
  4.56729126  0.108229272
  4.61828709  0.125966668
  4.66927576  0.153583169
  4.72014761  0.194000632
  4.77112246  0.216017276
  4.82201004  0.225651413
  4.8728137  0.208570048
  4.923666  0.161439076
  4.97451353  0.107868947
  5.02522945  0.0528629906
  5.07604456 -0.00391394598
  5.12690639 -0.0518516935
  5.17773867 -0.0731799081
  5.22846985 -0.0875537619
  5.27924681 -0.113355212
  5.32987738 -0.168593958
  5.38067436 -0.22903201
  5.43149185 -0.273307979
  5.48211956 -0.28921482
  5.53279352 -0.268746883
  5.58355856 -0.216901645
  5.63425303 -0.149644539
  5.68492365 -0.0841049254
  5.73557138 -0.0245975647
  5.78615284  0.0180986766
  5.83677864  0.0396129116
  5.88742638  0.0208554566
  5.9379878 -0.00830086414
  5.98863602 -0.0023051016
  6.03926277  0.0558664985
  6.08984756  0.160139903
  6.14041233  0.297348291
  6.19099903  0.373860151
  6.24160719  0.397951424
  6.29215431  0.388454348
  6.34278393  0.358956456
  6.39331341  0.320625275
  6.44378471  0.260962635
  6.49433756  0.165341273
  6.54487181  0.020747548
  6.59538841 -0.128233284
  6.64594555 -0.285550654
  6.69654179 -0.435753912
  6.74698687 -0.540651441
  6.79747295 -0.559999466
  6.84801626 -0.474828005
  6.89846945 -0.349108934
  6.94897985 -0.191206425
  6.99941826 -0.0465333201
  7.04995108  0.0806877762
  7.10044956  0.152859807
  7.15089512  0.15002422
  7.20129108  0.102905661
  7.25177813  0.0561205484
  7.30223227  0.0246509984
  7.35270643  0.0110411663
  7.40316534 -0.0144674918
  7.45360947 -0.064100042
  7.50405645 -0.0745148733
  7.55443764 -0.0106486725
  7.60477161  0.119702205
  7.65521049  0.269863278
  7.7056179  0.357016742
  7.75604534  0.377277762
  7.80647564  0.374120295
  7.85689163  0.33578375
  7.90731144  0.240838692
  7.95773315  0.110043786
  8.00815773 -0.0450151972
  8.05852127 -0.179993212
  8.10885715 -0.275390565
  8.15927505 -0.313999921
  8.20966434 -0.319755495
  8.25999355 -0.283272445
  8.3104353 -0.231372267
  8.36083317 -0.18904908
  8.41115856 -0.177327767
  8.46151733 -0.163528606
  8.51192379 -0.145450905
  8.56227398 -0.113620773
  8.61261272 -0.0583178587
  8.66295528  0.0107959602
  8.71331501  0.0607688427
  8.7636919  0.105967596
  8.814044  0.122553758
  8.86435604  0.131260008
  8.91471481  0.15269731
  8.96500397  0.187061712
  9.01535511  0.227741435
  9.06575108  0.267366618
  9.11607933  0.267276883
  9.16638374  0.214752898
  9.21666336  0.132126763
  9.26700306  0.0449008606
  9.31731796 -0.037271101
  9.36769104 -0.100030221
  9.41799927 -0.122069031
  9.46832371 -0.0954027921
  9.51863766 -0.0554048941
  9.56891537 -0.0413351208
  9.61926365 -0.0886600986
  9.66954803 -0.1790898
  9.71985054 -0.239956468
  9.77018166 -0.240136221
  9.82048988 -0.186745092
  9.87073708 -0.139656872
  9.92101383 -0.110188723
  9.97132015 -0.062517263
  10.0216417 -0.0182280447
  10.0719538  0.0125729041
  10.1222057  0.0421786979
  10.1725006  0.0752010867
  10.2228107  0.105439268
  10.2731104  0.132095516
  10.3233528  0.159650892
  10.3736353  0.172550187
  10.4239464  0.177664191
  10.4742479  0.181658328
  10.5245037  0.166453779
  10.5747757  0.111475639
  10.6250505  0.0274575241
  10.6752815 -0.0531682782
  10.7255516 -0.0998591557
  10.7758493 -0.10792686
  10.8261375 -0.0786710531
  10.8763952 -0.0357433073
  10.9266653  0.00792231411
  10.9769535  0.0252940245
  11.0271969  0.00861947332
  11.0774784 -0.0382970572
  11.1277514 -0.0962864831
  11.1779947 -0.133950174
  11.228241 -0.123704553
  11.2784786 -0.106600739
  11.3287992 -0.117345564
  11.3790436 -0.126396328
  11.4292583 -0.113558397
  11.4795103 -0.0801837295
  11.5297651 -0.0210584681
  11.5799904  0.0325503722
  11.6302633  0.0839498192
  11.6805391  0.151705578
  11.7307749  0.216450766
  11.781024  0.257376134
  11.8312559  0.250529319
  11.8815231  0.200658724
  11.9317932  0.100314721
  11.9820127 -0.00160527427
  12.0322037 -0.0649390519
  12.0824308 -0.0846277103
  12.1326818 -0.085170798
  12.1829042 -0.0766113549
  12.2331734 -0.0604494549
  12.2834558 -0.0363367051
  12.3336868 -0.017811073
  12.383893 -0.0104536973
  12.4341221 -0.0220200717
  12.4843235 -0.0243035704
  12.5345688 -0.0392821021
  12.5848379 -0.0628143921
  12.6350489 -0.0796838403
  12.6852541 -0.0814880431
  12.7354927 -0.0675062761
  12.7857637 -0.0373716652
  12.835989 -0.00955955498
  12.8861961  0.00678464305
  12.9364176  0.0256091449
  12.9866314  0.0449765287
  13.0368681  0.0864087269
  13.0870895  0.109091662
  13.1373234  0.100087911
  13.1875305  0.0784790814
  13.2377214  0.0638606399
  13.2879362  0.0551773459
  13.3381433  0.0408751257
  13.3883743  0.00873706024
  13.4385872 -0.0227380842
  13.4888334 -0.0311141796
  13.5390444 -0.0289214402
  13.5892487 -0.0268085133
  13.6394749 -0.0291336924
  13.6896667 -0.0404371507
  13.7398624 -0.0391680859
  13.7900801 -0.0435060486
  13.8402901 -0.0396854132
  13.8905315 -0.045958966
  13.9407396 -0.0591397025
  13.9909496 -0.0672699288
  14.0411549 -0.0738305598
  14.0913267 -0.0697113201
  14.1415644 -0.0509297065
  14.1917419 -0.0210093781
  14.2419586  0.0254444946
  14.2921696  0.0517451242
  14.3423834  0.0641521737
  14.3925743  0.06722074
  14.4428205  0.0486819968
  14.492981  0.0226654876
  14.5431538  0.00572541775
  14.5933561  0.0124886837
  14.6435699  0.0327417366
  14.6938143  0.0390703715
  14.7439985  0.0527660139
  14.7941694  0.0483287834
  14.8444042  0.0215191506
  14.8945894  0.00819124002
  14.9448118 -0.0152972741
  14.9950209 -0.0336589776
  15.0452061 -0.0308919065
  15.0953703 -0.0222626533
  15.1455441 -0.0235321186
