XDAC V1.2 Datafile V1
"fe73ga27.010" created on 6/28/02 at 4:20:59 PM on X-11A
Ring energy= 2.58 GeV
E0= 7112.00
NUM_REGIONS= 4
SRB= -200 -20 30 10k 19k
SRSS= 20 0.5 0.07k 0.07k
SPP= 1 1 2 3
Settling time= 0.50


Offsets= 10006.20 1337.40
Gains= 7.00 10.00
GaFe Sample #1029, Fe(72.74)Ga(27.26), 15K
single crystal slug, [100] face
I0: N2; If:100% Ar, Lytle detector
--------------------------------------------------------------------------------
        Energy            I0            If
    6911.98862    27462.8000      422.6000
    6932.00293    27129.8000      430.6000
    6952.01083    27133.8000      451.6000
    6972.01110    27096.8000      471.6000
    6992.00249    27082.8000      505.6000
    7012.00977    26961.8000      542.6000
    7032.00595    26785.8000      574.6000
    7051.98975    26521.8000      660.6000
    7072.01286    26966.8000      839.6000
    7091.99496    26910.8000     1326.6000
    7092.50135    26902.8000     1357.6000
    7093.00782    26898.8000     1382.6000
    7093.48770    26904.8000     1405.6000
    7093.99431    26894.8000     1435.6000
    7094.50100    26883.8000     1474.6000
    7095.00777    26879.8000     1487.6000
    7095.48793    26866.8000     1523.6000
    7095.99484    26864.8000     1560.6000
    7096.50183    26855.8000     1576.6000
    7097.00889    26842.8000     1643.6000
    7097.48933    26834.8000     1659.6000
    7097.99654    26826.8000     1707.6000
    7098.50383    26804.8000     1738.6000
    7099.01119    26823.8000     1796.6000
    7099.49192    26806.8000     1864.6000
    7099.99942    26794.8000     1902.6000
    7100.50701    26776.8000     1965.6000
    7100.98794    26780.8000     2033.6000
    7101.49568    26789.8000     2107.6000
    7102.00348    26788.8000     2205.6000
    7102.51136    26771.8000     2279.6000
    7102.99258    26770.8000     2376.6000
    7103.50061    26752.8000     2469.6000
    7104.00872    26745.8000     2586.6000
    7104.49015    26749.8000     2698.6000
    7104.99840    26734.8000     2883.6000
    7105.50673    26724.8000     3088.6000
    7105.98838    26712.8000     3272.6000
    7106.49685    26710.8000     3550.6000
    7107.00541    26700.8000     3878.6000
    7107.48726    26694.8000     4363.6000
    7107.99596    26679.8000     5010.6000
    7108.50474    26672.8000     6023.6000
    7108.98680    26657.8000     7703.6000
    7109.49573    26650.8000    10274.6000
    7110.00473    26633.8000    14595.6000
    7110.48701    26615.8000    17844.6000
    7110.99615    26590.8000    20233.6000
    7111.50538    26586.8000    21688.6000
    7111.98787    26580.8000    22559.6000
    7112.49724    26572.8000    23484.6000
    7113.00669    26558.8000    24159.6000
    7113.48939    26547.8000    25078.6000
    7113.99899    26549.8000    26219.6000
    7114.50866    26542.8000    27881.6000
    7114.99157    26532.8000    29518.6000
    7115.50139    26523.8000    30957.6000
    7116.01129    26512.8000    32351.6000
    7116.49442    26518.8000    33278.6000
    7117.00446    26494.8000    34308.6000
    7117.48773    26464.8000    35095.6000
    7117.99792    26469.8000    35925.6000
    7118.50819    26457.8000    36727.6000
    7118.99167    26478.8000    37349.6000
    7119.50209    26465.8000    38000.6000
    7120.01258    26453.8000    38582.6000
    7120.49628    26450.8000    39063.6000
    7121.00692    26446.8000    39582.6000
    7121.49076    26440.8000    39870.6000
    7122.00155    26433.8000    40371.6000
    7122.51241    26429.8000    40705.6000
    7122.99646    26431.8000    41097.6000
    7123.50748    26416.8000    41507.6000
    7123.99167    26413.8000    41824.6000
    7124.50283    26413.8000    42232.6000
    7124.98716    26412.8000    42655.6000
    7125.49848    26399.8000    43115.6000
    7126.00987    26391.8000    43510.6000
    7126.49441    26392.8000    43830.6000
    7127.00595    26381.8000    44142.6000
    7127.49064    26375.8000    44374.6000
    7128.00232    26370.8000    44455.6000
    7128.48715    26358.8000    44462.6000
    7128.99899    26359.8000    44319.6000
    7129.51090    26341.8000    44099.6000
    7129.99594    26335.8000    43942.6000
    7130.50800    26341.8000    43636.6000
    7130.99318    26340.8000    43400.6000
    7131.50540    26339.8000    43242.6000
    7131.99072    26340.8000    43073.6000
    7132.50308    26346.8000    42999.6000
    7132.98855    26352.8000    42984.6000
    7133.50106    26359.8000    42925.6000
    7133.98666    26362.8000    42965.6000
    7134.49932    26361.8000    43054.6000
    7135.01206    26359.8000    42965.6000
    7135.49788    26351.8000    43104.6000
    7136.01076    26353.8000    43147.6000
    7136.49673    26359.8000    43242.6000
    7137.00976    26367.8000    43350.6000
    7137.49587    26373.8000    43366.6000
    7138.00905    26379.8000    43347.6000
    7138.49530    26388.8000    43430.6000
    7139.00863    26408.8000    43504.6000
    7139.49502    26417.8000    43541.6000
    7140.00850    26430.8000    43581.6000
    7140.49503    26445.8000    43624.6000
    7141.00867    26450.8000    43675.6000
    7141.49534    26453.8000    43672.6000
    7143.52388    52929.6000    88202.2000
    7145.06638    52978.6000    88946.2000
    7146.66373    52988.6000    89367.2000
    7148.28891    53004.6000    89426.2000
    7149.94197    53030.6000    89652.2000
    7151.65007    53008.6000    89335.2000
    7153.38615    52979.6000    89258.2000
    7155.17740    52970.6000    89354.2000
    7156.96959    52976.6000    89281.2000
    7158.84424    52976.6000    89314.2000
    7160.71991    53002.6000    89439.2000
    7162.65101    52988.6000    89605.2000
    7164.61043    52996.6000    89838.2000
    7166.62543    52966.6000    89692.2000
    7168.64162    52938.6000    89537.2000
    7170.74080    52950.6000    89322.2000
    7172.84126    52903.6000    88682.2000
    7174.99760    52851.6000    88187.2000
    7177.18262    52835.6000    88089.2000
    7179.39637    52794.6000    88107.2000
    7181.66625    52787.6000    88308.2000
    7183.96499    52770.6000    88855.2000
    7186.29267    52740.6000    89108.2000
    7188.67674    52743.6000    89791.2000
    7191.08989    52675.6000    90025.2000
    7193.53218    52653.6000    90048.2000
    7196.03113    52669.6000    89630.2000
    7198.55939    52653.6000    89018.2000
    7201.11700    52590.6000    88347.2000
    7203.70404    52555.6000    88079.2000
    7206.34812    52527.6000    89092.2000
    7209.02180    52512.6000    90903.2000
    7211.72514    52483.6000    92710.2000
    7214.45820    52483.6000    93871.2000
    7217.24870    52526.6000    94000.2000
    7220.06911    52543.6000    93128.2000
    7222.94719    52586.6000    91890.2000
    7225.82765    52634.6000    90509.2000
    7228.76597    52676.6000    89139.2000
    7231.73453    52675.6000    88405.2000
    7234.76119    52687.6000    88466.2000
    7237.79048    52695.6000    88952.2000
    7240.87807    52717.6000    89797.2000
    7243.99626    52772.6000    90450.2000
    7247.17300    52788.6000    90565.2000
    7250.35263    52752.6000    90533.2000
    7253.59104    52693.6000    90816.2000
    7256.86040    52438.6000    90813.2000
    7260.16082    52847.6000    91965.2000
    7263.52038    52710.6000    92317.2000
    7266.88318    52585.6000    92981.2000
    7270.30534    52623.6000    93897.2000
    7273.75895    52504.6000    94030.2000
    7277.27221    52479.6000    94380.2000
    7280.78901    52483.6000    94724.2000
    7284.36569    52485.6000    94747.2000
    7287.97424    52412.6000    93779.2000
    7291.61474    52379.6000    92629.2000
    7295.28729    52302.6000    91562.2000
    7299.02027    52252.6000    90955.2000
    7302.75723    52209.6000    90710.2000
    7306.55489    52198.6000    90975.2000
    7310.38503    52198.6000    91347.2000
    7314.24778    52255.6000    91411.2000
    7318.17166    52248.6000    91818.2000
    7322.09993    52295.6000    91960.2000
    7326.08960    52291.6000    91946.2000
    7330.11235    52315.6000    92104.2000
    7334.16827    52341.6000    92534.2000
    7338.25747    52317.6000    93368.2000
    7342.38005    52267.6000    94197.2000
    7346.53613    52240.6000    95133.2000
    7350.75453    52220.6000    95874.2000
    7354.97796    52199.6000    96567.2000
    7359.26401    52166.6000    96504.2000
    7363.58406    52135.6000    95996.2000
    7367.93825    52128.6000    94764.2000
    7372.32667    52105.6000    93206.2000
    7376.74945    52111.6000    92301.2000
    7381.23567    52070.6000    92525.2000
    7385.72756    52087.6000    93186.2000
    7390.25417    52063.6000    93653.2000
    7394.84469    52017.6000    93891.2000
    7399.47024    51940.6000    94036.2000
    7404.10181    51645.6000    93705.2000
    7408.79778    52317.6000    95218.2000
    7413.52916    52133.6000    94890.2000
    7418.29608    52045.6000    94823.2000
    7423.09868    52011.6000    95027.2000
    7427.93708    51983.6000    95538.2000
    7432.81142    51930.6000    96361.2000
    7437.72182    51776.6000    96636.2000
    7442.66843    51734.6000    96951.2000
    7447.65138    51651.6000    96946.2000
    7452.67081    51585.6000    96637.2000
    7457.75644    51510.6000    96071.2000
    7462.84928    51450.6000    95561.2000
    7467.97901    51427.6000    95349.2000
    7473.14578    51414.6000    95170.2000
    7478.37950    51399.6000    95062.2000
    7483.62082    51361.6000    95088.2000
    7488.89962    51298.6000    95450.2000
    7494.21604    51172.6000    95543.2000
    7498.34315    76649.4000   143415.8000
    7503.73343    76566.4000   143512.8000
    7509.16177    76523.4000   143768.8000
    7514.62832    76478.4000   144000.8000
    7520.13324    76469.4000   144437.8000
    7525.67667    76555.4000   145122.8000
    7531.25879    76638.4000   145385.8000
    7536.87974    76523.4000   145807.8000
    7542.50940    76500.4000   146395.8000
    7548.20847    76367.4000   146880.8000
    7553.94685    76144.4000   146683.8000
    7559.69429    75903.4000   146060.8000
    7565.51177    75710.4000   145373.8000
    7571.33854    75542.4000   144739.8000
    7577.20520    75434.4000   144766.8000
    7583.11192    75369.4000   145077.8000
    7589.08955    75296.4000   145356.8000
    7595.07696    75194.4000   145350.8000
    7601.07416    75165.4000   145487.8000
    7607.14285    74029.4000   143730.8000
    7613.25248    75120.4000   146241.8000
    7619.37228    75056.4000   146347.8000
    7625.56425    74990.4000   146449.8000
    7631.76666    74190.4000   145125.8000
    7638.01062    74749.4000   146456.8000
    7644.29632    74747.4000   147023.8000
    7650.62394    74594.4000   147290.8000
    7656.99367    74051.4000   147045.8000
    7663.37440    69107.4000   137768.8000
    7669.82887    74312.4000   148599.8000
    7676.29461    74221.4000   148831.8000
    7682.80312    74130.4000   149105.8000
    7689.35459    73986.4000   149326.8000
    7695.94923    73893.4000   149073.8000
    7702.55558    73797.4000   148468.8000
    7709.23708    73637.4000   147974.8000
    7715.93058    69407.4000   139739.8000
    7722.66794    73436.4000   148042.8000
    7729.41749    73208.4000   147896.8000
    7736.24311    73120.4000   148183.8000
    7743.08121    73073.4000   148331.8000
    7749.96388    73193.4000   148744.8000
    7756.89133    71079.4000   144765.8000
    7763.83160    68070.4000   138683.8000
    7770.84918    71025.4000   144972.8000
    7777.87989    71181.4000   145818.8000
    7784.95612    71266.4000   146413.8000
    7792.04568    71251.4000   146947.8000
    7799.18107    71131.4000   147135.8000
    7806.36253    71008.4000   147026.8000
    7813.59026    70854.4000   147292.8000
    7820.86450    70667.4000   147060.8000
    7828.15276    67750.4000   141187.8000
    7835.48785    70623.4000   147515.8000
    7842.83718    70454.4000   147498.8000
    7850.26658    70252.4000   147238.8000
    7857.71055    69965.4000   146922.8000
    7865.16914    69751.4000   146773.8000
    7872.70857    69550.4000   146499.8000
    7880.26296    69463.4000   146664.8000
    7887.83235    69417.4000   146903.8000
    7895.48338    69309.4000   147042.8000
    7903.14976    69017.4000   146786.8000
    7910.86498    68498.4000   146021.8000
    7918.59578    67928.4000   145326.8000
    7926.37578    67380.4000   144515.8000
    7934.17159    66971.4000   144028.8000
    7942.05067    66693.4000   143540.8000
    7949.94593    66529.4000   143690.8000
    7957.85742    66351.4000   143629.8000
    7965.81911    66134.4000   143466.8000
    7973.83126    65734.4000   142879.8000
    7981.86007    65254.4000   142209.8000
    7989.93972    64893.4000   141683.8000
    7998.07048    64472.4000   141166.8000
    8006.21834    64233.4000   140812.8000
    8014.41770    64148.4000   141014.8000
    8022.63443    64035.4000   140929.8000
    8030.90305    64060.4000   141452.8000
    8039.18929    64089.4000   141845.8000
    8047.56247    63942.4000   141686.8000
    8055.91896    63823.4000   141823.8000
    8064.32817    63797.4000   142405.8000
    8072.79037    63858.4000   143091.8000
    8081.27092    63986.4000   143598.8000
    8089.80490    63920.4000   143716.8000
    8098.35748    63842.4000   143949.8000
    8106.96392    63649.4000   144015.8000
    8115.62449    63376.4000   143593.8000
    8124.26884    63044.4000   143392.8000
    8133.00302    62556.4000   142518.8000
    8141.75658    62080.4000   141678.8000
    8150.52960    61777.4000   141227.8000
    8159.35778    61678.4000   141361.8000
    8168.20570    61779.4000   141842.8000
    8177.10923    61933.4000   142445.8000
    8186.06867    61862.4000   142779.8000
    8195.04838    61677.4000   142578.8000
    8204.04842    61625.4000   142903.8000
    8213.10498    61363.4000   142620.8000
    8222.18218    61483.4000   143205.8000
    8231.31637    61502.4000   143774.8000
    8240.47150    61629.4000   144547.8000
    8249.68410    61719.4000   145027.8000
    8258.91795    61710.4000   145310.8000
    8268.17312    61692.4000   145697.8000
    8277.48640    61464.4000   145741.8000
    8286.82132    61331.4000   145660.8000
    8296.21484    60944.4000   145111.8000
    8305.63032    60470.4000   144360.8000
    8315.10490    60131.4000   143946.8000
    8324.60177    59733.4000   143222.8000
    8334.12100    59213.4000   142333.8000
    8343.70000    58808.4000   141729.8000
    8353.30170    58345.4000   140977.8000
    8362.96368    58183.4000   140896.8000
    8372.64869    58183.4000   141277.8000
    8382.35683    58293.4000   142022.8000
    8392.12594    58397.4000   142817.8000
    8401.91852    58412.4000   143074.8000
    8411.77260    58234.4000   142836.8000
    8421.61245    57723.4000   141960.8000
    8431.51416    57641.4000   141997.8000
    8441.47809    57366.4000   141740.8000
    8451.46627    57180.4000   141818.8000
    8461.47881    56916.4000   141411.8000
    8471.55429    56750.4000   141328.8000
    8481.61589    56750.4000   141780.8000
    8491.77949    56722.4000   141973.8000
