#E_eV       mt_Step
   23843.00     -1.30506
   23849.21     -1.30631
   23856.20      -1.3078
   23862.68     -1.30918
   23868.90     -1.31051
   23875.12     -1.31194
   23882.13     -1.31332
   23888.88     -1.31466
   23894.86     -1.31602
   23901.10      -1.3174
   23908.38     -1.31882
   23914.63     -1.32016
   23921.14     -1.32144
   23927.13     -1.32277
   23934.17     -1.32423
   23940.69     -1.32566
   23946.95     -1.32693
   23952.96     -1.32836
   23960.27     -1.32983
   23966.81     -1.33105
   23972.83     -1.33246
   23979.11     -1.33373
   23986.18      -1.3351
   23992.73     -1.33651
   23999.02     -1.33781
   24005.05      -1.3392
   24012.40     -1.34064
   24018.43     -1.34193
   24025.00     -1.34325
   24031.05     -1.34461
   24038.41     -1.34602
   24044.46     -1.34726
   24051.05     -1.34851
   24057.10     -1.34969
   24064.22     -1.35111
   24070.55     -1.35232
   24077.15      -1.3536
   24082.95     -1.35464
   24090.35     -1.35601
   24096.69     -1.35737
   24103.04     -1.35869
   24109.12     -1.35982
   24116.27     -1.36121
   24122.63     -1.36227
   24128.99     -1.36346
   24135.35      -1.3647
   24141.98     -1.36593
   24148.62     -1.36713
   24154.99     -1.36826
   24161.11     -1.36939
   24168.28      -1.3707
   24174.40      -1.3718
   24181.32     -1.37269
   24187.18     -1.37384
   24193.84     -1.37489
   24200.51      -1.3759
   24207.44     -1.37683
   24213.05     -1.37767
   24219.99     -1.37847
   24226.67     -1.37928
   24233.09     -1.37983
   24239.51     -1.38042
   24245.66     -1.38084
   24252.62     -1.38134
   24259.32     -1.38134
   24265.22     -1.38106
   24271.65     -1.38065
   24278.90     -1.37968
   24285.08     -1.37844
   24291.25     -1.37638
   24297.70     -1.37295
   24299.05     -1.37202
   24300.12     -1.37145
   24300.93      -1.3708
   24302.01     -1.37003
   24303.08     -1.36916
   24303.89     -1.36844
   24304.97      -1.3673
   24306.04     -1.36631
   24307.12     -1.36522
   24307.92     -1.36425
   24309.00     -1.36282
   24310.08     -1.36165
   24311.15     -1.36036
   24311.96     -1.35915
   24313.04     -1.35741
   24313.85     -1.35567
   24314.92     -1.35351
   24316.00     -1.35117
   24317.08     -1.34891
   24317.88     -1.34676
   24318.96     -1.34371
   24319.77      -1.3403
   24320.85     -1.33614
   24321.92     -1.33177
   24323.00     -1.32696
   24323.81     -1.32187
   24325.16     -1.31494
   24325.97     -1.30936
   24327.04     -1.30146
   24328.12     -1.29236
   24329.20     -1.28258
   24330.01     -1.27159
   24330.82     -1.25714
   24332.17     -1.23387
   24332.97     -1.21298
   24334.05     -1.17939
   24334.86     -1.13886
   24336.21     -1.08119
   24337.02     -1.03282
   24338.10     -0.96594
   24338.91      -0.8981
   24339.99     -0.81079
   24341.07      -0.7272
   24342.15     -0.65913
   24342.96     -0.60089
   24343.77     -0.52769
   24345.11     -0.44326
   24345.92     -0.37504
   24347.00     -0.29061
   24347.81     -0.20758
   24348.89     -0.10212
   24349.97     -0.00313
   24350.78      0.08076
   24352.13      0.16363
   24352.94      0.21106
   24354.30      0.24992
   24354.84      0.26707
   24356.19      0.28236
   24357.00      0.28522
   24358.08      0.28156
   24358.89      0.27173
   24359.97      0.25251
   24361.05      0.23005
   24362.13      0.20871
   24362.94      0.18943
   24364.02      0.17067
   24365.10      0.15808
   24366.19      0.15178
   24367.00      0.15037
   24367.81      0.15396
   24369.16      0.16561
   24369.97      0.17891
   24371.05      0.20049
   24371.87      0.22551
   24372.95      0.25881
   24373.76      0.29435
   24375.11      0.34045
   24375.92      0.37373
   24376.74       0.4097
   24378.09      0.44686
   24378.90      0.46646
   24380.25      0.47875
   24381.07      0.47889
   24381.88      0.46957
   24383.23      0.44379
   24384.04      0.41747
   24384.86      0.37842
   24385.94      0.32974
   24387.02      0.28248
   24387.84       0.2406
   24389.19      0.20152
   24390.00      0.17716
   24391.09      0.15781
   24391.90      0.14711
   24393.25      0.14187
   24394.07      0.14286
   24394.88      0.14831
   24395.97      0.15937
   24397.05      0.17177
   24397.86      0.18468
   24398.95      0.19947
   24400.03      0.21246
   24400.85      0.22323
   24401.93       0.2334
   24403.01      0.24087
   24403.83      0.24623
   24405.18      0.25134
   24406.00      0.25458
   24406.81      0.25881
   24408.17      0.26567
   24408.98      0.27254
   24409.80      0.27982
   24411.15      0.29538
   24411.97       0.3094
   24413.05       0.3291
   24413.87      0.34912
   24414.95      0.37206
   24416.04      0.39159
   24417.13      0.40632
   24418.21      0.41665
   24419.03      0.42222
   24420.11      0.42402
   24420.93      0.42081
   24422.01      0.41176
   24422.83      0.39855
   24424.19      0.37786
   24425.00      0.36068
   24425.82      0.34106
   24426.90      0.31652
   24427.99       0.2944
   24429.08      0.27703
   24429.89      0.26245
   24430.98      0.24725
   24431.80      0.23644
   24433.16      0.22635
   24433.97      0.22169
   24435.06      0.21712
   24435.88      0.21507
   24437.24       0.2143
   24438.05      0.21489
   24438.87      0.21648
   24439.96      0.21968
   24441.04      0.22336
   24442.13      0.22772
   24442.95      0.23138
   24444.04      0.23632
   24445.13      0.24102
   24445.94      0.24529
   24447.03      0.25071
   24448.12      0.25596
   24450.57      0.26664
   24452.75      0.27918
   24455.47      0.29207
   24457.65      0.30318
   24460.38      0.31547
   24463.37      0.32294
   24465.55      0.32365
   24467.74      0.31734
   24470.74      0.30195
   24473.19       0.2838
   24475.37      0.26386
   24478.10       0.2411
   24480.56      0.22467
   24482.74      0.21428
   24485.20      0.21032
   24487.93      0.21331
   24490.66      0.22176
   24493.12      0.23353
   24495.58        0.247
   24498.04      0.26041
   24500.50      0.27141
   24503.24      0.27883
   24505.42      0.28257
   24507.89      0.28402
   24510.35      0.28332
   24512.81      0.28076
   24515.55      0.27635
   24518.01      0.27023
   24520.75      0.26308
   24522.94      0.25627
   24525.41      0.24953
   24528.15      0.24317
   24530.61      0.23667
   24533.08      0.22881
   24535.27      0.21889
   24537.74      0.20735
   24540.48      0.19657
   24542.95      0.18849
   24545.70      0.18251
   24547.89      0.17831
   24550.36      0.17477
   24553.38      0.17269
   24555.58      0.17269
   24558.05      0.17509
   24560.53       0.1803
   24562.72      0.18798
   24565.47      0.19807
   24567.67      0.20721
   24570.42      0.21608
   24573.17      0.22286
   24575.65      0.22792
   24577.85      0.23251
   24580.60      0.23638
   24583.08      0.23924
   24585.56      0.24074
   24588.03       0.2407
   24590.51      0.23939
   24592.72      0.23614
   24595.20      0.22979
   24598.23      0.21951
   24600.71       0.2089
   24602.91      0.19711
   24605.40      0.18311
   24608.15      0.17027
   24610.64      0.16031
   24613.12      0.15202
   24615.33      0.14563
   24618.09      0.14043
   24620.30      0.13736
   24622.78      0.13538
   24625.27      0.13405
   24628.31      0.13299
   24630.52      0.13174
   24633.01      0.13064
   24635.49      0.12982
   24638.26      0.12995
   24640.47      0.13133
   24642.96      0.13462
   24645.45       0.1397
   24647.66      0.14595
   24650.43      0.15345
   24652.92       0.1598
   24655.69      0.16603
   24658.18      0.17095
   24660.40        0.176
   24662.89      0.18104
   24665.67      0.18507
   24668.16      0.18743
   24670.38      0.18808
   24672.87        0.187
   24675.37      0.18393
   24677.87      0.17905
   24680.36       0.1725
   24683.14       0.1646
   24685.64      0.15636
   24688.14      0.14712
   24690.36      0.13761
   24693.13      0.12754
   24695.63       0.1193
   24698.14      0.11268
   24700.36      0.10771
   24702.86      0.10423
   24705.36      0.10185
   24707.87      0.10089
   24710.65      0.10053
   24713.15      0.10108
   24715.38      0.10196
   24717.88      0.10301
   24720.67       0.1037
   24723.17      0.10349
   24725.40      0.10229
   24727.91      0.10014
   24730.41      0.09755
   24732.92       0.0957
   24735.43      0.09486
   24737.94       0.0955
   24740.73      0.09743
   24742.96      0.09977
   24745.47      0.10295
   24748.26      0.10597
   24750.49      0.10843
   24753.00       0.1111
   24755.52      0.11363
   24757.75      0.11596
   24760.26      0.11834
   24762.78      0.12007
   24765.57      0.12148
   24768.37      0.12253
   24770.32      0.12321
   24773.12      0.12411
   24775.36      0.12415
   24778.15      0.12319
   24780.67      0.12131
   24782.91      0.11861
   24785.43      0.11427
   24787.67      0.10876
   24790.47      0.10168
   24792.99      0.09423
   24795.79      0.08667
   24798.03       0.0801
   24800.27      0.07308
   24803.07      0.06658
   24805.88      0.06239
   24807.84      0.06002
   24810.36      0.05874
   24813.17      0.05874
   24815.13      0.05935
   24817.94      0.06037
   24820.46      0.06072
   24823.27      0.06071
   24825.52      0.06054
   24828.04       0.0602
   24830.57      0.05984
   24833.10      0.05966
   24835.63      0.05951
   24837.88      0.05952
   24840.41      0.05951
   24842.94      0.05977
   24845.19      0.06009
   24848.00      0.06062
   24854.19      0.06301
   24860.10       0.0653
   24866.02      0.06622
   24871.65      0.06641
   24877.86      0.06541
   24884.06      0.06288
   24890.27       0.0589
   24895.92      0.05379
   24901.57      0.04789
   24908.35      0.04118
   24914.01      0.03458
   24919.95      0.02845
   24925.61      0.02408
   24931.55      0.02084
   24938.35       0.0183
   24944.02      0.01636
   24950.26      0.01493
   24955.65      0.01407
   24961.90      0.01351
   24968.14       0.0133
   24974.11      0.01399
   24980.08      0.01489
   24985.77      0.01528
   24992.03      0.01449
   24998.01       0.0122
   25004.27       0.0087
   25009.69      0.00482
   25015.68      0.00134
   25022.24     -0.00186
   25027.94      -0.0049
   25034.23     -0.00782
   25039.94     -0.01117
   25045.66     -0.01558
   25052.23     -0.02042
   25058.24     -0.02431
   25063.96     -0.02746
   25069.69     -0.03011
   25075.71     -0.03201
   25082.30     -0.03347
   25088.32     -0.03438
   25094.06     -0.03518
   25099.51     -0.03586
   25106.12      -0.0364
   25111.87     -0.03695
   25118.19     -0.03809
   25124.23     -0.04008
   25129.41     -0.04257
   25136.32     -0.04562
   25141.79     -0.04829
   25148.42     -0.05147
   25153.90     -0.05429
   25159.67     -0.05725
   25166.01     -0.05992
   25172.08     -0.06264
   25178.43     -0.06526
   25183.63      -0.0679
   25189.71     -0.07083
   25196.07     -0.07388
   25202.15     -0.07675
   25208.23     -0.07937
   25213.73     -0.08174
   25219.82     -0.08411
   25226.20     -0.08603
   25232.00     -0.08766
   25238.10     -0.08916
   25243.61     -0.09071
   25249.71     -0.09242
   25256.40     -0.09412
   25261.92     -0.09574
   25268.03     -0.09756
   25273.86     -0.09952
   25279.97      -0.1019
   25286.09     -0.10432
   25292.21     -0.10684
   25298.05     -0.10935
   25303.30     -0.11203
   25310.30     -0.11501
   25315.85     -0.11746
   25322.28     -0.12009
   25328.13      -0.1224
   25333.39     -0.12484
   25340.42     -0.12752
   25345.98     -0.12987
   25352.13     -0.13231
   25357.99     -0.13473
   25363.56     -0.13698
   25370.31     -0.13937
   25375.89      -0.1413
   25382.34     -0.14332
   25387.93     -0.14523
   25393.51     -0.14705
   25400.27     -0.14899
   25405.86     -0.15095
   25412.34     -0.15315
   25417.64     -0.15503
   25423.82     -0.15721
   25430.31     -0.15938
   25435.91     -0.16132
   25442.11     -0.16349
   25448.01     -0.16563
