XDAC V1.4 Datafile V1
"LSCF_LAO_asdep_TXRF.018" created on 7/27/11 at 6:21:10 PM on X-23A2
Diffraction element= Si (311).  Ring energy= 2.80 GeV
E0= 18198.00
NUM_REGIONS= 1
SRB= -.2 1
SRSS= .005
SPP= 10
Settling time= 0.00
Motor_1 SHT-rot
Trailing motor is off
Offsets= 101.00 53.30 0.00 0.00 0.00 0.00 9.80 4.90 4.90 5.00 9.80 9.80 4.90 9.80 0.00 0.00 0.00 0.00 0.00
Gains= 8.00 9.00 0.00 0.00 0.00 0.00 8.00 8.00 8.00 8.00 8.00 8.00 8.00 8.00 10.00 9.00 9.00 9.00 1.00
Energy 18198 eV


--------------------------------------------------------------------------------
       Mot_pos            I0            It         Ifch1         Ifch2         Ifch3         Ifch4       Ifslow1       Ifslow2       Ifslow3       Ifslow4       Iffast1       Iffast2       Iffast3       Iffast4           S34           S35           S36           S37       IntTime
      -0.19998    62211.0000    43267.0000       26.0000       28.0000       20.0000       38.0000    19217.0000    11827.0000     9691.0000    17815.0000    19266.0000    11845.0000     9696.0000    17782.0000       72.0000       58.0000       61.0000      120.0000       10.0000
      -0.19494    62260.0000    43692.0000       23.0000       30.0000       21.0000       28.0000    19407.0000    11896.0000     9653.0000    18076.0000    19463.0000    11905.0000     9654.0000    18039.0000       83.0000       42.0000       59.0000       95.0000       10.0000
      -0.19008    62271.0000    44077.0000       28.0000       21.0000       20.0000       24.0000    19558.0000    11871.0000     9751.0000    17858.0000    19603.0000    11898.0000     9747.0000    17821.0000       76.0000       46.0000       57.0000      106.0000       10.0000
      -0.18504    62233.0000    44524.0000       23.0000       22.0000       14.0000       37.0000    19565.0000    11610.0000     9928.0000    18033.0000    19607.0000    11634.0000     9940.0000    17992.0000       74.0000       58.0000       69.0000      127.0000       10.0000
      -0.18000    62239.0000    45164.0000       26.0000       20.0000       33.0000       38.0000    19579.0000    11988.0000    10107.0000    18296.0000    19630.0000    12019.0000    10105.0000    18260.0000       75.0000       49.0000       57.0000      103.0000       10.0000
      -0.17496    62229.0000    45665.0000       16.0000       23.0000       39.0000       34.0000    19597.0000    11762.0000     9964.0000    17934.0000    19660.0000    11769.0000     9965.0000    17885.0000       88.0000       55.0000       60.0000      112.0000       10.0000
      -0.16992    62225.0000    46051.0000       32.0000       27.0000       25.0000       42.0000    19743.0000    11742.0000     9999.0000    18360.0000    19759.0000    11753.0000    10005.0000    18286.0000       73.0000       58.0000       64.0000      104.0000       10.0000
      -0.16506    62189.0000    46455.0000       30.0000       19.0000       22.0000       35.0000    19702.0000    11879.0000     9947.0000    18285.0000    19748.0000    11883.0000     9964.0000    18247.0000       94.0000       39.0000       72.0000      138.0000       10.0000
      -0.16002    62185.0000    47001.0000       27.0000       24.0000       24.0000       27.0000    19547.0000    11826.0000     9886.0000    18236.0000    19582.0000    11831.0000     9887.0000    18188.0000       71.0000       49.0000       68.0000      109.0000       10.0000
      -0.15498    62189.0000    47590.0000       38.0000       26.0000       32.0000       25.0000    19716.0000    11534.0000     9902.0000    18103.0000    19772.0000    11550.0000     9909.0000    18035.0000       77.0000       49.0000       53.0000       98.0000       10.0000
      -0.14994    62173.0000    47948.0000       19.0000       33.0000       25.0000       31.0000    19578.0000    12034.0000    10036.0000    18425.0000    19622.0000    12052.0000    10040.0000    18366.0000       85.0000       46.0000       55.0000      126.0000       10.0000
      -0.14508    62159.0000    48329.0000       28.0000       23.0000       27.0000       34.0000    19515.0000    11807.0000    10096.0000    18041.0000    19561.0000    11818.0000    10108.0000    17997.0000       81.0000       42.0000       59.0000      100.0000       10.0000
      -0.14004    62172.0000    48803.0000       26.0000       25.0000       26.0000       29.0000    19642.0000    11691.0000    10105.0000    18159.0000    19681.0000    11707.0000    10108.0000    18136.0000       91.0000       46.0000       76.0000      144.0000       10.0000
      -0.13500    62150.0000    49353.0000       34.0000       22.0000       36.0000       33.0000    19476.0000    11721.0000     9984.0000    18247.0000    19519.0000    11735.0000     9997.0000    18200.0000       79.0000       47.0000       62.0000      111.0000       10.0000
      -0.12996    62148.0000    49832.0000       40.0000       11.0000       30.0000       42.0000    19564.0000    11861.0000    10022.0000    18302.0000    19625.0000    11878.0000    10028.0000    18264.0000       87.0000       50.0000       55.0000      127.0000       10.0000
      -0.12492    62182.0000    50228.0000       28.0000       25.0000       30.0000       29.0000    19543.0000    11893.0000    10044.0000    18163.0000    19591.0000    11907.0000    10053.0000    18123.0000      102.0000       42.0000       68.0000      102.0000       10.0000
      -0.12006    62134.0000    50602.0000       33.0000       27.0000       26.0000       27.0000    19661.0000    11896.0000     9988.0000    17942.0000    19705.0000    11905.0000     9990.0000    17901.0000       71.0000       50.0000       74.0000      112.0000       10.0000
      -0.11502    62143.0000    51149.0000       28.0000       34.0000       35.0000       46.0000    19703.0000    11908.0000    10095.0000    18220.0000    19742.0000    11920.0000    10105.0000    18147.0000       77.0000       50.0000       54.0000      124.0000       10.0000
      -0.10998    62117.0000    51665.0000       41.0000       31.0000       37.0000       34.0000    19662.0000    12018.0000    10111.0000    18351.0000    19694.0000    12025.0000    10111.0000    18301.0000       98.0000       41.0000       68.0000      124.0000       10.0000
      -0.10494    62159.0000    52091.0000       37.0000       39.0000       28.0000       38.0000    19534.0000    11871.0000    10074.0000    18392.0000    19577.0000    11894.0000    10074.0000    18336.0000       97.0000       49.0000       65.0000      120.0000       10.0000
      -0.10008    62100.0000    52419.0000       34.0000       29.0000       31.0000       39.0000    19525.0000    11997.0000    10159.0000    18272.0000    19561.0000    12006.0000    10160.0000    18233.0000      113.0000       58.0000       73.0000      104.0000       10.0000
      -0.09504    62109.0000    52865.0000       44.0000       44.0000       30.0000       41.0000    19757.0000    11874.0000    10145.0000    18503.0000    19811.0000    11883.0000    10153.0000    18449.0000       94.0000       55.0000       62.0000       94.0000       10.0000
      -0.09000    62075.0000    53419.0000       46.0000       38.0000       37.0000       40.0000    19767.0000    11899.0000    10134.0000    18307.0000    19808.0000    11902.0000    10123.0000    18260.0000       85.0000       49.0000       65.0000      102.0000       10.0000
      -0.08496    62088.0000    53899.0000       49.0000       33.0000       42.0000       50.0000    19723.0000    12005.0000    10242.0000    18743.0000    19783.0000    12020.0000    10235.0000    18700.0000       92.0000       73.0000       54.0000      112.0000       10.0000
      -0.07992    62078.0000    54257.0000       33.0000       32.0000       37.0000       44.0000    19543.0000    11998.0000     9991.0000    18701.0000    19587.0000    12015.0000     9990.0000    18647.0000       96.0000       46.0000       73.0000      120.0000       10.0000
      -0.07506    62074.0000    54644.0000       46.0000       38.0000       29.0000       47.0000    19770.0000    11953.0000    10115.0000    18357.0000    19822.0000    11963.0000    10119.0000    18295.0000       84.0000       53.0000       64.0000       92.0000       10.0000
      -0.07002    62076.0000    55166.0000       48.0000       30.0000       34.0000       48.0000    19565.0000    11841.0000    10234.0000    18556.0000    19602.0000    11853.0000    10243.0000    18519.0000       78.0000       52.0000       65.0000      110.0000       10.0000
      -0.06498    62039.0000    55654.0000       60.0000       46.0000       38.0000       57.0000    19753.0000    12126.0000    10290.0000    18736.0000    19784.0000    12122.0000    10285.0000    18659.0000       84.0000       57.0000       77.0000      122.0000       10.0000
      -0.05994    62047.0000    56009.0000       36.0000       52.0000       67.0000       40.0000    19838.0000    11759.0000    10322.0000    18568.0000    19884.0000    11780.0000    10323.0000    18510.0000       85.0000       52.0000       77.0000      122.0000       10.0000
      -0.05508    62030.0000    56338.0000       40.0000       49.0000       50.0000       59.0000    19550.0000    11822.0000    10306.0000    18779.0000    19591.0000    11828.0000    10301.0000    18721.0000      109.0000       62.0000       81.0000      125.0000       10.0000
      -0.05004    62024.0000    56747.0000       63.0000       43.0000       45.0000       57.0000    19773.0000    11881.0000    10365.0000    18767.0000    19817.0000    11905.0000    10366.0000    18719.0000      101.0000       65.0000       62.0000      133.0000       10.0000
      -0.04500    61991.0000    57283.0000       57.0000       56.0000       51.0000       64.0000    19778.0000    12125.0000    10377.0000    18732.0000    19821.0000    12151.0000    10370.0000    18669.0000       98.0000       55.0000       70.0000      113.0000       10.0000
      -0.03996    62004.0000    57710.0000       46.0000       60.0000       64.0000       59.0000    19886.0000    12056.0000    10406.0000    18846.0000    19917.0000    12073.0000    10410.0000    18786.0000       84.0000       68.0000       73.0000       95.0000       10.0000
      -0.03492    62013.0000    58086.0000       65.0000       50.0000       55.0000       63.0000    19966.0000    12041.0000    10380.0000    18798.0000    20028.0000    12052.0000    10394.0000    18732.0000       98.0000       61.0000       77.0000      135.0000       10.0000
      -0.03006    61978.0000    58433.0000       65.0000       68.0000       62.0000       67.0000    19687.0000    12104.0000    10607.0000    18816.0000    19727.0000    12112.0000    10601.0000    18762.0000      109.0000       69.0000       64.0000      124.0000       10.0000
      -0.02502    61996.0000    58983.0000       78.0000       78.0000       85.0000       96.0000    19728.0000    12205.0000    10572.0000    18859.0000    19766.0000    12211.0000    10574.0000    18813.0000       99.0000       64.0000       81.0000      114.0000       10.0000
      -0.01998    61996.0000    59422.0000      174.0000      206.0000      204.0000      226.0000    20081.0000    12593.0000    10733.0000    18945.0000    20125.0000    12603.0000    10734.0000    18896.0000      118.0000       94.0000      119.0000      184.0000       10.0000
      -0.01494    61993.0000    59750.0000      328.0000      368.0000      345.0000      352.0000    20380.0000    12995.0000    11302.0000    19282.0000    20438.0000    13017.0000    11306.0000    19231.0000      172.0000      154.0000      201.0000      214.0000       10.0000
      -0.01008    61980.0000    60018.0000      543.0000      563.0000      565.0000      610.0000    21023.0000    13223.0000    11761.0000    20165.0000    21071.0000    13249.0000    11769.0000    20103.0000      271.0000      202.0000      277.0000      303.0000       10.0000
      -0.00504    61982.0000    60355.0000      882.0000      923.0000      964.0000      949.0000    21439.0000    14110.0000    12523.0000    20611.0000    21490.0000    14122.0000    12522.0000    20569.0000      355.0000      324.0000      394.0000      440.0000       10.0000
      -0.00000    61949.0000    60782.0000     1427.0000     1552.0000     1583.0000     1657.0000    22976.0000    15629.0000    13866.0000    22384.0000    23049.0000    15662.0000    13863.0000    22341.0000      535.0000      563.0000      589.0000      646.0000       10.0000
       0.00504    61954.0000    61101.0000     2017.0000     2325.0000     2219.0000     2201.0000    24011.0000    16902.0000    15246.0000    23680.0000    24064.0000    16935.0000    15246.0000    23638.0000      723.0000      726.0000      838.0000      803.0000       10.0000
       0.01008    61910.0000    61341.0000     2479.0000     2795.0000     2736.0000     2715.0000    24888.0000    18108.0000    16320.0000    24861.0000    24955.0000    18146.0000    16342.0000    24809.0000      862.0000      896.0000     1048.0000     1050.0000       10.0000
       0.01494    61922.0000    61646.0000     3050.0000     3400.0000     3432.0000     3319.0000    26264.0000    19385.0000    17657.0000    26169.0000    26343.0000    19430.0000    17666.0000    26125.0000     1055.0000     1042.0000     1238.0000     1151.0000       10.0000
       0.01998    61882.0000    61935.0000     4002.0000     4456.0000     4493.0000     4323.0000    28625.0000    21437.0000    19833.0000    28289.0000    28714.0000    21486.0000    19840.0000    28250.0000     1410.0000     1387.0000     1532.0000     1533.0000       10.0000
       0.02502    61880.0000    62229.0000     4975.0000     5527.0000     5634.0000     5400.0000    30495.0000    23950.0000    22386.0000    30449.0000    30596.0000    24010.0000    22417.0000    30402.0000     1638.0000     1706.0000     1933.0000     1830.0000       10.0000
       0.03006    61887.0000    62416.0000     5781.0000     6382.0000     6407.0000     6214.0000    32124.0000    25627.0000    24053.0000    32287.0000    32212.0000    25694.0000    24081.0000    32273.0000     1941.0000     1947.0000     2319.0000     2150.0000       10.0000
       0.03492    61931.0000    62638.0000     6594.0000     7479.0000     7413.0000     7270.0000    33820.0000    27643.0000    26171.0000    34343.0000    33920.0000    27726.0000    26206.0000    34301.0000     2143.0000     2228.0000     2639.0000     2413.0000       10.0000
       0.03996    61857.0000    62740.0000     7769.0000     8649.0000     8828.0000     8654.0000    36242.0000    30482.0000    28844.0000    37342.0000    36376.0000    30563.0000    28879.0000    37331.0000     2564.0000     2699.0000     2962.0000     2917.0000       10.0000
       0.04500    61880.0000    62944.0000     9723.0000    10856.0000    10930.0000    10463.0000    40395.0000    35158.0000    33500.0000    41465.0000    40548.0000    35263.0000    33551.0000    41493.0000     3157.0000     3396.0000     3845.0000     3500.0000       10.0000
       0.05004    61847.0000    63019.0000    11245.0000    12638.0000    12771.0000    12263.0000    43932.0000    38650.0000    37228.0000    45170.0000    44095.0000    38786.0000    37290.0000    45219.0000     3761.0000     4007.0000     4307.0000     4131.0000       10.0000
       0.05508    61881.0000    63111.0000    12854.0000    14364.0000    14683.0000    14084.0000    47263.0000    42143.0000    41338.0000    49140.0000    47445.0000    42310.0000    41412.0000    49169.0000     4213.0000     4348.0000     4988.0000     4696.0000       10.0000
       0.05994    61846.0000    63118.0000    14577.0000    16492.0000    16593.0000    15874.0000    51399.0000    46554.0000    45141.0000    52767.0000    51608.0000    46731.0000    45255.0000    52829.0000     4773.0000     4947.0000     5590.0000     5295.0000       10.0000
       0.06498    61828.0000    63153.0000    16956.0000    19373.0000    19290.0000    18541.0000    56307.0000    52490.0000    50889.0000    58647.0000    56578.0000    52700.0000    50986.0000    58777.0000     5682.0000     5911.0000     6588.0000     6170.0000       10.0000
       0.07002    61863.0000    63147.0000    19924.0000    22121.0000    22407.0000    21732.0000    62744.0000    58819.0000    57237.0000    65375.0000    63068.0000    59108.0000    57385.0000    65519.0000     6590.0000     6706.0000     7604.0000     7134.0000       10.0000
       0.07506    61842.0000    63070.0000    21948.0000    24810.0000    24863.0000    23627.0000    66985.0000    64105.0000    62618.0000    69709.0000    67368.0000    64413.0000    62797.0000    69896.0000     7302.0000     7402.0000     8449.0000     7742.0000       10.0000
       0.07992    61824.0000    62987.0000    23874.0000    26964.0000    26934.0000    25327.0000    70914.0000    68725.0000    66901.0000    73943.0000    71280.0000    69099.0000    67137.0000    74157.0000     7859.0000     8080.0000     9104.0000     8608.0000       10.0000
       0.08496    61832.0000    62888.0000    26548.0000    29744.0000    30031.0000    29008.0000    76739.0000    74482.0000    73263.0000    81395.0000    77191.0000    74884.0000    73532.0000    81624.0000     8673.0000     8952.0000    10166.0000     9410.0000       10.0000
       0.09000    61808.0000    62665.0000    30814.0000    34645.0000    34983.0000    33523.0000    85569.0000    84793.0000    83675.0000    90409.0000    86064.0000    85315.0000    84060.0000    90746.0000     9965.0000    10523.0000    11871.0000    10987.0000       10.0000
       0.09504    61829.0000    62442.0000    34500.0000    39029.0000    38234.0000    37256.0000    93533.0000    93429.0000    90725.0000    98645.0000    94161.0000    93993.0000    91169.0000    99006.0000    11133.0000    11628.0000    13096.0000    12133.0000       10.0000
       0.10008    61785.0000    62196.0000    37039.0000    41896.0000    42088.0000    40571.0000    99558.0000    99646.0000    98630.0000   105810.0000   100246.0000   100325.0000    99148.0000   106284.0000    12373.0000    12332.0000    14297.0000    13074.0000       10.0000
       0.10494    61779.0000    61892.0000    40561.0000    46022.0000    45834.0000    44259.0000   106797.0000   108423.0000   106250.0000   113738.0000   107580.0000   109196.0000   106826.0000   114363.0000    13257.0000    13701.0000    15662.0000    14326.0000       10.0000
       0.10998    61771.0000    61492.0000    45438.0000    50930.0000    50788.0000    49327.0000   117159.0000   119133.0000   117183.0000   124478.0000   118063.0000   120007.0000   117862.0000   125120.0000    14679.0000    15252.0000    17286.0000    16141.0000       10.0000
       0.11502    61788.0000    61097.0000    49890.0000    56513.0000    56543.0000    54460.0000   127526.0000   129936.0000   128944.0000   135790.0000   128609.0000   131017.0000   129742.0000   136602.0000    16416.0000    16691.0000    19003.0000    18026.0000       10.0000
       0.12006    61766.0000    60750.0000    53349.0000    60083.0000    60325.0000    57973.0000   134454.0000   138149.0000   136260.0000   143161.0000   135674.0000   139386.0000   137161.0000   144116.0000    17534.0000    18024.0000    20295.0000    18973.0000       10.0000
       0.12492    61775.0000    60446.0000    56311.0000    63554.0000    63704.0000    61303.0000   140459.0000   145451.0000   143498.0000   150626.0000   141754.0000   146744.0000   144532.0000   151676.0000    18351.0000    18897.0000    21492.0000    20083.0000       10.0000
       0.12996    61768.0000    60034.0000    60521.0000    68440.0000    68554.0000    65996.0000   149494.0000   155657.0000   153399.0000   160648.0000   151009.0000   157039.0000   154497.0000   161835.0000    19572.0000    20158.0000    23047.0000    21495.0000       10.0000
       0.13500    61764.0000    59454.0000    66360.0000    74910.0000    75139.0000    71405.0000   161700.0000   168766.0000   167631.0000   173261.0000   163326.0000   170511.0000   169040.0000   174720.0000    21381.0000    21998.0000    25243.0000    23371.0000       10.0000
       0.14004    61756.0000    58983.0000    71444.0000    79789.0000    80371.0000    76815.0000   172703.0000   179617.0000   177658.0000   184455.0000   174610.0000   181554.0000   179192.0000   186099.0000    23194.0000    23588.0000    26656.0000    25032.0000       10.0000
       0.14508    61725.0000    58528.0000    74826.0000    84042.0000    84710.0000    80810.0000   180210.0000   188178.0000   187177.0000   193161.0000   182279.0000   190235.0000   188850.0000   194863.0000    24352.0000    24687.0000    28240.0000    26295.0000       10.0000
       0.14994    61717.0000    58066.0000    78814.0000    88375.0000    88629.0000    85626.0000   189035.0000   197596.0000   195712.0000   202235.0000   191254.0000   199832.0000   197524.0000   204246.0000    25332.0000    26303.0000    29716.0000    27578.0000       10.0000
       0.15498    61720.0000    57459.0000    84157.0000    94711.0000    95044.0000    91106.0000   200993.0000   211303.0000   208980.0000   215470.0000   203412.0000   213921.0000   211063.0000   217753.0000    27288.0000    27991.0000    31686.0000    29522.0000       10.0000
       0.16002    61731.0000    56815.0000    89656.0000   100536.0000   100674.0000    96828.0000   212920.0000   223301.0000   221778.0000   227681.0000   215597.0000   226186.0000   224039.0000   230145.0000    28711.0000    29638.0000    33851.0000    31389.0000       10.0000
       0.16506    61727.0000    56357.0000    93021.0000   105062.0000   104927.0000   100633.0000   220737.0000   232586.0000   230116.0000   236370.0000   223576.0000   235549.0000   232704.0000   239013.0000    29833.0000    30672.0000    35099.0000    32526.0000       10.0000
       0.16992    61698.0000    55867.0000    96198.0000   108913.0000   109616.0000   104980.0000   228368.0000   240859.0000   239821.0000   244607.0000   231559.0000   244158.0000   242565.0000   247531.0000    31040.0000    31979.0000    36610.0000    33693.0000       10.0000
       0.17496    61671.0000    55270.0000   101279.0000   114389.0000   114151.0000   109650.0000   238826.0000   252145.0000   249647.0000   255848.0000   242183.0000   255810.0000   252652.0000   259029.0000    32217.0000    33192.0000    37970.0000    35652.0000       10.0000
       0.18000    61704.0000    54515.0000   107113.0000   120660.0000   120636.0000   115914.0000   251907.0000   265519.0000   263844.0000   270560.0000   255638.0000   269434.0000   267174.0000   274035.0000    34650.0000    34828.0000    40197.0000    37750.0000       10.0000
       0.18504    61668.0000    53912.0000   111095.0000   125418.0000   125814.0000   120425.0000   261456.0000   275495.0000   274468.0000   279849.0000   265382.0000   279781.0000   278114.0000   283713.0000    36297.0000    36335.0000    42011.0000    38737.0000       10.0000
       0.19008    61664.0000    53384.0000   115059.0000   129281.0000   129869.0000   125323.0000   270019.0000   285401.0000   283259.0000   289812.0000   274305.0000   289869.0000   286993.0000   293888.0000    37009.0000    38182.0000    43157.0000    39971.0000       10.0000
       0.19494    61657.0000    52831.0000   119004.0000   133829.0000   134460.0000   128631.0000   279267.0000   294195.0000   292913.0000   299100.0000   283755.0000   299090.0000   296901.0000   303480.0000    38133.0000    39119.0000    44654.0000    41506.0000       10.0000
       0.19998    61633.0000    52051.0000   124458.0000   139806.0000   140224.0000   134952.0000   291777.0000   306987.0000   305024.0000   312387.0000   296739.0000   312204.0000   309464.0000   317146.0000    40185.0000    40472.0000    45862.0000    43335.0000       10.0000
       0.20502    61625.0000    51280.0000   129251.0000   145806.0000   145935.0000   139723.0000   302429.0000   319310.0000   318284.0000   324433.0000   307597.0000   324870.0000   323088.0000   329447.0000    41563.0000    42248.0000    48269.0000    45020.0000       10.0000
       0.21006    61639.0000    50756.0000   133010.0000   149945.0000   150009.0000   143394.0000   310719.0000   329042.0000   326318.0000   333560.0000   316290.0000   335096.0000   331334.0000   339033.0000    42980.0000    43257.0000    49233.0000    46468.0000       10.0000
       0.21492    61626.0000    50255.0000   136135.0000   152533.0000   153742.0000   146489.0000   318491.0000   335140.0000   334201.0000   340396.0000   324331.0000   341430.0000   339521.0000   346128.0000    43947.0000    44312.0000    50544.0000    47171.0000       10.0000
       0.21996    61618.0000    49592.0000   139616.0000   157781.0000   158222.0000   150703.0000   327238.0000   345767.0000   344110.0000   350445.0000   333328.0000   352355.0000   349659.0000   356518.0000    45387.0000    45660.0000    51975.0000    48818.0000       10.0000
       0.22500    61609.0000    48746.0000   145211.0000   163566.0000   164156.0000   156850.0000   339701.0000   358329.0000   356889.0000   363179.0000   346309.0000   365364.0000   362937.0000   369792.0000    46422.0000    47217.0000    53473.0000    50219.0000       10.0000
       0.23004    61615.0000    48058.0000   148527.0000   167575.0000   168422.0000   161242.0000   348395.0000   367901.0000   366583.0000   374368.0000   355164.0000   375470.0000   373030.0000   381118.0000    48196.0000    48705.0000    55337.0000    51519.0000       10.0000
       0.23508    61618.0000    47514.0000   151984.0000   171809.0000   172185.0000   165856.0000   356538.0000   377066.0000   375795.0000   383841.0000   363681.0000   384938.0000   382550.0000   391098.0000    48937.0000    49586.0000    56211.0000    52845.0000       10.0000
       0.23994    61596.0000    46908.0000   155584.0000   174369.0000   176252.0000   168579.0000   364429.0000   383741.0000   383340.0000   391246.0000   371787.0000   391693.0000   390282.0000   398930.0000    49980.0000    50343.0000    57242.0000    53523.0000       10.0000
       0.24498    61593.0000    46124.0000   160013.0000   180107.0000   179386.0000   173352.0000   375224.0000   395226.0000   392523.0000   402705.0000   383128.0000   403834.0000   399760.0000   410774.0000    50985.0000    51410.0000    58834.0000    55344.0000       10.0000
       0.25002    61593.0000    45355.0000   164843.0000   183885.0000   185422.0000   177512.0000   385823.0000   404952.0000   405414.0000   413742.0000   394241.0000   414075.0000   413073.0000   422267.0000    52695.0000    53169.0000    60757.0000    56848.0000       10.0000
       0.25506    61585.0000    44783.0000   167334.0000   188126.0000   188682.0000   181632.0000   393063.0000   412963.0000   412163.0000   422527.0000   401653.0000   422312.0000   420131.0000   431306.0000    53991.0000    53820.0000    61207.0000    58353.0000       10.0000
       0.25992    61596.0000    44238.0000   169973.0000   191040.0000   191017.0000   183226.0000   399899.0000   419893.0000   418404.0000   428957.0000   408699.0000   429426.0000   426586.0000   438056.0000    54924.0000    54321.0000    62412.0000    59487.0000       10.0000
       0.26496    61586.0000    43583.0000   173420.0000   194680.0000   195835.0000   187614.0000   407908.0000   428928.0000   428524.0000   437590.0000   416991.0000   439032.0000   437170.0000   447198.0000    55548.0000    55847.0000    63446.0000    59881.0000       10.0000
       0.27000    61545.0000    42661.0000   178618.0000   199827.0000   200285.0000   192239.0000   420117.0000   440538.0000   439202.0000   449442.0000   429785.0000   450932.0000   448037.0000   459373.0000    57028.0000    56958.0000    64866.0000    61712.0000       10.0000
       0.27504    61549.0000    42016.0000   181693.0000   203483.0000   204895.0000   195071.0000   427447.0000   448203.0000   448591.0000   456969.0000   437388.0000   459215.0000   458063.0000   467459.0000    57878.0000    58038.0000    66354.0000    62575.0000       10.0000
       0.28008    61533.0000    41461.0000   184672.0000   205784.0000   207271.0000   198337.0000   433881.0000   454349.0000   453962.0000   465619.0000   444446.0000   465498.0000   463574.0000   476277.0000    58660.0000    58267.0000    67031.0000    63439.0000       10.0000
       0.28494    61548.0000    40906.0000   186292.0000   208997.0000   211068.0000   201754.0000   440300.0000   461618.0000   461543.0000   471968.0000   450985.0000   473220.0000   471538.0000   483140.0000    59675.0000    59704.0000    67677.0000    63763.0000       10.0000
       0.28998    61541.0000    40102.0000   189353.0000   212450.0000   213455.0000   204574.0000   449160.0000   470948.0000   469712.0000   481273.0000   460111.0000   482823.0000   480025.0000   492652.0000    60831.0000    60358.0000    69024.0000    65188.0000       10.0000
       0.29502    61510.0000    39369.0000   192494.0000   216225.0000   217222.0000   208225.0000   457767.0000   478951.0000   477443.0000   490753.0000   469341.0000   491359.0000   487991.0000   502912.0000    62050.0000    61789.0000    69674.0000    67269.0000       10.0000
       0.30006    61500.0000    38857.0000   194956.0000   219297.0000   220049.0000   210560.0000   462623.0000   484146.0000   484649.0000   497048.0000   474527.0000   496758.0000   495647.0000   509521.0000    61915.0000    62230.0000    70928.0000    67139.0000       10.0000
       0.30492    61507.0000    38378.0000   196673.0000   221208.0000   221799.0000   212905.0000   468223.0000   489950.0000   489300.0000   503433.0000   480024.0000   502969.0000   500511.0000   516123.0000    62740.0000    62697.0000    70889.0000    67761.0000       10.0000
       0.30996    61484.0000    37726.0000   198871.0000   225080.0000   225251.0000   215983.0000   474511.0000   497974.0000   495859.0000   510215.0000   486930.0000   511456.0000   507410.0000   523339.0000    63819.0000    63378.0000    71927.0000    68813.0000       10.0000
       0.31500    61494.0000    36943.0000   202990.0000   227121.0000   228275.0000   218436.0000   483301.0000   505161.0000   503610.0000   518936.0000   495963.0000   519015.0000   515496.0000   532553.0000    64322.0000    64097.0000    73644.0000    70240.0000       10.0000
       0.32004    61477.0000    36309.0000   205441.0000   229883.0000   231262.0000   221785.0000   492034.0000   511013.0000   511177.0000   525911.0000   505106.0000   525145.0000   523535.0000   540021.0000    65677.0000    64938.0000    73974.0000    70237.0000       10.0000
       0.32508    61491.0000    35794.0000   206886.0000   233076.0000   233241.0000   223779.0000   495584.0000   518095.0000   516052.0000   530809.0000   508812.0000   532707.0000   528283.0000   544595.0000    65635.0000    65693.0000    74140.0000    70742.0000       10.0000
       0.32994    61465.0000    35249.0000   208582.0000   235027.0000   234885.0000   225592.0000   500405.0000   523863.0000   521181.0000   537692.0000   514078.0000   538659.0000   533730.0000   552294.0000    66404.0000    66325.0000    75470.0000    71781.0000       10.0000
       0.33498    61460.0000    34562.0000   211792.0000   237042.0000   238248.0000   228271.0000   509823.0000   528989.0000   529007.0000   545293.0000   523716.0000   544013.0000   542201.0000   560057.0000    67420.0000    66654.0000    76108.0000    72892.0000       10.0000
       0.34002    61465.0000    33870.0000   214846.0000   239865.0000   241459.0000   231237.0000   517140.0000   536232.0000   535316.0000   552610.0000   531790.0000   551634.0000   548844.0000   567690.0000    68394.0000    67631.0000    76971.0000    73364.0000       10.0000
       0.34506    61455.0000    33349.0000   215362.0000   240929.0000   243449.0000   232269.0000   520249.0000   539465.0000   540052.0000   556645.0000   534949.0000   555054.0000   553631.0000   572165.0000    68896.0000    67749.0000    76868.0000    74093.0000       10.0000
       0.34992    61441.0000    32875.0000   217058.0000   244230.0000   245489.0000   233771.0000   523430.0000   545319.0000   545438.0000   561457.0000   538353.0000   561318.0000   559493.0000   577265.0000    68956.0000    68113.0000    78387.0000    74620.0000       10.0000
       0.35496    61422.0000    32273.0000   219196.0000   246113.0000   247822.0000   236176.0000   530379.0000   551089.0000   550600.0000   567272.0000   545747.0000   567299.0000   564720.0000   583698.0000    69711.0000    68831.0000    78757.0000    75063.0000       10.0000
       0.36000    61415.0000    31510.0000   221460.0000   247407.0000   249049.0000   238544.0000   536903.0000   556259.0000   555845.0000   576052.0000   552454.0000   572871.0000   570476.0000   592653.0000    70365.0000    69837.0000    79516.0000    76369.0000       10.0000
       0.36504    61425.0000    30971.0000   223491.0000   250305.0000   252125.0000   239990.0000   542935.0000   560968.0000   562267.0000   580652.0000   558882.0000   578382.0000   577056.0000   597564.0000    71150.0000    69925.0000    79914.0000    76639.0000       10.0000
       0.37008    61429.0000    30514.0000   225044.0000   251566.0000   252524.0000   241808.0000   546392.0000   565104.0000   565054.0000   585749.0000   562786.0000   582396.0000   579946.0000   602812.0000    71367.0000    70138.0000    80096.0000    77090.0000       10.0000
       0.37494    61420.0000    29999.0000   225911.0000   253301.0000   255141.0000   242919.0000   550682.0000   569174.0000   569399.0000   589267.0000   567119.0000   586829.0000   584757.0000   606945.0000    71567.0000    70553.0000    80800.0000    77817.0000       10.0000
       0.37998    61410.0000    29384.0000   226663.0000   254730.0000   256623.0000   245407.0000   554930.0000   574177.0000   575442.0000   596292.0000   571703.0000   591978.0000   590969.0000   614281.0000    72313.0000    71480.0000    81408.0000    77791.0000       10.0000
       0.38502    61392.0000    28787.0000   228313.0000   256162.0000   257282.0000   246350.0000   560058.0000   579597.0000   578498.0000   601913.0000   577179.0000   597580.0000   594292.0000   620136.0000    72669.0000    72020.0000    81787.0000    78141.0000       10.0000
       0.39006    61377.0000    28374.0000   229526.0000   257421.0000   258242.0000   247793.0000   564590.0000   581011.0000   582193.0000   604554.0000   581886.0000   599194.0000   597932.0000   623031.0000    73276.0000    71691.0000    82243.0000    78517.0000       10.0000
       0.39492    61382.0000    27969.0000   230995.0000   259353.0000   260603.0000   248091.0000   566987.0000   585953.0000   586288.0000   607807.0000   584431.0000   604505.0000   602356.0000   626286.0000    72896.0000    72080.0000    82449.0000    78791.0000       10.0000
       0.39996    61391.0000    27479.0000   232493.0000   260559.0000   260953.0000   249798.0000   572887.0000   588831.0000   588582.0000   611686.0000   590531.0000   607767.0000   604909.0000   630585.0000    73950.0000    72280.0000    83015.0000    79793.0000       10.0000
       0.40500    61367.0000    26828.0000   233271.0000   260707.0000   264020.0000   250976.0000   577047.0000   592388.0000   594394.0000   616699.0000   595041.0000   611465.0000   610891.0000   636010.0000    73913.0000    72871.0000    82996.0000    79735.0000       10.0000
       0.41004    61358.0000    26325.0000   234546.0000   262864.0000   263346.0000   252540.0000   580104.0000   595970.0000   595991.0000   621730.0000   598312.0000   615381.0000   612786.0000   641456.0000    74337.0000    73038.0000    83400.0000    80252.0000       10.0000
       0.41508    61369.0000    25941.0000   235652.0000   263518.0000   264594.0000   253098.0000   583681.0000   599135.0000   599610.0000   624517.0000   601998.0000   618607.0000   616460.0000   644239.0000    74397.0000    73727.0000    83658.0000    80706.0000       10.0000
       0.41994    61366.0000    25501.0000   236104.0000   264801.0000   266732.0000   254530.0000   587479.0000   602075.0000   603254.0000   627926.0000   606134.0000   622087.0000   620355.0000   648011.0000    74991.0000    73890.0000    83932.0000    81093.0000       10.0000
       0.42498    61338.0000    24918.0000   237168.0000   266055.0000   266771.0000   255599.0000   590778.0000   605146.0000   605888.0000   634079.0000   609510.0000   624940.0000   623123.0000   654204.0000    75091.0000    74019.0000    84225.0000    80939.0000       10.0000
       0.43002    61334.0000    24380.0000   237965.0000   267082.0000   267286.0000   256445.0000   594276.0000   609172.0000   608472.0000   637663.0000   613489.0000   629196.0000   625658.0000   658037.0000    75409.0000    74268.0000    84623.0000    81500.0000       10.0000
       0.43506    61317.0000    24004.0000   238854.0000   267382.0000   268639.0000   256515.0000   597526.0000   612535.0000   611346.0000   639527.0000   616805.0000   632599.0000   628611.0000   660340.0000    76198.0000    74443.0000    85183.0000    81810.0000       10.0000
       0.43992    61307.0000    23669.0000   239766.0000   268656.0000   269818.0000   258560.0000   600438.0000   615126.0000   614465.0000   642025.0000   619752.0000   635381.0000   632410.0000   662746.0000    75969.0000    74891.0000    84692.0000    82132.0000       10.0000
       0.44496    61316.0000    23244.0000   240820.0000   270054.0000   270402.0000   257928.0000   603021.0000   616600.0000   616337.0000   645529.0000   622694.0000   637183.0000   634127.0000   666611.0000    76065.0000    74832.0000    85025.0000    82538.0000       10.0000
       0.45000    61312.0000    22697.0000   241022.0000   269179.0000   271621.0000   259286.0000   605347.0000   618458.0000   619336.0000   649386.0000   625143.0000   638965.0000   637404.0000   670470.0000    76336.0000    74825.0000    85773.0000    82430.0000       10.0000
       0.45504    61325.0000    22286.0000   241165.0000   270324.0000   272410.0000   260759.0000   609100.0000   620856.0000   621647.0000   652974.0000   628915.0000   641823.0000   639738.0000   674676.0000    76571.0000    74877.0000    85455.0000    82783.0000       10.0000
       0.46008    61293.0000    21922.0000   241679.0000   271681.0000   272172.0000   261638.0000   609921.0000   623861.0000   623297.0000   655831.0000   630120.0000   644790.0000   641567.0000   677407.0000    76476.0000    75663.0000    85467.0000    82373.0000       10.0000
       0.46494    61295.0000    21558.0000   241843.0000   272480.0000   273589.0000   260639.0000   612753.0000   625375.0000   625629.0000   657536.0000   632959.0000   646270.0000   644096.0000   679508.0000    76911.0000    75046.0000    85730.0000    83259.0000       10.0000
       0.46998    61279.0000    21078.0000   243527.0000   272146.0000   273551.0000   261146.0000   617216.0000   627855.0000   627205.0000   660434.0000   637731.0000   649241.0000   645889.0000   682412.0000    76818.0000    75453.0000    85689.0000    82900.0000       10.0000
       0.47502    61285.0000    20616.0000   242863.0000   273132.0000   274880.0000   262142.0000   618918.0000   630184.0000   631212.0000   662950.0000   639526.0000   651442.0000   649741.0000   685057.0000    77368.0000    75566.0000    85903.0000    83102.0000       10.0000
       0.48006    61248.0000    20314.0000   243720.0000   273373.0000   274869.0000   262949.0000   620431.0000   630976.0000   632358.0000   666722.0000   641160.0000   652489.0000   651100.0000   689161.0000    77174.0000    75414.0000    86459.0000    83927.0000       10.0000
       0.48492    61245.0000    20007.0000   243913.0000   273786.0000   275548.0000   263570.0000   622970.0000   632995.0000   633198.0000   669453.0000   643543.0000   654703.0000   652093.0000   692216.0000    77656.0000    75967.0000    86634.0000    83846.0000       10.0000
       0.48996    61256.0000    19640.0000   244951.0000   274565.0000   275594.0000   263311.0000   625943.0000   634800.0000   635867.0000   670253.0000   646841.0000   656521.0000   654744.0000   692867.0000    77500.0000    75730.0000    86436.0000    83754.0000       10.0000
       0.49500    61243.0000    19157.0000   244649.0000   274538.0000   276099.0000   263150.0000   627628.0000   636615.0000   637488.0000   672057.0000   648807.0000   658213.0000   656522.0000   694731.0000    77868.0000    76511.0000    86829.0000    83583.0000       10.0000
       0.50004    61233.0000    18803.0000   245485.0000   275112.0000   276847.0000   263858.0000   629898.0000   636377.0000   638976.0000   674981.0000   651230.0000   658359.0000   657847.0000   697830.0000    77646.0000    75801.0000    86531.0000    84050.0000       10.0000
       0.50508    61245.0000    18493.0000   244985.0000   275310.0000   276975.0000   264560.0000   630122.0000   638068.0000   639922.0000   677111.0000   651479.0000   660190.0000   659131.0000   700207.0000    77843.0000    76087.0000    86421.0000    84317.0000       10.0000
       0.50994    61240.0000    18177.0000   245003.0000   275142.0000   277301.0000   264745.0000   631078.0000   640010.0000   641803.0000   679206.0000   652466.0000   662007.0000   661170.0000   702408.0000    78182.0000    76355.0000    87158.0000    84109.0000       10.0000
       0.51498    61221.0000    17746.0000   246026.0000   276429.0000   277900.0000   264224.0000   636086.0000   642123.0000   643460.0000   679780.0000   657728.0000   664474.0000   662847.0000   703369.0000    78188.0000    75992.0000    86834.0000    83963.0000       10.0000
       0.52002    61236.0000    17362.0000   245357.0000   275814.0000   277709.0000   264571.0000   636804.0000   642679.0000   644436.0000   682665.0000   658523.0000   664918.0000   663893.0000   706397.0000    78482.0000    76445.0000    86981.0000    84697.0000       10.0000
       0.52506    61208.0000    17066.0000   246072.0000   276279.0000   278616.0000   264802.0000   638616.0000   644655.0000   645622.0000   685910.0000   660698.0000   666914.0000   664953.0000   709631.0000    78258.0000    76060.0000    86806.0000    84994.0000       10.0000
       0.52992    61203.0000    16809.0000   246861.0000   276195.0000   277722.0000   266204.0000   639581.0000   643717.0000   645864.0000   686465.0000   661314.0000   666318.0000   665411.0000   710078.0000    77751.0000    76521.0000    86785.0000    84331.0000       10.0000
       0.53496    61194.0000    16481.0000   246253.0000   277576.0000   277532.0000   266424.0000   640794.0000   646952.0000   646759.0000   687564.0000   662852.0000   669624.0000   666260.0000   711530.0000    78051.0000    76456.0000    86921.0000    84183.0000       10.0000
       0.54000    61198.0000    16044.0000   248151.0000   277032.0000   278057.0000   265985.0000   645626.0000   647971.0000   648564.0000   690074.0000   668146.0000   670615.0000   668110.0000   714059.0000    78464.0000    76486.0000    87242.0000    84289.0000       10.0000
       0.54504    61194.0000    15722.0000   247317.0000   276833.0000   278234.0000   265642.0000   645488.0000   648193.0000   648238.0000   691619.0000   668001.0000   671037.0000   667920.0000   715778.0000    78197.0000    76698.0000    86627.0000    84391.0000       10.0000
       0.55008    61184.0000    15455.0000   247349.0000   277215.0000   279571.0000   266166.0000   646511.0000   648376.0000   650333.0000   694634.0000   668723.0000   671035.0000   670386.0000   719027.0000    78403.0000    76234.0000    86827.0000    84930.0000       10.0000
       0.55494    61169.0000    15164.0000   247181.0000   278372.0000   279328.0000   265479.0000   647851.0000   652233.0000   652198.0000   694581.0000   670333.0000   675252.0000   672305.0000   719132.0000    78056.0000    76545.0000    87195.0000    84673.0000       10.0000
       0.55998    61167.0000    14802.0000   248295.0000   277293.0000   278276.0000   266141.0000   651006.0000   650516.0000   651583.0000   696279.0000   673687.0000   673777.0000   671516.0000   720678.0000    78242.0000    76114.0000    86963.0000    84392.0000       10.0000
       0.56502    61158.0000    14440.0000   247660.0000   277724.0000   278215.0000   266376.0000   652542.0000   651598.0000   651992.0000   698515.0000   675142.0000   674794.0000   672062.0000   722816.0000    78337.0000    76143.0000    86850.0000    84966.0000       10.0000
       0.57006    61130.0000    14186.0000   247668.0000   277053.0000   278714.0000   266269.0000   653028.0000   652879.0000   654276.0000   699039.0000   675569.0000   675977.0000   674501.0000   723760.0000    78656.0000    76574.0000    87277.0000    84521.0000       10.0000
       0.57492    61155.0000    13948.0000   247698.0000   276665.0000   278782.0000   267424.0000   654105.0000   652053.0000   654945.0000   701211.0000   677136.0000   675198.0000   675093.0000   725731.0000    78227.0000    76082.0000    87585.0000    84182.0000       10.0000
       0.57996    61152.0000    13660.0000   247553.0000   277622.0000   279419.0000   266209.0000   652359.0000   653015.0000   656004.0000   701979.0000   675118.0000   676030.0000   676130.0000   726548.0000    78100.0000    76657.0000    86772.0000    85243.0000       10.0000
       0.58500    61131.0000    13288.0000   247761.0000   277254.0000   277841.0000   265780.0000   655846.0000   653611.0000   655066.0000   701854.0000   678783.0000   676764.0000   675472.0000   726729.0000    78363.0000    76039.0000    87589.0000    84318.0000       10.0000
       0.59004    61127.0000    12994.0000   246913.0000   276880.0000   279655.0000   265723.0000   655900.0000   654215.0000   657251.0000   704260.0000   679068.0000   677482.0000   677475.0000   729525.0000    78323.0000    76332.0000    86841.0000    84553.0000       10.0000
       0.59508    61103.0000    12746.0000   247738.0000   277747.0000   278083.0000   265813.0000   657393.0000   654217.0000   655993.0000   705103.0000   680754.0000   677522.0000   676072.0000   730254.0000    78493.0000    75976.0000    87135.0000    84544.0000       10.0000
       0.59994    61113.0000    12500.0000   247979.0000   277463.0000   279424.0000   266813.0000   658931.0000   654583.0000   657349.0000   706521.0000   682129.0000   677738.0000   677541.0000   731371.0000    78500.0000    76015.0000    87134.0000    84906.0000       10.0000
       0.60498    61097.0000    12169.0000   246981.0000   276614.0000   278572.0000   267071.0000   658305.0000   655190.0000   657869.0000   707847.0000   681380.0000   678228.0000   677957.0000   733071.0000    78413.0000    75874.0000    87237.0000    84466.0000       10.0000
       0.61002    61115.0000    11860.0000   246741.0000   277147.0000   278132.0000   267075.0000   660673.0000   656906.0000   657886.0000   709458.0000   683882.0000   680274.0000   678325.0000   734749.0000    78517.0000    76117.0000    87242.0000    84516.0000       10.0000
       0.61506    61078.0000    11618.0000   246572.0000   277716.0000   277731.0000   264958.0000   660686.0000   657135.0000   657744.0000   708321.0000   683912.0000   680569.0000   678125.0000   733534.0000    78674.0000    76305.0000    86876.0000    84577.0000       10.0000
       0.61992    61086.0000    11409.0000   245840.0000   277151.0000   277852.0000   265625.0000   659999.0000   657050.0000   657701.0000   710182.0000   683246.0000   680289.0000   678095.0000   735304.0000    78012.0000    76367.0000    86929.0000    84233.0000       10.0000
       0.62496    61071.0000    11150.0000   246615.0000   277208.0000   277347.0000   265238.0000   660590.0000   657586.0000   657633.0000   708676.0000   683829.0000   680973.0000   677995.0000   733936.0000    78039.0000    76426.0000    86800.0000    84430.0000       10.0000
       0.63000    61066.0000    10790.0000   246283.0000   276366.0000   277364.0000   265460.0000   663079.0000   656804.0000   657533.0000   710681.0000   686490.0000   679856.0000   677588.0000   736190.0000    78524.0000    75998.0000    86408.0000    84345.0000       10.0000
       0.63504    61047.0000    10544.0000   246599.0000   276432.0000   277406.0000   264319.0000   663717.0000   657140.0000   658776.0000   711635.0000   686994.0000   680196.0000   679085.0000   736840.0000    78241.0000    75585.0000    86136.0000    84260.0000       10.0000
       0.64008    61071.0000    10326.0000   246351.0000   276422.0000   277881.0000   264523.0000   662694.0000   656705.0000   658994.0000   711568.0000   685847.0000   679853.0000   679048.0000   736913.0000    77424.0000    75837.0000    86382.0000    84656.0000       10.0000
       0.64494    61053.0000    10103.0000   245501.0000   275672.0000   277208.0000   264130.0000   664191.0000   656343.0000   658321.0000   712518.0000   687603.0000   679769.0000   678406.0000   738159.0000    78268.0000    75917.0000    86473.0000    84292.0000       10.0000
       0.64998    61041.0000     9819.0000   245474.0000   275439.0000   277463.0000   263793.0000   662298.0000   657568.0000   659174.0000   712530.0000   685786.0000   680570.0000   679373.0000   738137.0000    77298.0000    75677.0000    86778.0000    84134.0000       10.0000
       0.65502    61004.0000     9542.0000   246267.0000   275571.0000   276094.0000   264264.0000   664128.0000   656894.0000   657218.0000   713742.0000   687443.0000   680298.0000   677594.0000   739132.0000    77421.0000    75953.0000    86157.0000    84841.0000       10.0000
       0.66006    60990.0000     9334.0000   244715.0000   275095.0000   276461.0000   263964.0000   664649.0000   656508.0000   658182.0000   712822.0000   688240.0000   680027.0000   678501.0000   738259.0000    78018.0000    74975.0000    86115.0000    83610.0000       10.0000
       0.66492    61015.0000     9152.0000   245593.0000   275480.0000   275876.0000   262776.0000   665268.0000   657931.0000   657894.0000   712423.0000   688755.0000   681182.0000   678253.0000   738049.0000    77285.0000    75413.0000    86163.0000    84412.0000       10.0000
       0.66996    61012.0000     8923.0000   244912.0000   275301.0000   276191.0000   264058.0000   665837.0000   657874.0000   658478.0000   714772.0000   689384.0000   681204.0000   678806.0000   740733.0000    77742.0000    75548.0000    85645.0000    84114.0000       10.0000
       0.67500    61016.0000     8627.0000   244296.0000   274325.0000   276665.0000   263362.0000   665007.0000   656694.0000   657864.0000   713819.0000   688467.0000   680100.0000   678137.0000   739102.0000    77626.0000    75820.0000    86077.0000    83650.0000       10.0000
       0.68004    61008.0000     8390.0000   244545.0000   274620.0000   275740.0000   263002.0000   666185.0000   655491.0000   657611.0000   714108.0000   689892.0000   678868.0000   677807.0000   740088.0000    77419.0000    75029.0000    86243.0000    83946.0000       10.0000
       0.68508    60963.0000     8180.0000   243783.0000   273283.0000   275090.0000   262580.0000   665717.0000   655302.0000   656152.0000   715743.0000   689118.0000   678322.0000   676237.0000   741577.0000    77575.0000    75287.0000    85752.0000    83814.0000       10.0000
       0.68994    60965.0000     7985.0000   243424.0000   272838.0000   276027.0000   261531.0000   665615.0000   654948.0000   659309.0000   714694.0000   689068.0000   678198.0000   679500.0000   740010.0000    77430.0000    75422.0000    85760.0000    83533.0000       10.0000
       0.69498    60963.0000     7740.0000   243123.0000   273042.0000   274610.0000   261482.0000   664888.0000   654340.0000   656523.0000   714002.0000   688697.0000   677677.0000   676779.0000   739337.0000    77597.0000    74892.0000    85546.0000    83460.0000       10.0000
       0.70002    60976.0000     7495.0000   242944.0000   273149.0000   273289.0000   261585.0000   665762.0000   654908.0000   655599.0000   716093.0000   689099.0000   677859.0000   675679.0000   741956.0000    76898.0000    74617.0000    85253.0000    83618.0000       10.0000
       0.70506    60962.0000     7316.0000   242680.0000   271544.0000   273649.0000   260707.0000   666160.0000   652592.0000   656197.0000   714530.0000   690099.0000   675589.0000   675898.0000   739796.0000    76793.0000    75048.0000    85506.0000    83456.0000       10.0000
       0.70992    60939.0000     7143.0000   242493.0000   272602.0000   273185.0000   259801.0000   664979.0000   654397.0000   654901.0000   713675.0000   688523.0000   677570.0000   674965.0000   738998.0000    76859.0000    74803.0000    85095.0000    82945.0000       10.0000
       0.71496    60935.0000     6940.0000   242425.0000   270035.0000   272585.0000   260741.0000   666260.0000   650729.0000   654013.0000   715672.0000   689555.0000   673861.0000   674093.0000   741470.0000    76989.0000    74303.0000    85082.0000    83210.0000       10.0000
       0.72000    60918.0000     6675.0000   241975.0000   271623.0000   272381.0000   260513.0000   665633.0000   653212.0000   654421.0000   714077.0000   689182.0000   676344.0000   674289.0000   739742.0000    76650.0000    74359.0000    84925.0000    82654.0000       10.0000
       0.72504    60911.0000     6481.0000   240838.0000   271273.0000   272371.0000   258337.0000   665829.0000   651523.0000   653453.0000   713442.0000   689229.0000   674468.0000   673319.0000   738859.0000    76715.0000    73886.0000    84650.0000    82681.0000       10.0000
       0.73008    60914.0000     6318.0000   240473.0000   271599.0000   272122.0000   259104.0000   665040.0000   652067.0000   654164.0000   713990.0000   688400.0000   674994.0000   674243.0000   739329.0000    76271.0000    74131.0000    84743.0000    82447.0000       10.0000
       0.73494    60907.0000     6141.0000   239568.0000   270262.0000   270843.0000   258926.0000   663536.0000   650545.0000   653056.0000   714160.0000   687193.0000   673573.0000   672842.0000   739801.0000    75533.0000    73732.0000    84992.0000    82227.0000       10.0000
       0.73998    60884.0000     5909.0000   239761.0000   269427.0000   270951.0000   258681.0000   665606.0000   650596.0000   651353.0000   714593.0000   689256.0000   673475.0000   671146.0000   740203.0000    76690.0000    74283.0000    84176.0000    82642.0000       10.0000
       0.74502    60892.0000     5694.0000   239523.0000   268572.0000   270927.0000   258286.0000   664161.0000   649100.0000   651895.0000   713589.0000   687734.0000   672018.0000   671660.0000   738871.0000    76139.0000    73258.0000    84284.0000    82034.0000       10.0000
       0.75006    60882.0000     5549.0000   239336.0000   268098.0000   269838.0000   258260.0000   664709.0000   647814.0000   651170.0000   714743.0000   688112.0000   670534.0000   670898.0000   740192.0000    76235.0000    73122.0000    83864.0000    82035.0000       10.0000
       0.75492    60884.0000     5399.0000   238595.0000   268318.0000   269189.0000   256536.0000   664298.0000   647936.0000   649415.0000   712655.0000   687559.0000   670309.0000   668993.0000   738258.0000    76378.0000    73376.0000    84054.0000    81926.0000       10.0000
       0.75996    60848.0000     5221.0000   238269.0000   267295.0000   268440.0000   256340.0000   663971.0000   646376.0000   648400.0000   713107.0000   687286.0000   669064.0000   667871.0000   738349.0000    75994.0000    73417.0000    83385.0000    81986.0000       10.0000
       0.76500    60881.0000     5011.0000   237612.0000   268144.0000   268316.0000   255985.0000   663844.0000   647329.0000   648007.0000   712289.0000   687264.0000   669780.0000   667801.0000   737284.0000    75625.0000    73077.0000    83734.0000    81564.0000       10.0000
       0.77004    60871.0000     4830.0000   238006.0000   266190.0000   268666.0000   255801.0000   663750.0000   644964.0000   649352.0000   712175.0000   687189.0000   667485.0000   668849.0000   737383.0000    75285.0000    73113.0000    83468.0000    81543.0000       10.0000
       0.77508    60861.0000     4685.0000   237263.0000   266534.0000   267517.0000   255492.0000   662978.0000   644683.0000   645984.0000   711861.0000   686225.0000   667194.0000   665543.0000   737374.0000    74901.0000    72532.0000    82698.0000    81517.0000       10.0000
       0.77994    60861.0000     4532.0000   237198.0000   265526.0000   267395.0000   254209.0000   662577.0000   645082.0000   647476.0000   711727.0000   685700.0000   667693.0000   667176.0000   736870.0000    75266.0000    73055.0000    83493.0000    81546.0000       10.0000
       0.78498    60826.0000     4332.0000   235861.0000   264787.0000   266413.0000   253812.0000   661970.0000   642387.0000   646096.0000   711436.0000   684974.0000   664732.0000   665609.0000   736624.0000    74713.0000    72699.0000    83049.0000    80911.0000       10.0000
       0.79002    60811.0000     4148.0000   235957.0000   264623.0000   265997.0000   253807.0000   660671.0000   641827.0000   643744.0000   709932.0000   683467.0000   664143.0000   663149.0000   734794.0000    74569.0000    72356.0000    82480.0000    80807.0000       10.0000
       0.79506    60826.0000     4014.0000   234892.0000   264099.0000   265869.0000   253154.0000   659388.0000   642398.0000   643491.0000   710176.0000   682617.0000   664554.0000   662741.0000   734880.0000    74647.0000    72649.0000    82237.0000    81137.0000       10.0000
       0.79992    60839.0000     3894.0000   234183.0000   263496.0000   264981.0000   253231.0000   659202.0000   640258.0000   641726.0000   708066.0000   682119.0000   662696.0000   661036.0000   733128.0000    74110.0000    72183.0000    82644.0000    80637.0000       10.0000
       0.80496    60835.0000     3741.0000   234716.0000   263855.0000   264555.0000   252524.0000   659785.0000   639239.0000   640018.0000   708156.0000   682644.0000   661261.0000   659339.0000   733051.0000    74241.0000    71655.0000    81772.0000    80211.0000       10.0000
       0.81000    60802.0000     3547.0000   233299.0000   262277.0000   263066.0000   251542.0000   657728.0000   637653.0000   639083.0000   706094.0000   680372.0000   659456.0000   658253.0000   731069.0000    74441.0000    71642.0000    81816.0000    80133.0000       10.0000
       0.81504    60802.0000     3405.0000   232334.0000   261150.0000   263806.0000   250650.0000   657010.0000   635748.0000   639362.0000   706694.0000   679495.0000   657816.0000   658273.0000   731359.0000    74536.0000    71517.0000    81556.0000    80295.0000       10.0000
       0.82008    60789.0000     3282.0000   232774.0000   260446.0000   263131.0000   250157.0000   656163.0000   634679.0000   637870.0000   705382.0000   678864.0000   656542.0000   656834.0000   730300.0000    73772.0000    71611.0000    81422.0000    80180.0000       10.0000
       0.82494    60809.0000     3162.0000   232645.0000   261060.0000   263214.0000   250763.0000   657208.0000   634855.0000   637836.0000   705911.0000   679871.0000   656506.0000   656787.0000   730352.0000    73358.0000    71316.0000    81521.0000    79896.0000       10.0000
       0.82998    60779.0000     3001.0000   231400.0000   261382.0000   262416.0000   249598.0000   654040.0000   634037.0000   635531.0000   704901.0000   676812.0000   655684.0000   654304.0000   729173.0000    73462.0000    70822.0000    80949.0000    79565.0000       10.0000
       0.83502    60777.0000     2844.0000   230946.0000   259805.0000   260936.0000   248553.0000   654004.0000   631732.0000   633201.0000   702710.0000   676319.0000   653313.0000   651779.0000   727207.0000    72836.0000    70645.0000    80974.0000    78997.0000       10.0000
       0.84006    60770.0000     2739.0000   231169.0000   258435.0000   260694.0000   247427.0000   654367.0000   630084.0000   633668.0000   701816.0000   676798.0000   651645.0000   652432.0000   725919.0000    73409.0000    70659.0000    80847.0000    79378.0000       10.0000
       0.84492    60771.0000     2645.0000   229766.0000   259345.0000   260251.0000   247816.0000   653094.0000   630657.0000   632791.0000   701588.0000   675395.0000   652108.0000   651203.0000   726027.0000    73076.0000    71018.0000    80819.0000    78895.0000       10.0000
       0.84996    60778.0000     2526.0000   230289.0000   257698.0000   259474.0000   247475.0000   652915.0000   630131.0000   630437.0000   700506.0000   675334.0000   651511.0000   648994.0000   724719.0000    72871.0000    70962.0000    80440.0000    78247.0000       10.0000
       0.85500    60751.0000     2380.0000   228290.0000   257218.0000   257270.0000   247666.0000   650529.0000   626785.0000   627493.0000   701195.0000   672925.0000   648043.0000   645788.0000   725219.0000    72935.0000    70228.0000    79712.0000    78791.0000       10.0000
       0.86004    60735.0000     2263.0000   228024.0000   257257.0000   257919.0000   245312.0000   650061.0000   626630.0000   628447.0000   697413.0000   672432.0000   647644.0000   646799.0000   721232.0000    72769.0000    70062.0000    80134.0000    77992.0000       10.0000
       0.86508    60744.0000     2168.0000   229101.0000   256318.0000   258049.0000   244314.0000   651612.0000   626312.0000   627287.0000   697725.0000   673952.0000   647231.0000   645609.0000   721863.0000    72534.0000    70094.0000    79829.0000    78203.0000       10.0000
       0.86994    60731.0000     2072.0000   228341.0000   255333.0000   257246.0000   244186.0000   649240.0000   623628.0000   627187.0000   696565.0000   671578.0000   644420.0000   645712.0000   720506.0000    72095.0000    69488.0000    80191.0000    78240.0000       10.0000
       0.87498    60725.0000     1946.0000   226779.0000   254183.0000   255939.0000   243127.0000   647732.0000   621353.0000   623942.0000   694466.0000   669860.0000   642348.0000   642158.0000   718542.0000    72096.0000    69398.0000    79541.0000    77733.0000       10.0000
       0.88002    60735.0000     1826.0000   225687.0000   254166.0000   255992.0000   243210.0000   645713.0000   620922.0000   623780.0000   694861.0000   668010.0000   641790.0000   642118.0000   718533.0000    71662.0000    69333.0000    79589.0000    77909.0000       10.0000
       0.88506    60706.0000     1739.0000   226338.0000   253171.0000   253865.0000   242035.0000   645405.0000   619973.0000   621068.0000   694023.0000   667623.0000   640621.0000   639119.0000   717947.0000    71319.0000    69277.0000    79177.0000    77212.0000       10.0000
       0.88992    60706.0000     1662.0000   224703.0000   253059.0000   254386.0000   242368.0000   642984.0000   619295.0000   621249.0000   691756.0000   664864.0000   639672.0000   639060.0000   715465.0000    71225.0000    69481.0000    78672.0000    76836.0000       10.0000
       0.89496    60698.0000     1571.0000   225058.0000   252002.0000   253799.0000   240717.0000   643963.0000   616182.0000   618542.0000   690358.0000   665796.0000   636713.0000   636483.0000   713993.0000    71278.0000    68633.0000    78392.0000    76908.0000       10.0000
       0.90000    60672.0000     1454.0000   223094.0000   251555.0000   252044.0000   241340.0000   642384.0000   615466.0000   617092.0000   690423.0000   664117.0000   635823.0000   634794.0000   714119.0000    71322.0000    68464.0000    78129.0000    76523.0000       10.0000
       0.90504    60697.0000     1374.0000   223450.0000   250599.0000   251318.0000   239548.0000   642110.0000   614348.0000   614164.0000   688872.0000   663800.0000   634804.0000   631530.0000   712472.0000    71511.0000    68731.0000    77738.0000    76834.0000       10.0000
       0.91008    60676.0000     1305.0000   222847.0000   250526.0000   250806.0000   239977.0000   640126.0000   614026.0000   613517.0000   687644.0000   661644.0000   634552.0000   631275.0000   711285.0000    70398.0000    68824.0000    77963.0000    76217.0000       10.0000
       0.91494    60657.0000     1235.0000   221388.0000   248938.0000   250136.0000   238269.0000   638124.0000   611779.0000   612291.0000   686050.0000   659603.0000   632114.0000   629865.0000   709553.0000    70802.0000    68315.0000    77579.0000    76311.0000       10.0000
       0.91998    60668.0000     1150.0000   220474.0000   248537.0000   250008.0000   238476.0000   638314.0000   610234.0000   610668.0000   686613.0000   659799.0000   630398.0000   628069.0000   709919.0000    70705.0000    68342.0000    77327.0000    76599.0000       10.0000
       0.92502    60631.0000     1063.0000   221165.0000   248388.0000   248959.0000   237188.0000   638318.0000   609673.0000   609797.0000   684702.0000   659698.0000   629686.0000   627275.0000   707521.0000    70146.0000    67808.0000    77200.0000    75405.0000       10.0000
       0.93006    60629.0000     1005.0000   219878.0000   246889.0000   247616.0000   236171.0000   636920.0000   607062.0000   608871.0000   682984.0000   658256.0000   626981.0000   626076.0000   705879.0000    70384.0000    67728.0000    77183.0000    75320.0000       10.0000
       0.93492    60629.0000      954.0000   219439.0000   246297.0000   247592.0000   236049.0000   634325.0000   605497.0000   607280.0000   681614.0000   655631.0000   625186.0000   624332.0000   704910.0000    69614.0000    67214.0000    76943.0000    75032.0000       10.0000
       0.93996    60599.0000      892.0000   217988.0000   246023.0000   246474.0000   234762.0000   633327.0000   603948.0000   605479.0000   682152.0000   654723.0000   623860.0000   622435.0000   705060.0000    69698.0000    67011.0000    76919.0000    74692.0000       10.0000
       0.94500    60607.0000      816.0000   217807.0000   245258.0000   245235.0000   234804.0000   632398.0000   603116.0000   602945.0000   678205.0000   653244.0000   622745.0000   620059.0000   701095.0000    69031.0000    67180.0000    76267.0000    74613.0000       10.0000
       0.95004    60580.0000      763.0000   217291.0000   244664.0000   244660.0000   233955.0000   630952.0000   600378.0000   601273.0000   677476.0000   651826.0000   619902.0000   618193.0000   700028.0000    69213.0000    66650.0000    75861.0000    74487.0000       10.0000
       0.95508    60572.0000      719.0000   217118.0000   243333.0000   244103.0000   231995.0000   630186.0000   599056.0000   599733.0000   675799.0000   650972.0000   618316.0000   616464.0000   698432.0000    69110.0000    66460.0000    76117.0000    74208.0000       10.0000
       0.95994    60589.0000      676.0000   216152.0000   242642.0000   244076.0000   232468.0000   628377.0000   598312.0000   599416.0000   676222.0000   649226.0000   617349.0000   616291.0000   698930.0000    68474.0000    66024.0000    75063.0000    74462.0000       10.0000
       0.96498    60590.0000      622.0000   215825.0000   241991.0000   242877.0000   231123.0000   627168.0000   596157.0000   597275.0000   672910.0000   647445.0000   615388.0000   613847.0000   695391.0000    68154.0000    65466.0000    74845.0000    74124.0000       10.0000
       0.97002    60577.0000      574.0000   214599.0000   241374.0000   241916.0000   230739.0000   625289.0000   594380.0000   595169.0000   672936.0000   645897.0000   613631.0000   611650.0000   695114.0000    68029.0000    66120.0000    74800.0000    73776.0000       10.0000
       0.97506    60548.0000      544.0000   213426.0000   240009.0000   240918.0000   230118.0000   624445.0000   593305.0000   594659.0000   671380.0000   645091.0000   612280.0000   611170.0000   693312.0000    67950.0000    65608.0000    75098.0000    72775.0000       10.0000
       0.97992    60575.0000      517.0000   213855.0000   238867.0000   241601.0000   228209.0000   624476.0000   590466.0000   593319.0000   668009.0000   644907.0000   609098.0000   609795.0000   690105.0000    67576.0000    65709.0000    74863.0000    73037.0000       10.0000
       0.98496    60573.0000      486.0000   213410.0000   238661.0000   241010.0000   229334.0000   623552.0000   589023.0000   591601.0000   669339.0000   643711.0000   607476.0000   607828.0000   691277.0000    67661.0000    65109.0000    74242.0000    73052.0000       10.0000
       0.99000    60536.0000      448.0000   212097.0000   237320.0000   238033.0000   227717.0000   620630.0000   587695.0000   587849.0000   666911.0000   640956.0000   606329.0000   603996.0000   688401.0000    67145.0000    64652.0000    74285.0000    72940.0000       10.0000
       0.99504    60546.0000      426.0000   211522.0000   237103.0000   238721.0000   227380.0000   620155.0000   586393.0000   586609.0000   666664.0000   640278.0000   605170.0000   602790.0000   688606.0000    66972.0000    64545.0000    73262.0000    73081.0000       10.0000
       1.00008    60538.0000      406.0000   211074.0000   236367.0000   236715.0000   226065.0000   619451.0000   585368.0000   585861.0000   664050.0000   639474.0000   603739.0000   601988.0000   685775.0000    66750.0000    64897.0000    74082.0000    71990.0000       10.0000
