        7725.11         7605.35  1.02960256e-04  3.19573631e-06            1038             174
        7725.11         7606.05  1.08380564e-04  3.17124639e-06            1168             186
        7725.11         7606.75  1.07727964e-04  3.19623930e-06            1136             182
        7725.11         7607.45  1.06384785e-04  3.16756087e-06            1128             183
        7725.11         7608.15  1.08585236e-04  3.27248090e-06            1101             175
        7725.11         7608.85  1.08124023e-04  3.31319801e-06            1065             170
        7725.11         7609.55  1.08057811e-04  2.71505466e-06            1584             253
        7725.11         7610.25  9.95965437e-05  1.85975054e-06            2868             497
        7725.11         7610.95  1.01579154e-04  1.82914194e-06            3084             524
        7725.11         7611.65  1.01691405e-04  1.87356117e-06            2946             500
        7725.11         7612.35  1.06221463e-04  1.93034236e-06            3028             492
        7725.11         7613.05  1.03624577e-04  1.89317983e-06            2996             499
        7725.11         7613.75  1.02654920e-04  1.96255449e-06            2736             460
        7725.11         7614.45  1.04544568e-04  1.88836626e-06            3065             506
        7725.11         7615.15  1.03141842e-04  1.68632404e-06            3741             626
        7725.11         7615.85  1.05464257e-04  1.67214105e-06            3978             651
        7725.11         7616.55  1.03448534e-04  1.66248090e-06            3872             646
        7725.11         7617.25  1.06490831e-04  1.70129647e-06            3918             635
        7725.11         7617.95  1.04302196e-04  1.69849857e-06            3771             624
        7725.11         7618.65  1.10498449e-04  1.76240071e-06            3931             614
        7725.11         7619.35  1.10613400e-04  1.77785426e-06            3871             604
        7725.11         7620.05  1.08400522e-04  1.61647849e-06            4497             716
        7725.11         7620.75  1.08971864e-04  1.58146296e-06            4748             752
        7725.11         7621.45  1.06845146e-04  1.59594849e-06            4482             724
        7725.11         7622.15  1.12692644e-04  1.65047683e-06            4662             714
        7725.11         7622.85  1.10734863e-04  1.62249972e-06            4658             726
        7725.11         7623.55  1.11218012e-04  1.65007529e-06            4543             705
        7725.11         7624.25  1.13246549e-04  1.68183823e-06            4534             691
        7725.11         7624.95  1.13797395e-04  1.60757083e-06            5011             760
        7725.11         7625.65  1.13316242e-04  1.56257395e-06            5259             801
        7725.11         7626.35  1.19963675e-04  1.61788405e-06            5498             791
        7725.11         7627.05  1.19251618e-04  1.62026057e-06            5417             784
        7725.11         7627.75  1.21145272e-04  1.63411685e-06            5496             783
        7725.11         7628.45  1.26182665e-04  1.69056984e-06            5571             762
        7725.11         7629.15  1.27888848e-04  1.71666749e-06            5550             749
        7725.11         7629.85  1.32693809e-04  1.68985290e-06            6166             802
        7725.11         7630.55  1.37446261e-04  1.69570478e-06            6570             825
        7725.11         7631.25  1.44512654e-04  1.72418043e-06            7025             839
        7725.11         7631.95  1.51453446e-04  1.78217528e-06            7222             823
        7725.11         7632.65  1.59371594e-04  1.84051007e-06            7498             812
        7725.11         7633.35  1.63854579e-04  1.88251567e-06            7576             798
        7725.11         7634.05  1.75740113e-04  1.93989706e-06            8207             806
        7725.11         7634.75  1.80143252e-04  1.95197690e-06            8517             816
        7725.11         7635.45  1.88720504e-04  1.98818454e-06            9010             824
        7725.11         7636.15  1.91575392e-04  2.00682285e-06            9113             821
        7725.11         7636.85  1.97331263e-04  2.02202351e-06            9524             833
        7725.11         7637.55  1.98676330e-04  2.07552173e-06            9163             796
        7725.11         7638.25  1.99490690e-04  2.08107871e-06            9189             795
        7725.11         7638.95  2.02838298e-04  2.07128879e-06            9590             816
        7725.11         7639.65  2.02478176e-04  2.08873626e-06            9397             801
        7725.11         7640.35  2.02673929e-04  2.07426589e-06            9547             813
        7725.11         7641.05  2.10109675e-04  2.09910355e-06           10019             823
        7725.11         7641.75  2.17042805e-04  2.14390061e-06           10249             815
        7725.11         7642.45  2.28384312e-04  2.21419500e-06           10639             804
        7725.11         7643.15  2.46424703e-04  2.30716942e-06           11408             799
        7725.11         7643.85  2.60505866e-04  2.40243020e-06           11758             779
        7725.11         7644.55  2.88317989e-04  2.49871926e-06           13314             797
        7725.11         7645.25  3.14457507e-04  2.63275749e-06           14266             783
        7725.11         7645.95  3.53147109e-04  2.77939377e-06           16144             789
        7725.11         7646.65  3.97163584e-04  2.97979793e-06           17765             772
        7725.11         7647.35  4.69162356e-04  3.27925241e-06           20469             753
        7725.11         7648.05  5.49106026e-04  3.52433019e-06           24275             763
        7725.11         7648.75  6.27002003e-04  3.77842334e-06           27537             758
        7725.11         7649.45  6.50661680e-04  3.85669144e-06           28463             755
        7725.11         7650.15  6.04373943e-04  3.73933356e-06           26123             746
        7725.11         7650.85  4.67750923e-04  3.30518568e-06           20028             739
        7725.11         7651.55  3.22188103e-04  2.75807972e-06           13646             731
        7725.11         7652.25  2.24249848e-04  2.32174549e-06            9329             718
        7725.11         7652.95  1.71138175e-04  2.01983047e-06            7179             724
        7725.11         7653.65  1.39601658e-04  1.82552125e-06            5848             723
        7725.11         7654.35  1.25274887e-04  1.74262030e-06            5168             712
        7725.11         7655.05  1.14290104e-04  1.67747501e-06            4642             701
        7725.11         7655.75  1.12537993e-04  1.65514948e-06            4623             709
        7725.11         7656.45  1.02358230e-04  1.59778776e-06            4104             692
        7725.11         7657.15  1.02254706e-04  1.59929236e-06            4088             690
        7725.11         7657.85  9.98875009e-05  1.58411957e-06            3976             687
        7725.11         7658.55  9.38329517e-05  1.53535948e-06            3735             687
        7725.11         7659.25  9.21249447e-05  1.52465409e-06            3651             684
        7725.11         7659.95  9.17451189e-05  1.52485547e-06            3620             681
        7725.11         7660.65  9.20755161e-05  1.55524979e-06            3505             657
        7725.11         7661.35  9.06889553e-05  1.53533770e-06            3489             664
        7725.11         7662.05  8.84281914e-05  1.49813748e-06            3484             680
        7725.11         7662.75  8.87311921e-05  1.54088084e-06            3316             645
        7725.11         7663.45  8.64333643e-05  1.54001922e-06            3150             629
        7725.11         7664.15  8.55207536e-05  1.46258788e-06            3419             690
        7725.11         7664.85  8.34374409e-05  1.49305217e-06            3123             646
        7725.11         7665.55  8.45892113e-05  1.51390466e-06            3122             637
        7725.11         7666.25  8.46035426e-05  1.53218017e-06            3049             622
        7725.11         7666.95  8.23426315e-05  1.49837760e-06            3020             633
        7725.11         7667.65  8.28279364e-05  1.50397507e-06            3033             632
        7725.11         7668.35  8.06289574e-05  1.51913938e-06            2817             603
        7725.11         7669.05  8.22127535e-05  1.49601422e-06            3020             634
        7725.11         7669.75  7.90911233e-05  1.47198828e-06            2887             630
        7725.11         7670.45  7.88636206e-05  1.67870949e-06            2207             483
        7725.11         7671.15  8.09793429e-05  1.81987539e-06            1980             422
        7725.11         7671.85  7.84736381e-05  1.80220679e-06            1896             417
        7725.11         7672.55  7.47188112e-05  1.78663176e-06            1749             404
        7725.11         7673.25  7.86575124e-05  1.80215739e-06            1905             418
        7725.11         7673.95  7.98990893e-05  1.85211796e-06            1861             402
        7725.11         7674.65  7.62773938e-05  1.79191229e-06            1812             410
        7725.11         7675.35  7.55390283e-05  1.90039050e-06            1580             361
        7725.11         7676.05  7.56226950e-05  2.07204908e-06            1332             304
        7725.11         7676.75  7.24074248e-05  2.05127592e-06            1246             297
        7725.11         7677.45  7.38765172e-05  2.07547786e-06            1267             296
        7725.11         7678.15  7.61806573e-05  2.08655406e-06            1333             302
        7725.11         7678.85  7.46102290e-05  2.11452925e-06            1245             288
        7725.11         7679.55  7.39348254e-05  2.07629675e-06            1268             296
        7725.11         7680.25  7.24887815e-05  2.19361032e-06            1092             260
        7725.11         7680.95  7.46839651e-05  2.43721909e-06             939             217
        7725.11         7681.65  7.44828095e-05  2.49807325e-06             889             206
        7725.11         7682.35  7.32284629e-05  2.45324581e-06             891             210
        7725.11         7683.05  7.16544489e-05  2.42097947e-06             876             211
        7725.11         7683.75  6.90369348e-05  2.42871089e-06             808             202
        7725.11         7684.45  7.00903152e-05  2.38314221e-06             865             213
        7725.11         7685.15  7.47900127e-05  2.55328893e-06             858             198
        7725.11         7685.85  7.20755322e-05  2.95978736e-06             593             142
        7725.11         7686.55  6.80065327e-05  2.95960445e-06             528             134
        7725.11         7687.25  7.08267812e-05  3.00914159e-06             554             135
        7725.11         7687.95  6.68944092e-05  2.82177034e-06             562             145
        7725.11         7688.65  6.92733626e-05  2.86165623e-06             586             146
        7725.11         7689.35  6.44879894e-05  2.93734743e-06             482             129
        7725.11         7690.05  6.37153377e-05  3.02720705e-06             443             120
        7725.11         7690.75  6.90369348e-05  1.09156978e-05              40              10
