## Binding energy data for the Brennan/Cowen Tables
## data reformatted from the file cldata.f.
##
## symbol  number  name
## K L1 L2 L3 (if they are tabulated)
## M1 M2 M3 M4 M5 (if they are tabulated)
## N1 N2 N3 N4 N5 N6 N7 (if they are tabulated)
## O1 O2 O3 O4 O5 (if they are tabulated)
## P1 P2 P3 (if they are tabulated)
## ------------------------------------------------------------
 H    1  Hydrogen
     14.00
 He   2  Helium
     25.00
 Li   3  Lithium
     54.75      5.34
 Be   4  Beryllium
    111.00      8.42
 B    5  Boron
    188.00     13.47      4.70
 C    6  Carbon
    283.80     19.51      6.40
 N    7  Nitrogen
    401.60     26.31      9.20      9.20
 O    8  Oxygen
    532.00     23.70      7.10      7.10
 F    9  Fluorine
    685.40     31.00      8.60      8.60
 Ne  10  Neon
    866.90     45.00     18.30     18.30
 Na  11  Sodium
   1072.10     63.30     31.10     31.10
 Mg  12  Magnesium
   1305.00     89.40     51.40     51.40
 Al  13  Aluminium
   1559.60    117.70     73.10     73.10
      8.38
 Si  14  Silicon
   1838.90    148.70     99.20     99.20
     11.36      5.08
 P   15  Phosphorous
   2145.50    189.30    132.20    132.20
     14.46      6.38      6.34
 S   16  Sulfur
   2472.00    229.20    164.80    164.80
     17.69      7.81      7.73
 Cl  17  Chlorine
   2822.40    270.20    201.60    200.00
     17.50      6.80      6.80
 Ar  18  Argon
   3202.90    314.00    247.30    245.20
     25.30     12.40     12.40
 K   19  Potassium
   3607.40    377.10    296.30    293.60
     33.90     17.80     17.80
 Ca  20  Calcium
   4038.10    437.80    350.00    346.40
     43.70     25.40     25.40
 Sc  21  Scandium
   4492.80    500.40    406.70    402.20
     53.80     32.30     32.30
 Ti  22  Titanium
   4966.40    563.70    461.50    455.50
     60.30     34.60     34.60
 V   23  Vanadium
   5465.10    628.20    520.50    512.90
     66.50     37.80     37.80      2.20
 Cr  24  Chromium
   5989.20    694.60    583.70    574.50
     74.10     42.50     42.50      2.30      2.30
 Mn  25  Manganese
   6539.00    769.00    651.40    640.30
     83.90     48.60     48.60      7.26      7.14
 Fe  26  Iron
   7112.00    846.10    721.10    708.10
     92.90     54.00     54.00      3.56      3.56
 Co  27  Cobolt
   7708.90    925.60    793.60    778.60
    100.70     59.50     59.50      2.90      2.90
 Ni  28  Nickel
   8332.80   1008.10    871.90    854.70
    111.80     68.10     68.10      3.60      3.60
 Cu  29  Copper
   8978.90   1096.10    951.00    931.10
    119.80     73.60     73.60      1.60      1.60
 Zn  30  Zinc
   9658.90   1193.60   1042.80   1019.70
    135.90     86.60     86.60      8.10      8.10
 Ga  31  Gallium
  10367.00   1297.70   1142.30   1115.40
    158.10    106.80    102.90     17.40     17.40
 Ge  32  Germanium
  11103.10   1414.30   1247.80   1216.70
    180.00    127.90    120.80     28.70     28.70
 As  33  Arsenic
  11866.70   1526.50   1358.60   1323.10
    203.50    146.40    140.50     41.20     41.20
 Se  34  Selenium
  12657.80   1653.90   1476.20   1435.80
    231.50    168.20    161.90     56.70     56.70
 Br  35  Bromine
  13473.70   1782.00   1596.00   1549.90
    256.50    189.30    181.50     70.10     69.00
 Kr  36  Krypton
  14325.60   1921.00   1727.20   1674.90
    288.33    222.70    213.80     88.90     88.90
 Rb  37  Rubidium
  15200.00   2065.10   1863.90   1804.40
    322.10    247.40    238.50    111.80    110.30
 Sr  38  Strontium
  16104.60   2216.30   2006.80   1939.60
    357.50    279.80    269.10    135.00    133.10
     37.70     19.90     19.90
 Y   39  Yttrium
  17038.40   2372.50   2155.50   2080.00
    393.60    312.40    300.30    159.60    157.40
     45.40     25.60     25.60
 Zr  40  Zirconium
  17997.60   2531.60   2306.71   2222.30
    430.30    344.20    330.50    182.40    180.00
     51.30     28.70     28.70      4.02
 Nb  41  Nobium
  18985.60   2697.70   2464.70   2370.50
    468.40    378.40    363.00    207.40    204.60
     58.10     33.90     33.90      3.20
 Mo  42  Molybdenum
  19999.50   2865.50   2625.10   2520.20
    504.60    409.70    392.30    230.30    227.00
     61.80     34.80     34.80      1.80      1.80
 Tc  43  Technetium
  21044.00   3042.50   2793.20   2676.90
    547.60    444.90    425.00    256.40    252.90
     68.40     38.90     38.90      7.01      6.73
 Ru  44  Ruthenium
  22117.20   3224.00   2966.90   2837.90
    585.00    482.80    460.60    283.60    279.40
     74.90     43.01     43.01      2.00      2.00
 Rh  45  Rhodium
  23219.90   3411.90   3146.10   3003.80
    627.10    521.00    496.20    311.70    307.00
     81.00     47.90     47.90      2.50      2.50
 Pd  46  Paladium
  24350.30   3604.30   3330.30   3173.30
    669.90    559.10    531.50    340.00    334.70
     86.40     51.10     51.10      5.45      5.02
 Ag  47  Silver
  25514.00   3805.80   3523.70   3351.10
    717.50    602.40    571.40    372.80    366.70
     95.20     62.60     55.90      3.30      3.30
 Cd  48  Cadmium
  26711.20   4018.00   3727.00   3537.50
    770.20    650.70    616.50    410.50    403.70
    107.60     66.90     66.90      9.30      9.30
 In  49  Indium
  27939.90   4237.50   3938.00   3730.10
    825.60    702.20    664.30    450.80    443.10
    121.90     77.40     77.40     16.20     16.20
 Sn  50  Tin
  29200.00   4464.70   4156.10   3928.80
    883.80    756.40    714.40    493.30    484.80
    136.50     88.60     88.60     23.90     23.90
 Sb  51  Antimony
  30491.20   4698.30   4380.40   4132.20
    943.70    811.90    765.60    536.90    527.50
    152.00     98.40     98.40     31.40     31.40
 Te  52  Tellurium
  31813.80   4939.20   4612.00   4341.40
   1006.00    869.70    818.70    582.50    572.10
    168.30    110.20    110.20     39.80     39.80
 I   53  Iodine
  33169.40   5188.10   4852.10   4557.10
   1072.10    930.50    874.60    631.30    619.40
    186.40    122.70    122.70     49.60     49.60
 Xe  54  Xenon
  34561.40   5452.80   5103.70   4782.20
   1144.60    999.00    937.00    685.40    672.30
    208.10    146.70    146.70     64.00     64.00
 Cs  55  Cesium
  35984.60   5714.30   5359.40   5011.90
   1217.10   1065.00    997.60    739.50    725.50
    230.80    172.30    161.60     78.80     76.50     22.70     13.10
     11.40
 Ba  56  Barium
  37440.60   5988.80   5623.60   5247.00
   1292.80   1136.70   1062.10    796.10    780.70
    253.00    191.80    179.70     92.50     89.90     39.01     16.56
     14.60
 La  57  Lanthanum
  38924.60   6266.30   5890.60   5482.70
   1361.30   1204.40   1123.40    848.50    831.70
    270.40    205.80    191.40     98.90     98.90     32.30     14.40
     14.40
 Ce  58  Cerium
  40443.00   6548.80   6164.20   5723.40
   1434.60   1272.80   1185.40    901.30    883.30
    289.60    223.30    207.20    101.00    101.00     85.90     37.80
     19.80     19.80
 Pr  59  Praesodium
  41991.00   6834.80   6440.40   5964.30
   1511.00   1337.40   1242.20    951.10    931.00
    304.50    236.30    217.60    113.20    113.20      3.50     37.40
     22.30     22.30
 Nd  60  Neodymium
  43568.90   7126.00   6721.50   6207.90
   1575.30   1402.80   1297.40    999.50    977.70
    315.20    243.30    224.60    117.50    117.50      3.00     37.50
     21.10     21.10
 Pm  61  Promethium
  45184.00   7427.90   7012.80   6459.30
   1646.40   1471.40   1356.90   1051.50   1026.90
    330.40    254.40    236.00    120.40    120.40      4.00     37.50
     21.10     21.10
 Sm  62  Samarium
  46834.20   7736.80   7311.80   6716.20
   1722.80   1540.70   1419.80   1106.00   1080.20
    345.70    265.60    247.40    129.00    129.00      5.50     37.40
     21.30     21.30
 Eu  63  Europium
  48519.00   8052.00   7617.10   6976.90
   1800.00   1613.90   1480.60   1160.60   1130.90
    360.20    283.90    256.60    133.20    133.20      2.91     31.80
     22.00     22.00
 Gd  64  Gadolinium
  50239.10   8376.50   7930.20   7242.80
   1880.80   1688.30   1544.00   1217.20   1185.20
    375.80    288.50    270.90    140.50    140.50      9.28      8.52
     36.10     20.30     20.30
 Tb  65  Terbium
  51995.70   8708.00   8251.60   7514.00
   1967.50   1767.70   1611.30   1275.00   1241.20
    397.90    310.20    285.00    147.00    147.00      9.40      8.60
     39.00     25.40     25.40
 Dy  66  Dysprosium
  53788.50   9045.80   8580.60   7790.10
   2046.80   1841.80   1675.60   1332.50   1294.90
    416.30    331.80    292.90    154.20    154.20      4.20      4.20
     62.90     26.30     26.30
 Ho  67  Holmium
  55617.70   9394.20   8917.80   8071.10
   2128.30   1922.80   1741.20   1391.50   1351.40
    435.70    343.50    306.60    161.00    161.00      3.70      3.70
     51.20     20.30     20.30
 Er  68  Erbium
  57485.50   9751.30   9264.30   8357.90
   2206.50   2005.80   1811.80   1453.30   1409.30
    449.10    366.20    320.00    176.70    167.60      4.30      4.30
     59.80     29.40     29.40
 Tm  69  Thulium
  59389.60  10115.70   9616.90   8648.00
   2306.80   2089.80   1884.50   1514.60   1467.70
    471.70    385.90    336.60    179.60    179.60      5.30      5.30
     53.20     32.30     32.30
 Yb  70  Ytterbium
  61332.30  10486.40   9978.20   8943.60
   2398.10   2173.00   1949.80   1576.30   1527.80
    487.20    396.70    343.50    198.10    184.90      6.30      6.30
     54.10     23.40     23.40
 Lu  71  Lutetium
  63313.80  10870.40  10348.60   9244.10
   2491.20   2263.40   2023.60   1639.40   1588.50
    506.20    410.10    359.30    204.80    195.00      6.90      6.90
     56.80     28.00     28.00
 Hf  72  Hafnium
  65350.80  11270.70  10739.40   9560.70
   2600.90   2365.40   2107.60   1716.40   1661.70
    538.10    437.00    380.40    223.80    213.70     17.10     17.10
     64.90     38.10     30.60      5.00
 Ta  73  Tantalum
  67416.40  11681.50  11136.10   9881.10
   2708.00   2468.70   2194.00   1793.20   1735.10
    565.50    464.80    404.50    241.30    229.30     25.00     25.00
     71.10     44.90     36.40      5.70
 W   74  Tungsten
  69525.00  12099.80  11544.00  10206.80
   2819.60   2574.90   2281.00   1871.60   1809.20
    595.00    491.60    425.30    258.80    245.40     36.50     33.60
     77.10     46.80     35.60      6.10
 Re  75  Rhenium
  71676.40  12526.70  11958.70  10535.30
   2931.70   2681.60   2367.30   1948.90   1882.90
    625.00    517.90    444.40    273.70    260.20     40.60     40.60
     82.80     45.60     34.60      6.06      5.21
 Os  76  Osmium
  73870.80  12968.00  12385.00  10870.90
   3048.50   2792.20   2457.20   2030.80   1960.10
    654.30    546.50    468.20    289.40    272.80     46.30     46.30
     83.70     58.00     45.40      7.05      6.03
 Ir  77  Iridium
  76111.00  13418.50  12824.10  11215.20
   3173.70   2908.70   2550.70   2116.10   2040.40
    690.10    577.10    494.30    311.40    294.90     63.40     60.50
     95.20     63.00     50.50      8.06      6.85
 Pt  78  Platinum
  78394.80  13879.90  13272.60  11563.70
   3296.00   3026.50   2645.40   2201.90   2121.60
    722.00    609.20    519.00    330.80    313.30     74.30     71.10
    101.70     65.30     51.70      7.44      6.12
 Au  79  Gold
  80724.90  14352.80  13733.60  11918.70
   3424.90   3147.80   2743.00   2291.10   2205.70
    758.80    643.70    545.40    352.00    333.90     86.40     82.80
    107.80     71.70     53.70      8.31      6.79
 Hg  80  Mercury
  83102.30  14839.30  14208.70  12283.90
   3561.60   3278.50   2847.10   2384.90   2294.90
    800.30    676.90    571.00    378.30    359.80    102.20     98.50
    120.30     80.50     57.60      6.40      6.40
      7.71
 Tl  81  Thalium
  85530.40  15346.70  14697.90  12657.50
   3704.10   3415.70   2956.60   2485.10   2389.30
    845.50    721.30    609.00    406.60    386.20    122.80    118.50
    136.30     99.60     75.40     15.30     13.10
      9.66
 Pb  82  Lead
  88005.00  15860.80  15200.00  13035.20
   3850.70   3554.20   3066.40   2585.60   2484.00
    893.60    763.90    644.50    435.20    412.90    142.90    138.10
    147.30    104.80     86.00     21.80     19.20
     11.70      4.91
 Bi  83  Bismuth
  90526.00  16387.50  15711.10  13418.60
   3999.10   3696.30   3176.90   2687.60   2579.60
    938.20    805.30    678.90    463.60    434.00    161.90    157.40
    159.30    116.80     92.80     26.50     24.40
     14.23      6.18
 Po  84  Polonium
  93105.00  16939.30  16244.30  13813.80
   4149.40   3854.10   3301.90   2798.00   2683.00
    995.30    851.00    705.00    500.20    473.50    175.30    169.40
    170.90    125.70     98.30     31.40     31.40
     16.78      7.56      5.39
 At  85  Astatine
  95729.90  17493.00  16784.70  14213.50
   4317.00   4008.00   3426.00   2908.70   2786.70
   1042.00    886.00    740.00    533.20    475.40    197.10    190.60
    185.60    138.50    108.40     41.60     37.66
     19.34      9.03      6.25
 Rn  86  Radon
  98404.00  18049.00  17337.00  14619.00
   4482.00   4159.00   3538.00   3021.50   2892.40
   1097.00    929.00    768.00    566.60    537.00    219.60    212.60
    200.80    151.80    118.80     48.70     44.26
     21.94     10.57      7.13
 Fr  87  Francium
 101137.00  18639.00  17906.50  15031.20
   4652.00   4327.00   3663.00   3136.20   2999.70
   1153.00    980.00    810.00    603.30    577.00    246.50    238.90
    220.00    169.00    132.90     59.54     54.55
     27.87     15.16     10.61
 Ra  88  Radium
 103922.00  19236.70  18484.30  15444.40
   4822.00   4489.50   3791.80   3248.40   3104.90
   1208.40   1057.60    879.10    635.90    602.70    298.90    298.90
    254.40    200.40    152.80     67.20     67.20
     43.50     18.80     18.80
 Ac  89  Actinum
 106755.00  19840.00  19083.20  15871.00
   5002.10   4656.00   3909.00   3370.30   3219.00
   1269.00   1080.00    890.00    675.00    637.00    303.90    295.20
    261.40    206.30    163.20     83.20     77.00
     40.50     25.20     18.40
 Th  90  Thorium
 109651.00  20472.10  19693.20  16300.30
   5182.30   4830.40   4046.10   3490.90   3332.00
   1329.60   1168.20    967.40    714.10    676.40    344.50    335.20
    290.30    229.50    181.80     94.30     87.90
     59.50     49.00     43.00
 Pa  91  Protactinium
 112601.00  21104.60  20313.70  16733.10
   5366.90   5000.90   4173.80   3611.20   3441.80
   1387.10   1224.30   1006.70    743.40    708.20    371.20    359.50
    309.60    233.60    183.10     96.60     89.20
     45.40     28.50     20.30
 U   92  Uranium
 115606.00  21757.40  20947.60  17166.30
   5548.00   5182.20   4303.40   3727.60   3551.70
   1440.80   1272.60   1044.90    780.40    737.70    391.30    380.90
    323.70    259.30    195.10    105.00     96.30
     70.70     42.30     32.30
