
# Aikman polynomial coefficients for the Cromer-Mann data.
# The structure of this file is:
#
# Four character Element/valence symbol
#   a1 b1 a2 b2 a3 b3 a4 b4 c
#-----------------------------------------------------------------------
#  the formula for reconstruction of f0 is:
#            4
#   f0(s) = sum [ ai*exp(-bi*s^2) ] + c ,    s = sin(theta) / lambda
#           i=1                            ==> (lambda*s / 2pi) is the
#                                               momentum transfer
#                                        s = 1/2d where d=the d-spacing
#-----------------------------------------------------------------------
H
  .493002 10.5109 .322912 26.1257 .140191 3.14236 .040810 57.7997 .003038
H.
  .489918 20.6593 .262003 7.74039 .196767 49.5519 .049879 2.20159 .001305
H1-
  .897661 53.1368 .565616 15.1870 .415815 186.576 .116973 3.56709 .002389
He
  .8734 9.1037 .6309 3.3568 .3112 22.9276 .1780 .9821 .0064
Li
  1.1282 3.9546 .7508 1.0524 .6175 85.3905 .4653 168.261 .0377
Li1+
  .6968 4.6237 .7888 1.9557 .3414 .6316 .1563 10.0953 .0167
Be
  1.5919 43.6427 1.1278 1.8623 .5391 103.483 .7029 .5420 .0385
Be2+
  6.2603 .0027 .8849 .8313 .7993 2.2758 .1647 5.1146 -6.1092
B
  2.0545 23.2185 1.3326 1.0210 1.0979 60.3498 .7068 .1403 -.1932
C
  2.3100 20.8439 1.0200 10.2075 1.5886 .5687 .8650 51.6512 .2156
C.
  2.26069 22.6907 1.56165 .656665 1.05075 9.75618 .839259 55.5949 .286977
N
  12.2126 .0057 3.1322 9.8933 2.0125 28.9975 1.1663 .5826 -11.529
O
  3.0485 13.2771 2.2868 5.7011 1.5463 .3239 .8670 32.9089 .2508
O1-
  4.19160 12.8573 1.63969 4.17236 1.52673 47.0179 -20.307 -.01404 21.9412
F
  3.5392 10.2825 2.6412 4.2944 1.5170 .2615 1.0243 26.1476 .2776
F1-
  3.63220 5.27756 3.51057 14.7353 1.26064 .442258 .940706 47.3437 .653396
Ne
  3.9553 8.4042 3.1125 3.4262 1.4546 .2306 1.1251 21.7184 .3515
Na
  4.7626 3.2850 3.1736 8.8422 1.2674 .3136 1.1128 129.424 .6760
Na1+
  3.2565 2.6671 3.9362 6.1153 1.3998 .2001 1.0032 14.0390 .4040
Mg
  5.4204 2.8275 2.1735 79.2611 1.2269 .3808 2.3073 7.1937 .8584
Mg2+
  3.4988 2.1676 3.8378 4.7542 1.3284 .1850 .8497 10.1411 .4853
Al
  6.4202 3.0387 1.9002 .7426 1.5936 31.5472 1.9646 85.0886 1.1151
Al3+
  4.17448 1.93816 3.38760 4.14553 1.20296 .228753 .528137 8.28524 .706786
Si
  6.2915 2.4386 3.0353 32.3337 1.9891 .6785 1.5410 81.6937 1.1407
Si.
  5.66269 2.66520 3.07164 38.6634 2.62446 .916946 1.39320 93.5458 1.24707
Si4+
  4.43918 1.64167 3.20345 3.43757 1.19453 .214900 .416530 6.65365 .746297
S
  6.9053 1.4679 5.2034 22.2151 1.4379 .2536 1.5863 56.1720 .8669
P
  6.4345 1.9067 4.1791 27.1570 1.7800 .5260 1.4908 68.1645 1.1149
Cl
  11.4604 .0104 7.1964 1.1662 6.2556 18.5194 1.6455 47.7784 -9.5574
Cl1-
  18.2915 .0066 7.2084 1.1717 6.5337 19.5424 2.3386 60.4486 -16.378
Ar
  7.4845 .9072 6.7723 14.8407 .6539 43.8983 1.6442 33.3929 1.4445
K
  8.2186 12.7949 7.4398 .7748 1.0519 213.187 .8659 41.6841 1.4228
K1+
  7.9578 12.6331 7.4917 .7674 6.3590 -.0020 1.1915 31.9128 -4.9978
Ca
  8.6266 10.4421 7.3873 .6599 1.5899 85.7484 1.0211 178.437 1.3751
Ca2+
  15.6348 -.0074 7.9518 .6089 8.4372 10.3116 .8537 25.9905 -14.875
Sc
  9.1890 9.0213 7.3679 .5729 1.6409 136.108 1.4680 51.3531 1.3329
Sc3+
  13.4008 .298540 8.02730 7.96290 1.65943 -.28604 1.57936 16.0662 -6.6667
Ti
  9.7595 7.8508 7.3558 .5000 1.6991 35.6338 1.9021 116.105 1.2807
Ti2+
  9.11423 7.52430 7.62174 .457585 2.27930 19.5361 .087899 61.6558 .897155
Ti3+
  17.7344 .220610 8.73816 7.04716 5.25691 -.15762 1.92134 15.9768 -14.652
Ti4+
  19.5114 .178847 8.23473 6.67018 2.01341 -.29263 1.52080 12.9464 -13.280
V
  10.2971 6.8657 7.3511 .4385 2.0703 26.8938 2.0571 102.478 1.2199
V2+
  10.1060 6.8818 7.3541 .4409 2.2884 20.3004 .0223 115.122 1.2298
V3+
  9.43141 6.39535 7.74190 .383349 2.15343 15.1908 .016865 63.9690 .656565
V5+
  15.6887 .679003 8.14208 5.40135 2.03081 9.97278 -9.5760 .940464 1.71430
Cr
  10.6406 6.1038 7.3537 .3920 3.3240 20.2626 1.4922 98.7399 1.1832
Cr2+
  9.54034 5.66078 7.75090 .344261 3.58274 13.3075 .509107 32.4224 .616898
Cr3+
  9.68090 5.59463 7.81136 .334393 2.87603 12.8288 .113575 32.8761 .518275
Mn
  11.2819 5.3409 7.3573 .3432 3.0193 17.8674 2.2441 83.7543 1.0896
Mn2+
  10.8061 5.2796 7.3620 .3435 3.5268 14.3430 .2184 41.3235 1.0874
Mn3+
  9.84521 4.91797 7.87194 .294393 3.56531 10.8171 .323613 24.1281 .393974
Mn4+
  9.96253 4.84850 7.97057 .283303 2.76067 10.4852 .054447 27.5730 .251877
Fe
  11.7695 4.7611 7.3573 .3072 3.5222 15.3535 2.3045 76.8805 1.0369
Fe2+
  11.0424 4.6538 7.3740 .3053 4.1346 12.0546 .4399 31.2809 1.0097
Fe3+
  11.1764 4.6147 7.3863 .3005 3.3948 11.6729 .0724 38.5566 .9707
Co
  12.2841 4.2791 7.3409 .2784 4.0034 13.5359 2.3488 71.1692 1.0118
Co2+
  11.2296 4.1231 7.3883 .2726 4.7393 10.2443 .7108 25.6466 .9324
Co3+
  10.3380 3.90969 7.88173 .238668 4.76795 8.35583 .725591 18.3491 .286667
Ni
  12.8376 3.8785 7.2920 .2565 4.4438 12.1763 2.3800 66.3421 1.0341
Ni2+
  11.4166 3.6766 7.4005 .2449 5.3442 8.8730 .9773 22.1626 .8614
Ni3+
  10.7806 3.54770 7.75868 .223140 5.22746 7.64468 .847114 16.9673 .386044
Cu
  13.3380 3.5828 7.1676 .2470 5.6158 11.3966 1.6735 64.8126 1.1910
Cu1+
  11.9475 3.3669 7.3573 .2274 6.2455 8.6625 1.5578 25.8487 .8900
Cu2+
  11.8168 3.37484 7.11181 .244078 5.78135 7.98760 1.14523 19.8970 1.14431
Zn
  14.0743 3.2655 7.0318 .2333 5.1652 10.3163 2.4100 58.7097 1.3041
Zn2+
  11.9719 2.9946 7.3862 .2031 6.4668 7.0826 1.3940 18.0995 .7807
Ga
  15.2354 3.0669 6.7006 .2412 4.3591 10.7805 2.9623 61.4135 1.7189
Ga3+
  12.6920 2.81262 6.69883 .227890 6.06692 6.36441 1.00660 14.4122 1.53545
Ge
  16.0816 2.8509 6.3747 .2516 3.7068 11.4468 3.6830 54.7625 2.1313
Ge4+
  12.9172 2.53718 6.70003 .205855 6.06791 5.47913 .859041 11.6030 1.45572
As
  16.6723 2.6345 6.0701 .2647 3.4313 12.9479 4.2779 47.7972 2.5310
Se
  17.0006 2.4098 5.8196 .2726 3.9731 15.2372 4.3543 43.8163 2.8409
Br
  17.1789 2.1723 5.2358 16.5796 5.6377 .2609 3.9851 41.4328 2.9557
Br1-
  17.1718 2.2059 6.3338 19.3345 5.5754 .2871 3.7272 58.1535 3.1776
Kr
  17.3555 1.9384 6.7286 16.5623 5.5493 .2261 3.5375 39.3972 2.8250
Rb
  17.1784 1.7888 9.6435 17.3151 5.1399 .2748 1.5292 164.934 3.4873
Rb1+
  17.5816 1.7139 7.6598 14.7957 5.8981 .1603 2.7817 31.2087 2.0782
Sr
  17.5663 1.5564 9.8184 14.0988 5.4220 .1664 2.6694 132.376 2.5064
Sr2+
  18.0874 1.4907 8.1373 12.6963 2.5654 24.5651 -34.193 -.0138 41.4025
Y
  17.7760 1.40290 10.2946 12.8006 5.72629 .125599 3.26588 104.354 1.91213
Y3+
  17.9268 1.35417 9.15310 11.2145 1.76795 22.6599 -33.108 -.01319 40.2602
Zr
  17.8765 1.27618 10.9480 11.9160 5.41732 .117622 3.65721 87.6627 2.06929
Zr4+
  18.1668 1.21480 10.0562 10.1483 1.01118 21.6054 -2.6479 -.10276 9.41454
Nb
  17.6142 1.18865 12.0144 11.7660 4.04183 .204785 3.53346 69.7957 3.75591
Nb3+
  19.8812 .019175 18.0653 1.13305 11.0177 10.1621 1.94715 28.3389 -12.912
Nb5+
  17.9163 1.12446 13.3417 .028781 10.7990 9.28206 .337905 25.7228 -6.3934
Mo
  3.7025 .2772 17.2356 1.0958 12.8876 11.0040 3.7429 61.6584 4.3875
Mo3+
  21.1664 .014734 18.2017 1.03031 11.7423 9.53659 2.30951 26.6307 -14.421
Mo5+
  21.0149 .014345 18.0992 1.02238 11.4632 8.78809 .740625 23.3452 -14.316
Mo6+
  17.8871 1.03649 11.1750 8.48061 6.57891 .058881 0.0 0.0 .344941
Tc
  19.1301 .864132 11.0948 8.14487 4.64901 21.5707 2.71263 86.8472 5.40428
Ru
  19.2674 .808520 12.9182 8.43467 4.86337 24.7997 1.56756 94.2928 5.37874
Ru3+
  18.5638 .847329 13.2885 8.37164 9.32602 .017662 3.00964 22.8870 -3.1892
Ru4+
  18.5003 .844582 13.1787 8.12534 4.71304 .036495 2.18535 20.8504 1.42357
Rh
  19.2957 .751536 14.3501 8.21758 4.73425 25.8749 1.28918 98.6062 5.32800
Rh3+
  18.8785 .764252 14.1259 7.84438 3.32515 21.2487 -6.1989 -.01036 11.8678
Rh4+
  18.8545 .760825 13.9806 7.62436 2.53464 19.3317 -5.6526 -.01020 11.2835
Pd
  19.3319 .698655 15.5017 7.98929 5.29537 25.2052 .605844 76.8986 5.26593
Pd2+
  19.1701 .696219 15.2096 7.55573 4.32234 22.5057 0.0 0.0 5.29160
Pd4+
  19.2493 .683839 14.7900 7.14833 2.89289 17.9144 -7.9492 .005127 13.0174
Ag
  19.2808 .6446 16.6885 7.4726 4.8045 24.6605 1.0463 99.8156 5.1790
Ag1+
  19.1812 .646179 15.9719 7.19123 5.27475 21.7326 .357534 66.1147 5.21572
Ag2+
  19.1643 .645643 16.2456 7.18544 4.37090 21.4072 0.0 0.0 5.21404
Cd
  19.2214 .5946 17.6444 6.9089 4.4610 24.7008 1.6029 87.4825 5.0694
Cd2+
  19.1514 .597922 17.2535 6.80639 4.47128 20.2521 0.0 0.0 5.11937
In
  19.1624 .5476 18.5596 6.3776 4.2948 25.8499 2.0396 92.8029 4.9391
In3+
  19.1045 .551522 18.1108 6.32470 3.78897 17.3595 0.0 0.0 4.99635
Sn
  19.1889 5.8303 19.1005 .5031 4.4585 26.8909 2.4663 83.9571 4.7821
Sn2+
  19.1094 .5036 19.0548 5.8378 4.5648 23.3752 .4870 62.2061 4.7861
Sn4+
  18.9333 5.7640 19.7131 .4655 3.4182 14.0049 .0193 -.7583 3.9182
Sb
  19.6418 5.3034 19.0455 .4607 5.0371 27.9074 2.6827 75.2825 4.5909
Sb3+
  18.9755 .467196 18.9330 5.22126 5.10789 19.5902 .288753 55.5113 4.69626
Sb5+
  19.8685 5.44853 19.0302 .467973 2.41253 14.1259 0.0 0.0 4.69263
Te
  19.9644 4.81742 19.0138 .420885 6.14487 28.5284 2.52390 70.8403 4.35200
I
  20.1472 4.3470 18.9949 .3814 7.5138 27.7660 2.2735 66.8776 4.0712
I1-
  20.2332 4.3579 18.9970 .3815 7.8069 29.5259 2.8868 84.9304 4.0714
Xe
  20.2933 3.9282 19.0298 .3440 8.9767 26.4659 1.9900 64.2658 3.7118
Cs
  20.3892 3.5690 19.1062 .3107 10.6620 24.3879 1.4953 213.904 3.3352
Cs1+
  20.3524 3.5520 19.1278 .3086 10.2821 23.7128 .9615 59.4565 3.2791
Ba
  20.3361 3.2160 19.2970 .2756 10.8880 20.2073 2.6959 167.202 2.7731
Ba2+
  20.1807 3.21367 19.1136 .283310 10.9054 20.0558 .773634 51.7460 3.02902
La
  20.5780 2.94817 19.5990 .244475 11.3727 18.7726 3.28719 133.124 2.14678
La3+
  20.2489 2.92070 19.3763 .250698 11.6323 17.8211 .336048 54.9453 2.40860
Ce
  21.1671 2.81219 19.7695 .226836 11.8513 17.6083 3.33049 127.113 1.86264
Ce3+
  20.8036 2.77691 19.5590 .231540 11.9369 16.5408 .612376 43.1692 2.09013
Ce4+
  20.3235 2.65941 19.8186 .218850 12.1233 15.7992 .144583 62.2355 1.59180
Pr
  22.0440 2.77393 19.6697 .222087 12.3856 16.7669 2.82428 143.644 2.05830
Pr3+
  21.3727 2.64520 19.7491 .214299 12.1329 15.3230 .975180 36.4065 1.77132
Pr4+
  20.9413 2.54467 20.0539 .202481 12.4668 14.8137 .296689 45.4643 1.24285
Nd
  22.6845 2.66248 19.6847 .210628 12.7740 15.8850 2.85137 137.903 1.98486
Nd3+
  21.9610 2.52722 19.9339 .199237 12.1200 14.1783 1.51031 30.8717 1.47588
Pm
  23.3405 2.56270 19.6095 .202088 13.1235 15.1009 2.87516 132.721 2.02876
Pm3+
  22.5527 2.41740 20.1108 .185769 12.0671 13.1275 2.07492 27.4491 1.19499
Sm
  24.0042 2.47274 19.4258 .196451 13.4396 14.3996 2.89604 128.007 2.20963
Sm3+
  23.1504 2.31641 20.2599 .174081 11.9202 12.1571 2.71488 24.8242 .954586
Eu
  24.6274 2.3879 19.0886 .1942 13.7603 13.7546 2.9227 123.174 2.5745
Eu2+
  24.0063 2.27783 19.9504 .173530 11.8034 11.6096 3.87243 26.5156 1.36389
Eu3+
  23.7497 2.22258 20.3745 .163940 11.8509 11.3110 3.26503 22.9966 .759344
Gd
  25.0709 2.25341 19.0798 .181951 13.8518 12.9331 3.54545 101.398 2.41960
Gd3+
  24.3466 2.13553 20.4208 .155525 11.8708 10.5782 3.71490 21.7029 .645089
Tb
  25.8976 2.24256 18.2185 .196143 14.3167 12.6648 2.95354 115.362 3.58324
Tb3+
  24.9559 2.05601 20.3271 .149525 12.2471 10.0499 3.77300 21.2773 .691967
Dy
  26.5070 2.18020 17.6383 .202172 14.5596 12.1899 2.96577 111.874 4.29728
Dy3+
  25.5395 1.98040 20.2861 .143384 11.9812 9.34972 4.50073 19.5810 .689690
Ho
  26.9049 2.07051 17.2940 .197940 14.5583 11.4407 3.63837 92.6566 4.56796
Ho3+
  26.1296 1.91072 20.0994 .139358 11.9788 8.80018 4.93676 18.5908 .852795
Er
  27.6563 2.07356 16.4285 .223545 14.9779 11.3604 2.98233 105.703 5.92046
Er3+
  26.7220 1.84659 19.7748 .137290 12.1506 8.36225 5.17379 17.8974 1.17613
Tm
  28.1819 2.02859 15.8851 .238849 15.1542 10.9975 2.98706 102.961 6.75621
Tm3+
  27.3083 1.78711 19.3320 .136974 12.3339 7.96778 5.38348 17.2922 1.63929
Yb
  28.6641 1.98890 15.4345 .257119 15.3087 10.6647 2.98963 100.417 7.56672
Yb2+
  28.1209 1.78503 17.6817 .159970 13.3335 8.18304 5.14657 20.3900 3.70983
Yb3+
  27.8917 1.73272 18.7614 .138790 12.6072 7.64412 5.47647 16.8153 2.26001
Lu
  28.9476 1.90182 15.2208 9.98519 15.1000 .261033 3.71601 84.3298 7.97628
Lu3+
  28.4628 1.68216 18.1210 .142292 12.8429 7.33727 5.59415 16.3535 2.97573
Hf
  29.1440 1.83262 15.1726 9.59990 14.7586 .275116 4.30013 72.0290 8.58154
Hf4+
  28.8131 1.59136 18.4601 .128903 12.7285 6.76232 5.59927 14.0366 2.39699
Ta
  29.2024 1.77333 15.2293 9.37046 14.5135 .295977 4.76492 63.3644 9.24354
Ta5+
  29.1587 1.50711 18.8407 .116741 12.8268 6.31524 5.38695 12.4244 1.78555
W
  29.0818 1.72029 15.4300 9.22590 14.4327 .321703 5.11982 57.0560 9.88750
W6+
  29.4936 1.42755 19.3763 .104621 13.0544 5.93667 5.06412 11.1972 1.01074
Re
  28.7621 1.67191 15.7189 9.09227 14.5564 .350500 5.44174 52.0861 10.4720
Os
  28.1894 1.62903 16.1550 8.97948 14.9305 .382661 5.67589 48.1647 11.0005
Os4+
  30.4190 1.37113 15.2637 6.84706 14.7458 .165191 5.06795 18.0030 6.49804
Ir
  27.3049 1.59279 16.7296 8.86553 15.6115 .417916 5.83377 45.0011 11.4722
Ir3+
  30.4156 1.34323 15.8620 7.10909 13.6145 .204633 5.82008 20.3254 8.27903
Ir4+
  30.7058 1.30923 15.5512 6.71983 14.2326 .167252 5.53672 17.4911 6.96824
Pt
  27.0059 1.51293 17.7639 8.81174 15.7131 .424593 5.78370 38.6103 11.6883
Pt2+
  29.8429 1.32927 16.7224 7.38979 13.2153 .263297 6.35234 22.9426 9.85329
Pt4+
  30.9612 1.24813 15.9829 6.60834 13.7348 .168640 5.92034 16.9392 7.39534
Au
  16.8819 .4611 18.5913 8.6216 25.5582 1.4826 5.8600 36.3956 12.0658
Au1+
  28.0109 1.35321 17.8204 7.73950 14.3359 .356752 6.58077 26.4043 11.2299
Au3+
  30.6886 1.21990 16.9029 6.82872 12.7801 .212867 6.52354 18.6590 9.09680
Hg
  20.6809 .5450 19.0417 8.4484 21.6575 1.5729 5.9676 38.3246 12.6089
Hg1+
  25.0853 1.39507 18.4973 7.65105 16.8883 .443378 6.48216 28.2262 12.0205
Hg2+
  29.5641 1.21152 18.0600 7.05639 12.8374 .284738 6.89912 20.7482 10.6268
Tl
  27.5446 .655150 19.1584 8.70751 15.5380 1.96347 5.52593 45.8149 13.1746
Tl1+
  21.3985 1.47110 20.4723 .517394 18.7478 7.43463 6.82847 28.8482 12.5258
Tl3+
  30.8695 1.10080 18.3841 6.53852 11.9328 .219074 7.00574 17.2114 9.80270
Pb
  31.0617 .6902 13.0637 2.3576 18.4420 8.6180 5.9696 47.2579 13.4118
Pb2+
  21.7886 1.33660 19.5682 .488383 19.1406 6.77270 7.01107 23.8132 12.4734
Pb4+
  32.1244 1.00566 18.8003 6.10926 12.0175 .147041 6.96886 14.7140 8.08428
Bi
  33.3689 .7040 12.9510 2.9238 16.5877 8.7937 6.4692 48.0093 13.5782
Bi3+
  21.8053 1.23560 19.5026 6.24149 19.1053 .469999 7.10295 20.3185 12.4711
Bi5+
  33.5364 .916540 25.0946 .039042 19.2497 5.71414 6.91555 12.8285 -6.7994
Po
  34.6726 .700999 15.4733 3.55078 13.1138 9.55642 7.02588 47.0045 13.6770
At
  35.3163 .685870 19.0211 3.97458 9.49887 11.3824 7.42518 45.4715 13.7108
Rn
  35.5631 .6631 21.2816 4.0691 8.0037 14.0422 7.4433 44.2473 13.6905
Fr
  35.9299 .646453 23.0547 4.17619 12.1439 23.1052 2.11253 150.645 13.7247
Ra
  35.7630 .616341 22.9064 3.87135 12.4739 19.9887 3.21097 142.325 13.6211
Ra2+
  35.2150 .604909 21.6700 3.57670 7.91342 12.6010 7.65078 29.8436 13.5431
Ac
  35.6597 .589092 23.1032 3.65155 12.5977 18.5990 4.08655 117.020 13.5266
Ac3+
  35.1736 .579689 22.1112 3.41437 8.19216 12.9187 7.05545 25.9443 13.4637
Th
  35.5645 .563359 23.4219 3.46204 12.7473 17.8309 4.80703 99.1722 13.4314
Th4+
  35.1007 .555054 22.4418 3.24498 9.78554 13.4661 5.29444 23.9533 13.3760
Pa
  35.8847 .547751 23.2948 3.41519 14.1891 16.9235 4.17287 105.251 13.4287
U
  36.0228 .5293 23.4128 3.3253 14.9491 16.0927 4.1880 100.613 13.3966
U3+
  35.5747 .520480 22.5259 3.12293 12.2165 12.7148 5.37073 26.3394 13.3092
U4+
  35.3715 .516598 22.5326 3.05053 12.0291 12.5723 4.79840 23.4582 13.2671
U6+
  34.8509 .507079 22.7584 2.89030 14.0099 13.1767 1.21457 25.2017 13.1665
Np
  36.1874 .511929 23.5964 3.25396 15.6402 15.3622 4.18550 97.4908 13.3573
Np3+
  35.0136 .489810 22.7286 2.81099 14.3884 12.3300 1.75669 22.6581 13.1130
Np4+
  36.5254 .499384 23.8083 3.26371 16.7707 14.9455 3.47947 105.980 13.3812
Np6+
  35.7074 .502322 22.6130 3.03807 12.9898 12.1449 5.43227 25.4928 13.2544
Pu
  35.5103 .498626 22.5787 2.96627 12.7766 11.9484 4.92159 22.7502 13.2116
Pu3+
  35.8400 .484938 22.7169 2.96118 13.5807 11.5331 5.66016 24.3992 13.1991
Pu4+
  35.6493 .481422 22.6460 2.89020 13.3595 11.3160 5.18831 21.8301 13.1555
Pu6+
  35.1736 .473204 22.7181 2.73848 14.7635 11.5530 2.28678 20.9303 13.0582
Am
  36.6706 .483629 24.0992 3.20647 17.3415 14.3136 3.49331 102.273 13.3592
Cm
  36.6488 .465154 24.4096 3.08997 17.3990 13.4346 4.21665 88.4834 13.2887
Bk
  36.7881 .451018 24.7736 3.04619 17.8919 12.8946 4.23284 86.0030 13.2754
Cf
  36.9185 0.437533 25.1995 3.00775 18.3317 12.4044 4.24391 83.7881 13.2674
O2-.
  4.758 7.831 3.637 30.05 0. 0. 0. 0. 1.594
