# McMaster data $Id: mcmaster.dat,v 1.1 1999/05/21 23:09:56 bruce Exp $
# 31 October 2005: Fixed a_l[2] for U.  Found by Eugeniusz Zukowski 
#                  <ezukow@alpha.uwb.edu.pl>
# 4 November 2005: From Carlo Segre <segre@iit.edu>
#                  Tm - the L-beta emission was in keV not eV
#                  Re - the elemental propoerties were those of W not Re
#
# Key for reading McMaster data:
#-------------------------------------------------------
# atomic_symbol atomic_number atomic_weight density conversion 
# energy_k energy_l1 energy_l2 energy_l3 energy_m 
# kbeta lbeta kalpha lalpha ljump_3 
# a_k[1:4]
# a_l[1:4]
# a_m[1:4]
# a_n[1:4]
# incoherent[1:4]
# coherent[1:4]
#
#-------------------------------------------------------
  H 1 1.008 0.08988e-03  0.167400e+01
  14 0 0 0 0
  0 0 0 0 0
  2.449640e+00 -3.349530e+00 -4.713700e-02  7.099620e-03
  0.000000e+00  0.000000e+00  0.000000e+00  0.000000e+00
  0.000000e+00  0.000000e+00  0.000000e+00  0.000000e+00
  0.000000e+00  0.000000e+00  0.000000e+00  0.000000e+00
 -2.157720e+00  1.326850e+00 -3.056200e-01  1.850250e-02
 -1.190750e-01 -9.370860e-01 -2.005380e-01  1.065870e-02
#-------------------------------------------------------
  He 2 4.003 1.785e-04  0.664700e+01
  25 0 0 0 0
  0 0 0 0 0
  6.064880e+00 -3.290550e+00 -1.072560e-01  1.444650e-02
  0.000000e+00  0.000000e+00  0.000000e+00  0.000000e+00
  0.000000e+00  0.000000e+00  0.000000e+00  0.000000e+00
  0.000000e+00  0.000000e+00  0.000000e+00  0.000000e+00
 -2.563570e+00  2.025360e+00 -4.487100e-01  2.796910e-02
  1.047680e+00 -8.518050e-02 -4.035270e-01  2.693980e-02
#-------------------------------------------------------
  Li 3 6.940 0.534  0.115200e+02
  55 0 0 0 0
  0 0 0 0 0
  7.753700e+00 -2.818010e+00 -2.413780e-01  2.625420e-02
  0.000000e+00  0.000000e+00  0.000000e+00  0.000000e+00
  0.000000e+00  0.000000e+00  0.000000e+00  0.000000e+00
  0.000000e+00  0.000000e+00  0.000000e+00  0.000000e+00
 -1.087400e+00  1.033680e+00 -1.903770e-01  7.799550e-03
  1.343660e+00  1.815570e-01 -4.239810e-01  2.661900e-02
#-------------------------------------------------------
  Be 4 9.012 1.848  0.149600e+02
  112 0 0 0 0
  0 0 0 0 0
  9.045110e+00 -2.834870e+00 -2.100210e-01  2.295260e-02
  0.000000e+00  0.000000e+00  0.000000e+00  0.000000e+00
  0.000000e+00  0.000000e+00  0.000000e+00  0.000000e+00
  0.000000e+00  0.000000e+00  0.000000e+00  0.000000e+00
 -6.900790e-01  9.464480e-01 -1.711420e-01  6.514130e-03
  2.008600e+00 -4.619200e-02 -3.370180e-01  1.869390e-02
#-------------------------------------------------------
  B 5 10.811 2.340  0.179500e+02
  188 0 0 0 0
  0 0 0 0 0
  9.950570e+00 -2.741740e+00 -2.151380e-01  2.278450e-02
  0.000000e+00  0.000000e+00  0.000000e+00  0.000000e+00
  0.000000e+00  0.000000e+00  0.000000e+00  0.000000e+00
  0.000000e+00  0.000000e+00  0.000000e+00  0.000000e+00
 -7.911770e-01  1.216110e+00 -2.390870e-01  1.176860e-02
  2.628620e+00 -2.079160e-01 -2.862830e-01  1.449660e-02
#-------------------------------------------------------
  C 6 12.01 2.250  0.199400e+02
  284 0 0 0 0
  0 0 0 0 0
  1.068790e+01 -2.714000e+00 -2.005300e-01  2.072480e-02
  0.000000e+00  0.000000e+00  0.000000e+00  0.000000e+00
  0.000000e+00  0.000000e+00  0.000000e+00  0.000000e+00
  0.000000e+00  0.000000e+00  0.000000e+00  0.000000e+00
 -9.828780e-01  1.466930e+00 -2.937430e-01  1.560050e-02
  3.108610e+00 -2.605800e-01 -2.719740e-01  1.351810e-02
#-------------------------------------------------------
  N 7 14.008 1.250e-03  0.232600e+02
  402 0 0 0 0
  0 0 0 0 0
  1.127650e+01 -2.654000e+00 -2.004450e-01  2.007650e-02
  0.000000e+00  0.000000e+00  0.000000e+00  0.000000e+00
  0.000000e+00  0.000000e+00  0.000000e+00  0.000000e+00
  0.000000e+00  0.000000e+00  0.000000e+00  0.000000e+00
 -1.236930e+00  1.745100e+00 -3.546600e-01  1.987050e-02
  3.477600e+00 -2.157620e-01 -2.888740e-01  1.151310e-02
#-------------------------------------------------------
  O 8 16.0 1.429e-03  0.265700e+02
  537 0 0 0 0
  0 0 0 0 0
  1.171300e+01 -2.572290e+00 -2.058930e-01  1.992440e-02
  0.000000e+00  0.000000e+00  0.000000e+00  0.000000e+00
  0.000000e+00  0.000000e+00  0.000000e+00  0.000000e+00
  0.000000e+00  0.000000e+00  0.000000e+00  0.000000e+00
 -1.736790e+00  2.176860e+00 -4.490500e-01  2.647330e-02
  3.772390e+00 -1.485390e-01 -3.071240e-01  1.673030e-02
#-------------------------------------------------------
  F 9 19.0 1.108  0.315500e+02
  686 0 0 0 0
  0 0 0 0 0
  1.209630e+01 -2.441480e+00 -2.344610e-01  2.199540e-02
  0.000000e+00  0.000000e+00  0.000000e+00  0.000000e+00
  0.000000e+00  0.000000e+00  0.000000e+00  0.000000e+00
  0.000000e+00  0.000000e+00  0.000000e+00  0.000000e+00
 -1.875700e+00  2.320160e+00 -4.754120e-01  2.806800e-02
  4.007160e+00 -5.609080e-02 -3.320170e-01  1.879340e-02
#-------------------------------------------------------
  Ne 10 20.183 9.000e-04  0.335100e+02
  867 0 0 0 0
  0 0 0 0 0
  1.244850e+01 -2.458190e+00 -2.125910e-01  1.964890e-02
  0.000000e+00  0.000000e+00  0.000000e+00  0.000000e+00
  0.000000e+00  0.000000e+00  0.000000e+00  0.000000e+00
  0.000000e+00  0.000000e+00  0.000000e+00  0.000000e+00
 -1.755100e+00  2.242260e+00 -4.476400e-01  2.558010e-02
  4.201510e+00  4.162470e-02 -3.567540e-01  2.075850e-02
#-------------------------------------------------------
  Na 11 22.997 0.970  0.381900e+02
  1072 0 0 0 0
  1067 0 1041 0 0
  1.267770e+01 -2.245210e+00 -2.748730e-01  2.502700e-02
  1.023550e+01 -2.559050e+00 -1.195240e-01  0.000000e+00
  0.000000e+00  0.000000e+00  0.000000e+00  0.000000e+00
  0.000000e+00  0.000000e+00  0.000000e+00  0.000000e+00
 -9.677170e-01  1.617940e+00 -2.871910e-01  1.315260e-02
  4.263740e+00  1.346620e-01 -3.700800e-01  2.144670e-02
#-------------------------------------------------------
  Mg 12 24.320 1.740  0.403800e+02
  1305 63 0 0 0
  1297 0 1254 0 0
  1.287930e+01 -2.125740e+00 -2.993920e-01  2.676430e-02
  1.059730e+01 -2.898180e+00  2.345060e-01  0.000000e+00
  0.000000e+00  0.000000e+00  0.000000e+00  0.000000e+00
  0.000000e+00  0.000000e+00  0.000000e+00  0.000000e+00
 -5.716110e-01  1.354980e+00 -2.224910e-01  8.301410e-03
  4.394040e+00  1.378580e-01 -3.595400e-01  2.023800e-02
#-------------------------------------------------------
  Al 13 26.970 2.720  0.447800e+02
  1560 87 0 0 0
  1553 0 1487 0 0
  1.317380e+01 -2.182030e+00 -2.589600e-01  2.228400e-02
  1.087110e+01 -2.778600e+00  1.758530e-01  0.000000e+00
  0.000000e+00  0.000000e+00  0.000000e+00  0.000000e+00
  0.000000e+00  0.000000e+00  0.000000e+00  0.000000e+00
 -4.393220e-01  1.308670e+00 -2.116480e-01  7.542100e-03
  4.159950e+00  1.405490e-01 -3.524410e-01  1.936920e-02
#-------------------------------------------------------
  Si 14 28.086 2.330  0.466300e+02
  1839 118 0 0 0
  1832 0 1740 0 0
  1.326820e+01 -1.981740e+00 -3.169500e-01  2.739280e-02
  1.122370e+01 -2.736940e+00  1.275570e-01  0.000000e+00
  0.000000e+00  0.000000e+00  0.000000e+00  0.000000e+00
  0.000000e+00  0.000000e+00  0.000000e+00  0.000000e+00
 -4.149710e-01  1.348680e+00 -2.223150e-01  8.419590e-03
  4.646780e+00  1.627800e-01 -3.585630e-01  1.969260e-02
#-------------------------------------------------------
  P 15 30.975 1.820  0.514300e+02
  2149 153 0 0 0
  2136 0 2015 0 0
  1.337350e+01 -1.863420e+00 -3.394400e-01  2.888580e-02
  1.155080e+01 -2.922000e+00  2.542620e-01  0.000000e+00
  0.000000e+00  0.000000e+00  0.000000e+00  0.000000e+00
  0.000000e+00  0.000000e+00  0.000000e+00  0.000000e+00
 -4.769030e-01  1.460320e+00 -2.513310e-01  1.072020e-02
  4.785250e+00  1.687080e-01 -3.603830e-01  1.971550e-02
#-------------------------------------------------------
  S 16 32.066 2.000  0.532400e+02
  2472 193 0 0 17
  2464 0 2308 0 0
  1.373940e+01 -2.047860e+00 -2.732590e-01  2.299760e-02
  1.181810e+01 -2.646180e+00 -9.680490e-02  0.000000e+00
  0.000000e+00  0.000000e+00  0.000000e+00  0.000000e+00
  0.000000e+00  0.000000e+00  0.000000e+00  0.000000e+00
 -6.564190e-01  1.654080e+00 -2.986230e-01  1.429790e-02
  4.927070e+00  1.657460e-01 -3.594240e-01  1.955050e-02
#-------------------------------------------------------
  Cl 17 35.457 1.560  0.588700e+02
  2822 238 0 0 17
  2815 0 2622 0 0
  1.361880e+01 -1.719370e+00 -3.541540e-01  2.908410e-02
  1.200310e+01 -2.416940e+00 -2.408970e-01  0.000000e+00
  0.000000e+00  0.000000e+00  0.000000e+00  0.000000e+00
  0.000000e+00  0.000000e+00  0.000000e+00  0.000000e+00
 -7.186270e-01  1.742940e+00 -3.194290e-01  1.584290e-02
  5.072220e+00  1.491270e-01 -3.528580e-01  1.894390e-02
#-------------------------------------------------------
  Ar 18 39.944 1.784e-03  0.663200e+02
  3202 287 0 0 27
  3192 0 2957 0 0
  1.394910e+01 -1.822760e+00 -3.288270e-01  2.743820e-02
  1.229600e+01 -2.632790e+00 -7.366000e-02  0.000000e+00
  0.000000e+00  0.000000e+00  0.000000e+00  0.000000e+00
  0.000000e+00  0.000000e+00  0.000000e+00  0.000000e+00
 -6.821050e-01  1.742790e+00 -3.176460e-01  1.564670e-02
  5.210790e+00  1.356180e-01 -3.472140e-01  1.843330e-02
#-------------------------------------------------------
  K 19 39.102 0.862  0.649300e+02
  3607 341 0 0 34
  3589 0 3313 0 0
  1.379760e+01 -1.540150e+00 -3.945280e-01  3.235610e-02
  1.248780e+01 -2.536560e+00 -1.048920e-01  0.000000e+00
  0.000000e+00  0.000000e+00  0.000000e+00  0.000000e+00
  0.000000e+00  0.000000e+00  0.000000e+00  0.000000e+00
 -3.440070e-01  1.492360e+00 -2.541350e-01  1.076840e-02
  5.255870e+00  1.880400e-01 -3.596230e-01  1.930850e-02
#-------------------------------------------------------
  Ca 20 40.080 1.550  0.665500e+02
  4038 400 0 0 44
  4012 0 3691 0 0
  1.429500e+01 -1.886440e+00 -2.836470e-01  2.262630e-02
  1.270440e+01 -2.550110e+00 -9.431950e-02  0.000000e+00
  0.000000e+00  0.000000e+00  0.000000e+00  0.000000e+00
  0.000000e+00  0.000000e+00  0.000000e+00  0.000000e+00
 -9.824200e-02  1.328290e+00 -2.137470e-01  7.730650e-03
  5.323750e+00  2.066850e-01 -3.616640e-01  1.933280e-02
#-------------------------------------------------------
  Sc 21 44.960 0.299200e+01  0.746500e+02
  4493 463 0 0 54
  4460 0 4090 0 0
  1.396640e+01 -1.408720e+00 -4.143650e-01  3.343550e-02
  1.289490e+01 -2.406090e+00 -1.777910e-01  0.000000e+00
  0.000000e+00  0.000000e+00  0.000000e+00  0.000000e+00
  0.000000e+00  0.000000e+00  0.000000e+00  0.000000e+00
 -1.598310e-01  1.390550e+00 -2.258490e-01  8.519540e-03
  5.439420e+00  2.001740e-01 -3.590640e-01  1.910270e-02
#-------------------------------------------------------
  Ti 22 47.9 0.454000e+01  0.795300e+02
  4965 531 0 0 59
  4931 0 4510 0 0
  1.435060e+01 -1.663220e+00 -3.315390e-01  2.620650e-02
  1.310750e+01 -2.535760e+00 -9.571770e-02  0.000000e+00
  0.000000e+00  0.000000e+00  0.000000e+00  0.000000e+00
  0.000000e+00  0.000000e+00  0.000000e+00  0.000000e+00
 -2.305730e-01  1.458480e+00 -2.391600e-01  9.385280e-03
  5.550390e+00  1.976970e-01 -3.576940e-01  1.898660e-02
#-------------------------------------------------------
  V 23 50.942 0.611000e+01  0.845900e+02
  5465 604 0 0 67
  5427 0 4952 0 0
  1.476010e+01 -1.888670e+00 -2.718610e-01  2.157920e-02
  1.325140e+01 -2.497650e+00 -1.063830e-01  0.000000e+00
  0.000000e+00  0.000000e+00  0.000000e+00  0.000000e+00
  0.000000e+00  0.000000e+00  0.000000e+00  0.000000e+00
 -3.081030e-01  1.528790e+00 -2.527680e-01  1.025710e-02
  5.655140e+00  1.995330e-01 -3.574870e-01  1.896910e-02
#-------------------------------------------------------
  Cr 24 51.996 0.719000e+01  0.863400e+02
  5989 682 0 0 74
  5946 0 5414 0 0
  1.480190e+01 -1.824300e+00 -2.791160e-01  2.173240e-02
  1.342360e+01 -2.515320e+00 -1.019990e-01  0.000000e+00
  0.000000e+00  0.000000e+00  0.000000e+00  0.000000e+00
  0.000000e+00  0.000000e+00  0.000000e+00  0.000000e+00
 -3.876410e-01  1.597270e+00 -2.662400e-01  1.115230e-02
  5.773990e+00  2.038580e-01 -3.596990e-01  1.922250e-02
#-------------------------------------------------------
  Mn 25 54.940 0.742000e+01  0.912200e+02
  6540 754 0 0 84
  6490 0 5898 0 0
  1.489650e+01 -1.798720e+00 -2.836640e-01  2.220950e-02
  1.357610e+01 -2.497610e+00 -1.054930e-01  0.000000e+00
  0.000000e+00  0.000000e+00  0.000000e+00  0.000000e+00
  0.000000e+00  0.000000e+00  0.000000e+00  0.000000e+00
 -2.470590e-01  1.497220e+00 -2.387810e-01  8.932080e-03
  5.846040e+00  2.138140e-01 -3.597180e-01  1.914590e-02
#-------------------------------------------------------
  Fe 26 55.850 7.860 9.274e+01
  7112 842 0 0 94
  7057 0 6403 0 0
  1.434560e+01 -1.234910e+00 -4.234910e-01  3.216610e-02
  1.366960e+01 -2.391950e+00 -1.376800e-01  0.000000e+00
  0.000000e+00  0.000000e+00  0.000000e+00  0.000000e+00
  0.000000e+00  0.000000e+00  0.000000e+00  0.000000e+00
 -3.423790e-01  1.572450e+00 -2.531980e-01  9.858220e-03
  5.932920e+00  2.250380e-01 -3.617480e-01  1.930240e-02
#-------------------------------------------------------
  Co 27 58.933 0.890000e+01  0.978500e+02
  7709 929 0 0 101
  7649 0 6930 0 0
  1.470470e+01 -1.389330e+00 -3.866310e-01  3.032860e-02
  1.386990e+01 -2.506690e+00 -8.699450e-02  0.000000e+00
  0.000000e+00  0.000000e+00  0.000000e+00  0.000000e+00
  0.000000e+00  0.000000e+00  0.000000e+00  0.000000e+00
 -4.288040e-01  1.641290e+00 -2.660130e-01  1.065120e-02
  6.014780e+00  2.379590e-01 -3.640560e-01  1.947540e-02
#-------------------------------------------------------
  Ni 28 58.690 0.890000e+01  0.974500e+02
  8333 1012 0 0 113
  8264 0 7477 0 0
  1.423880e+01 -9.677360e-01 -4.780700e-01  3.661380e-02
  1.398480e+01 -2.480800e+00 -8.881150e-02  0.000000e+00
  0.000000e+00  0.000000e+00  0.000000e+00  0.000000e+00
  0.000000e+00  0.000000e+00  0.000000e+00  0.000000e+00
 -5.043600e-01  1.700400e+00 -2.764430e-01  1.126280e-02
  6.090240e+00  2.227700e-01 -3.665680e-01  1.965860e-02
#-------------------------------------------------------
  Cu 29 63.540 0.894000e+01  0.105500e+03
  8979 1100 952 932 120
  8904 0 8047 0   0.287400e+01
  1.458080e+01 -1.183750e+00 -4.138500e-01  3.120880e-02
  1.424390e+01 -2.586770e+00 -6.673980e-02  0.000000e+00
  0.000000e+00  0.000000e+00  0.000000e+00  0.000000e+00
  0.000000e+00  0.000000e+00  0.000000e+00  0.000000e+00
 -5.702100e-01  1.750420e+00 -2.845550e-01  1.169300e-02
  6.177390e+00  2.731230e-01 -3.723600e-01  2.016380e-02
#-------------------------------------------------------
  Zn 30 65.380 0.714000e+01  0.108600e+03
  9659 1196 1044 1021 139
  9571 1032 8638 1009   0.568400e+01
  1.441180e+01 -9.330830e-01 -4.773570e-01  3.628290e-02
  1.432210e+01 -2.623840e+00 -2.649260e-02  0.000000e+00
  1.205970e+01 -1.102580e+00  0.000000e+00  0.000000e+00
  0.000000e+00  0.000000e+00  0.000000e+00  0.000000e+00
 -4.205350e-01  1.634000e+00 -2.536460e-01  9.272330e-03
  6.234020e+00  2.843120e-01 -3.721430e-01  2.005250e-02
#-------------------------------------------------------
  Ga 31 69.720 0.590300e+01  0.115800e+03
  10367 1302 1142 1115 158
  10263 1122 9251 1096   0.567100e+01
  1.361820e+01 -3.184590e-01 -6.113480e-01  4.581380e-02
  1.447920e+01 -2.544690e+00 -7.572040e-02  0.000000e+00
  1.226460e+01 -2.689650e+00  0.000000e+00  0.000000e+00
  0.000000e+00  0.000000e+00  0.000000e+00  0.000000e+00
 -3.582180e-01  1.600500e+00 -2.449080e-01  8.618980e-03
  6.282980e+00  2.913340e-01 -3.693910e-01  1.970290e-02
#-------------------------------------------------------
  Ge 32 72.590 0.532300e+01  0.120500e+03
  11104 1414 1249 1218 181
  10981 1216 9885 1186   0.570400e+01
  1.392880e+01 -4.796130e-01 -5.728970e-01  4.312770e-02
  1.468130e+01 -2.692850e+00 -2.083550e-02  0.000000e+00
  1.241330e+01 -2.530850e+00  0.000000e+00  0.000000e+00
  0.000000e+00  0.000000e+00  0.000000e+00  0.000000e+00
 -3.343830e-01  1.603270e+00 -2.455550e-01  8.712390e-03
  6.338960e+00  2.915120e-01 -3.656430e-01  1.928960e-02
#-------------------------------------------------------
  As 33 74.92 0.573000e+01  0.124400e+03
  11868 1530 1360 1325 206
  11725 1317 10543 1282   0.487500e+01
  1.347220e+01 -7.735130e-02 -6.604560e-01  4.921770e-02
  1.464310e+01 -2.483970e+00 -7.961800e-02  0.000000e+00
  1.253920e+01 -2.413800e+00  0.000000e+00  0.000000e+00
  0.000000e+00  0.000000e+00  0.000000e+00  0.000000e+00
 -3.391890e-01  1.625350e+00 -2.507830e-01  9.091030e-03
  6.397500e+00  2.888660e-01 -3.617470e-01  1.887880e-02
#-------------------------------------------------------
  Se 34 0.789600e+02  0.479000e+01 0.131100e+03
  12658 1653 1477 1436 232
  12495 1379 11221 1419   0.458700e+01
  1.307560e+01  1.832350e-01 -6.942640e-01  5.022800e-02
  1.470480e+01 -2.388530e+00 -1.058770e-01  0.000000e+00
  1.267730e+01 -2.397500e+00  0.000000e+00  0.000000e+00
  0.000000e+00  0.000000e+00  0.000000e+00  0.000000e+00
 -4.329270e-01  1.728330e+00 -2.771380e-01  1.117350e-02
  6.456370e+00  2.867370e-01 -3.587940e-01  1.856180e-02
#-------------------------------------------------------
  Br 35 0.799200e+02  0.312000e+01  0.132700e+03
  13474 1782 1596 1550 257
  13290 1526 11923 1480   0.455700e+01
  1.322730e+01  1.371300e-01 -6.832030e-01  4.954240e-02
  1.481360e+01 -2.423470e+00 -9.145900e-02  0.000000e+00
  1.276120e+01 -2.377300e+00  0.000000e+00  0.000000e+00
  0.000000e+00  0.000000e+00  0.000000e+00  0.000000e+00
 -4.480010e-01  1.760820e+00 -2.850990e-01  1.178650e-02
  6.514440e+00  2.863240e-01 -3.570270e-01  1.835570e-02
#-------------------------------------------------------
  Kr 36 0.838000e+02  0.374000e-02  0.139100e+03
  14322 1920 1726 1675 288
  14112 1638 12648 1587   0.417000e+01
  1.359270e+01 -3.052140e-02 -6.513400e-01  4.776160e-02
  1.491900e+01 -2.424180e+00 -8.764470e-02  0.000000e+00
  1.288980e+01 -2.260210e+00  0.000000e+00  0.000000e+00
  0.000000e+00  0.000000e+00  0.000000e+00  0.000000e+00
 -3.918100e-01  1.730100e+00 -2.768240e-01  1.112800e-02
  6.571130e+00  2.877110e-01 -3.563110e-01  1.824700e-02
#-------------------------------------------------------
  Rb 37 0.854800e+02  0.153200e+01  0.141900e+03
  15200 2065 1863 1805 322
  14960 1752 13394 1694   0.422300e+01
  1.302040e+01  3.827360e-01 -7.324270e-01  5.298740e-02
  1.499850e+01 -2.391080e+00 -9.594730e-02  0.000000e+00
  1.302860e+01 -2.386930e+00  0.000000e+00  0.000000e+00
  0.000000e+00  0.000000e+00  0.000000e+00  0.000000e+00
 -1.280390e-01  1.530440e+00 -2.274030e-01  7.390330e-03
  6.597500e+00  3.023890e-01 -3.567550e-01  1.817060e-02
#-------------------------------------------------------
  Sr 38 0.876200e+02  0.254000e+01  0.145500e+03
  16105 2216 2007 1940 358
  15834 1872 14164 1806   0.390600e+01
  1.358880e+01  2.201940e-03 -6.389400e-01  4.600700e-02
  1.501140e+01 -2.281690e+00 -1.264850e-01  0.000000e+00
  1.315650e+01 -2.366550e+00  0.000000e+00  0.000000e+00
  0.000000e+00  0.000000e+00  0.000000e+00  0.000000e+00
  7.991610e-02  1.383970e+00 -1.922250e-01  4.786110e-03
  6.622030e+00  3.245590e-01 -3.616510e-01  1.848000e-02
#-------------------------------------------------------
  Y 39 0.889050e+02  0.440500e+01  0.147600e+03
  17038.4 2373 2156 2080 395
  16736 1996 14957 1922   0.403600e+01
  1.346740e+01  1.910230e-01 -6.866160e-01  4.973560e-02
  1.518220e+01 -2.389460e+00 -8.811740e-02  0.000000e+00
  1.327750e+01 -2.431740e+00  0.000000e+00  0.000000e+00
  0.000000e+00  0.000000e+00  0.000000e+00  0.000000e+00
  6.290570e-02  1.415770e+00 -1.997130e-01  5.333120e-03
  6.670960e+00  3.250700e-01 -3.606130e-01  1.833260e-02
#-------------------------------------------------------
  Zr 40 0.912200e+02  0.653000e+01  0.151500e+03
  17998 2532 2307 2223 431
  17666 2124 15774 2042   0.397600e+01
  1.275380e+01  6.974090e-01 -7.893070e-01  5.645310e-02
  1.529060e+01 -2.387030e+00 -9.122920e-02  0.000000e+00
  1.345080e+01 -2.502010e+00  0.000000e+00  0.000000e+00
  0.000000e+00  0.000000e+00  0.000000e+00  0.000000e+00
  3.666970e-02  1.452070e+00 -2.081220e-01  5.951390e-03
  6.722750e+00  3.239640e-01 -3.594630e-01  1.818900e-02
#-------------------------------------------------------
  Nb 41 0.929060e+02  0.857000e+01  0.154300e+03
  18986 2698 2465 2371 468
  18621 2257 16614 2166   0.377400e+01
  1.338430e+01  2.810280e-01 -6.866070e-01  4.866070e-02
  1.520880e+01 -2.202780e+00 -1.367590e-01  0.000000e+00
  1.354340e+01 -2.501350e+00  0.000000e+00  0.000000e+00
  0.000000e+00  0.000000e+00  0.000000e+00  0.000000e+00
  2.022890e-04  1.493470e+00 -2.174190e-01  6.622450e-03
  6.790130e+00  3.112820e-01 -3.552330e-01  1.782310e-02
#-------------------------------------------------------
  Mo 42 0.959500e+02  0.102200e+02  0.159300e+03
  19999 2866 2625 2520 505
  19607 2395 17478 2293   0.367500e+01
  1.398530e+01 -1.174260e-01 -5.910940e-01  4.178430e-02
  1.534940e+01 -2.266400e+00 -1.168810e-01  0.000000e+00
  1.365680e+01 -2.484800e+00  0.000000e+00  0.000000e+00
  0.000000e+00  0.000000e+00  0.000000e+00  0.000000e+00
 -5.628600e-02  1.557780e+00 -2.333410e-01  7.855060e-03
  6.846000e+00  3.027900e-01 -3.511310e-01  1.744030e-02
#-------------------------------------------------------
  Tc 43 0.990000e+02  0.115000e+02  0.164400e+03
  21045 3043 2793 2677 544
  20585 2538 18410 2424   0.359100e+01
  1.282140e+01  7.519930e-01 -7.870060e-01  5.586680e-02
  1.550860e+01 -2.337330e+00 -9.878570e-02  0.000000e+00
  1.374980e+01 -2.447300e+00  0.000000e+00  0.000000e+00
  0.000000e+00  0.000000e+00  0.000000e+00  0.000000e+00
  7.576160e-02  1.449500e+00 -2.048900e-01  5.647450e-03
  6.875990e+00  3.261650e-01 -3.589690e-01  1.804820e-02
#-------------------------------------------------------
  Ru 44 0.101070e+03  0.124100e+02  0.167800e+03
  22117 3224 2967 2838 585
  21655 2683 19278 2558   0.343100e+01
  1.266580e+01  8.850200e-01 -8.111440e-01  5.737590e-02
  1.547340e+01 -2.230800e+00 -1.194540e-01  0.000000e+00
  1.387820e+01 -2.480660e+00  0.000000e+00  0.000000e+00
  0.000000e+00  0.000000e+00  0.000000e+00  0.000000e+00
 -4.249810e-02  1.546390e+00 -2.264700e-01  7.183750e-03
  6.931360e+00  3.347940e-01 -3.634970e-01  1.844290e-02
#-------------------------------------------------------
  Rh 45 0.102910e+03  0.124400e+02  0.170900e+03
  23220 3412 3146 3003 627
  22721 2834 20214 2696   0.372100e+01
  1.217600e+01  1.196820e+00 -8.666970e-01  6.069310e-02
  1.557570e+01 -2.249760e+00 -1.133770e-01  0.000000e+00
  1.403120e+01 -2.613030e+00  0.000000e+00  0.000000e+00
  0.000000e+00  0.000000e+00  0.000000e+00  0.000000e+00
 -1.603990e-01  1.648610e+00 -2.502380e-01  8.938180e-03
  6.975470e+00  3.463940e-01 -3.677940e-01  1.878850e-02
#-------------------------------------------------------
  Pd 46 0.106400e+03  0.121600e+02  0.176700e+03
  24350 3605 3330 3173 670
  23816 2990 21175 2838   0.340200e+01
  1.393890e+01  1.645280e-01 -6.621170e-01  4.762890e-02
  1.556490e+01 -2.172290e+00 -1.276520e-01  0.000000e+00
  1.413920e+01 -2.572060e+00  0.000000e+00  0.000000e+00
  0.000000e+00  0.000000e+00  0.000000e+00  0.000000e+00
 -2.675640e-01  1.737400e+00 -2.698830e-01  1.032480e-02
  7.032160e+00  3.498380e-01 -3.700990e-01  1.899830e-02
#-------------------------------------------------------
  Ag 47 0.107880e+03  0.105000e+02  0.179100e+03
  25514 3806 3524 3351 717
  24942 3151 22162 2984   0.322300e+01
  1.339260e+01  4.413800e-01 -6.937110e-01  4.820850e-02
  1.568690e+01 -2.226360e+00 -1.122230e-01  0.000000e+00
  1.416730e+01 -2.480780e+00  0.000000e+00  0.000000e+00
  0.000000e+00  0.000000e+00  0.000000e+00  0.000000e+00
 -1.664750e-01  1.657940e+00 -2.487400e-01  8.662180e-03
  7.064460e+00  3.634560e-01 -3.735970e-01  1.924780e-02
#-------------------------------------------------------
  Cd 48 0.112410e+03  0.865000e+01  0.186600e+03
  26711 4018 3727 3537 770
  26093 3316 23172 3133   0.324900e+01
  1.252540e+01  1.077140e+00 -8.314240e-01  5.791200e-02
  1.596680e+01 -2.383630e+00 -8.011040e-02  0.000000e+00
  1.434970e+01 -2.527560e+00  0.000000e+00  0.000000e+00
  0.000000e+00  0.000000e+00  0.000000e+00  0.000000e+00
 -5.167010e-02  1.574260e+00 -2.276460e-01  7.056500e-03
  7.098560e+00  3.721990e-01 -3.753450e-01  1.934810e-02
#-------------------------------------------------------
  In 49 0.114820e+03  0.728000e+01  0.190700e+03
  27940 4238 3938 3730 825
  27274 3487 24207 3287   0.325500e+01
  1.181980e+01  1.457680e+00 -8.885290e-01  6.059820e-02
  1.621010e+01 -2.518380e+00 -5.400610e-02  0.000000e+00
  1.441150e+01 -2.494010e+00  0.000000e+00  0.000000e+00
  0.000000e+00  0.000000e+00  0.000000e+00  0.000000e+00
 -8.172830e-03  1.558650e+00 -2.244920e-01  6.857760e-03
  7.127080e+00  3.820820e-01 -3.768550e-01  1.941510e-02
#-------------------------------------------------------
  Sn 50 0.118690e+03  0.576000e+01  0.197100e+03
  29200 4465 4156 3929 884
  28483 3662 25270 3444   0.306000e+01
  1.303230e+01  7.907880e-01 -7.623490e-01  5.278720e-02
  1.586380e+01 -2.190190e+00 -1.135390e-01  0.000000e+00
  1.455720e+01 -2.567920e+00  0.000000e+00  0.000000e+00
  0.000000e+00  0.000000e+00  0.000000e+00  0.000000e+00
  1.421510e-02  1.557540e+00 -2.247360e-01  6.913950e-03
  7.160850e+00  3.855120e-01 -3.764810e-01  1.933050e-02
#-------------------------------------------------------
  Sb 51 0.121760e+03  0.669100e+01  0.202200e+03
  30491 4698 4381 4132 944
  29723 3843 26357 3605   0.293900e+01
  9.069900e+00  3.287910e+00 -1.262030e+00  8.534700e-02
  1.575570e+01 -2.044600e+00 -1.407450e-01  0.000000e+00
  1.462680e+01 -2.555620e+00  0.000000e+00  0.000000e+00
  0.000000e+00  0.000000e+00  0.000000e+00  0.000000e+00
  1.563620e-02  1.571750e+00 -2.287530e-01  7.263860e-03
  7.196650e+00  3.855430e-01 -3.750540e-01  1.916080e-02
#-------------------------------------------------------
  Te 52 0.127600e+03  0.624000e+01  0.211900e+03
  31813 4939 4612 4341 1006
  30993 4029 27471 3769   0.297900e+01
  1.166560e+01  1.710520e+00 -9.482810e-01  6.532130e-02
  1.610870e+01 -2.278760e+00 -9.294050e-02  0.000000e+00
  1.471250e+01 -2.543240e+00  0.000000e+00  0.000000e+00
  0.000000e+00  0.000000e+00  0.000000e+00  0.000000e+00
 -4.075790e-02  1.642670e+00 -2.478900e-01  8.805670e-03
  7.234600e+00  3.824930e-01 -3.727150e-01  1.891940e-02
#-------------------------------------------------------
  I 53 0.126910e+03  0.494000e+01  0.210700e+03
  33169 5188 4852 4557 1072
  32292 4220 28610 3937   0.285600e+01
  1.210750e+01  1.436350e+00 -8.820380e-01  6.035750e-02
  1.640860e+01 -2.482140e+00 -5.071790e-02  0.000000e+00
  1.474960e+01 -2.481790e+00  0.000000e+00  0.000000e+00
  0.000000e+00  0.000000e+00  0.000000e+00  0.000000e+00
 -4.044200e-02  1.655960e+00 -2.510670e-01  9.048740e-03
  7.274150e+00  3.772230e-01 -3.697280e-01  1.862800e-02
#-------------------------------------------------------
  Xe 54 0.131300e+03  0.590000e-02  0.218000e+03
  34582 5452 5100 4781 1143
  33644 4422 29802 4111   0.287900e+01
  1.108570e+01  2.083570e+00 -1.012090e+00  6.903100e-02
  1.630980e+01 -2.316790e+00 -8.544980e-02  0.000000e+00
  1.476030e+01 -2.450680e+00  0.000000e+00  0.000000e+00
  0.000000e+00  0.000000e+00  0.000000e+00  0.000000e+00
 -2.824070e-03  1.640390e+00 -2.476420e-01  8.821440e-03
  7.314690e+00  3.703150e-01 -3.662800e-01  1.830250e-02
#-------------------------------------------------------
  Cs 55 0.132910e+03  0.187300e+01  0.220700e+03
  35985 5713 5359 5012 1218
  34984 4620 30970 4286   0.284700e+01
  1.137500e+01  1.941610e+00 -9.832320e-01  6.719860e-02
  1.654180e+01 -2.463630e+00 -5.428490e-02  0.000000e+00
  1.497130e+01 -2.531450e+00  0.000000e+00  0.000000e+00
  0.000000e+00  0.000000e+00  0.000000e+00  0.000000e+00
  1.848610e-01  1.500300e+00 -2.133330e-01  6.242640e-03
  7.334900e+00  3.768250e-01 -3.657130e-01  1.818430e-02
#-------------------------------------------------------
  Ba 56 0.137360e+03  0.350000e+01  0.228100e+03
  37441 5987 5624 5247 1293
  36376 4828 32191 4467   0.283900e+01
  1.022500e+01  2.678350e+00 -1.126480e+00  7.626690e-02
  1.662170e+01 -2.489720e+00 -4.496230e-02  0.000000e+00
  1.508440e+01 -2.563410e+00  0.000000e+00  0.000000e+00
  0.000000e+00  0.000000e+00  0.000000e+00  0.000000e+00
  3.443760e-01  1.387420e+00 -1.863560e-01  4.249170e-03
  7.358120e+00  3.793610e-01 -3.640990e-01  1.798170e-02
#-------------------------------------------------------
  La 57 0.138920e+03  0.615000e+01  0.230700e+03
  38925 6267 5891 5483 1363
  37799 5043 33440 4651   0.271700e+01
  1.097800e+01  2.238140e+00 -1.035490e+00  7.023390e-02
  1.631340e+01 -2.201560e+00 -9.805690e-02  0.000000e+00
  1.518630e+01 -2.582870e+00  0.000000e+00  0.000000e+00
  0.000000e+00  0.000000e+00  0.000000e+00  0.000000e+00
  4.091040e-01  1.330750e+00 -1.708830e-01  3.041110e-03
  7.395320e+00  3.698950e-01 -3.593760e-01  1.754060e-02
#-------------------------------------------------------
  Ce 58 0.140130e+03  0.667000e+01  0.232700e+03
  40444 6549 6165 5724 1434
  39255 5262 34717 4840   0.273700e+01
  1.027250e+01  2.745620e+00 -1.141740e+00  7.741620e-02
  1.658620e+01 -2.362880e+00 -6.547080e-02  0.000000e+00
  1.526930e+01 -2.581740e+00  0.000000e+00  0.000000e+00
  0.000000e+00  0.000000e+00  0.000000e+00  0.000000e+00
  4.398810e-01  1.309250e+00 -1.645480e-01  2.526410e-03
  7.442550e+00  3.713280e-01 -3.596420e-01  1.758520e-02
#-------------------------------------------------------
  Pr 59 0.140920e+03  0.676900e+01  0.234000e+03
  41991 6835 6441 5965 1508
  40746 5489 36023 5034   0.269500e+01
  1.101560e+01  2.220560e+00 -1.022160e+00  6.904650e-02
  1.671180e+01 -2.403260e+00 -6.126190e-02  0.000000e+00
  1.533790e+01 -2.570860e+00  0.000000e+00  0.000000e+00
  0.000000e+00  0.000000e+00  0.000000e+00  0.000000e+00
  4.491240e-01  1.303510e+00 -1.618410e-01  2.273940e-03
  7.483470e+00  3.684310e-01 -3.576890e-01  1.740990e-02
#-------------------------------------------------------
  Nd 60 0.144270e+03  0.696000e+01  0.239600e+03
  43569 7126 6722 6208 1575
  42269 5721 37359 5230   0.266200e+01
  1.176320e+01  1.794810e+00 -9.366610e-01  6.353320e-02
  1.659640e+01 -2.260070e+00 -8.724260e-02  0.000000e+00
  1.543350e+01 -2.590060e+00  0.000000e+00  0.000000e+00
  0.000000e+00  0.000000e+00  0.000000e+00  0.000000e+00
  4.372830e-01  1.313700e+00 -1.628660e-01  2.293770e-03
  7.523340e+00  3.664620e-01 -3.560480e-01  1.726200e-02
#-------------------------------------------------------
  Pm 61 0.147000e+03  0.678200e+01  0.244100e+03
  45184 7428 7013 6460 1651
  43945 5961 38649 5432.5   0.270200e+01
  1.138640e+01  2.055930e+00 -9.881800e-01  6.691060e-02
  1.683370e+01 -2.388100e+00 -6.450410e-02  0.000000e+00
  1.551310e+01 -2.596230e+00  0.000000e+00  0.000000e+00
  1.551310e+01 -2.596230e+00  0.000000e+00  0.000000e+00
  4.058230e-01  1.338370e+00 -1.672290e-01  2.555700e-03
  7.562220e+00  3.650550e-01 -3.545110e-01  1.712140e-02
#-------------------------------------------------------
  Sm 62 0.150350e+03  0.753600e+01  0.249600e+03
  46835 7737 7312 6717 1729
  45400 6205.1 40124 5636.1   0.268000e+01
  1.192230e+01  1.795460e+00 -9.429020e-01  6.442020e-02
  1.687250e+01 -2.390510e+00 -6.010800e-02  0.000000e+00
  1.560000e+01 -2.613280e+00  0.000000e+00  0.000000e+00
  1.560060e+01 -2.613280e+00  0.000000e+00  0.000000e+00
  3.553830e-01  1.377330e+00 -1.749410e-01  3.062130e-03
  7.600200e+00  3.641340e-01 -3.530860e-01  1.698940e-02
#-------------------------------------------------------
  Eu 63 0.152000e+03  0.525900e+01  0.252400e+03
  48520 8052 7618 6977 1800
  47027 6456.4 41529 5845.7   0.272300e+01
  1.161680e+01  1.975330e+00 -9.709010e-01  6.584590e-02
  1.706920e+01 -2.480460e+00 -4.470550e-02  0.000000e+00
  1.570630e+01 -2.634810e+00  0.000000e+00  0.000000e+00
  1.570630e+01 -2.634810e+00  0.000000e+00  0.000000e+00
  2.803160e-01  1.440160e+00 -1.886410e-01  4.012260e-03
  7.637110e+00  3.639570e-01 -3.519000e-01  1.687830e-02
#-------------------------------------------------------
  Gd 64 157.260 7.950 2.611e+02
  50240 8376 7931 7243 1882
  48718 6713.2 42983 6057.2   0.270100e+01
  9.919680e+00  3.031110e+00 -1.175200e+00  7.867500e-02
  1.711590e+01 -2.478380e+00 -4.371070e-02  0.000000e+00
  1.571590e+01 -2.608430e+00  0.000000e+00  0.000000e+00
  1.571590e+01 -2.608430e+00  0.000000e+00  0.000000e+00
  2.731330e-01  1.438420e+00 -1.861370e-01  3.752400e-03
  7.669380e+00  3.597520e-01 -3.488990e-01  1.658900e-02
#-------------------------------------------------------
  Tb 65 0.158930e+03  0.827200e+01  0.263900e+03
  51996 8708 8252 7515 1967
  50391 6978 44470 6272.8   0.271300e+01
  1.138180e+01  2.144470e+00 -9.992220e-01  6.755690e-02
  1.714990e+01 -2.455070e+00 -4.713700e-02  0.000000e+00
  1.584120e+01 -2.640400e+00  0.000000e+00  0.000000e+00
  1.584150e+01 -2.640400e+00  0.000000e+00  0.000000e+00
  2.575390e-01  1.450640e+00 -1.875910e-01  3.799320e-03
  7.707980e+00  3.653450e-01 -3.500310e-01  1.669270e-02
#-------------------------------------------------------
  Dy 66 0.162510e+03  0.853600e+01  0.269800e+03
  53789 9047 8581 7790 2046
  52178 7247.7 45985 6495.2   0.904700e+01
  1.148450e+01  2.104510e+00 -9.898700e-01  6.693820e-02
  1.734460e+01 -2.548210e+00 -3.176060e-02  0.000000e+00
  1.592250e+01 -2.652890e+00  0.000000e+00  0.000000e+00
  1.592250e+01 -2.652890e+00  0.000000e+00  0.000000e+00
  2.426850e-01  1.462660e+00 -1.891020e-01  3.856280e-03
  7.741880e+00  3.671070e-01 -3.494330e-01  1.662730e-02
#-------------------------------------------------------
  Ho 67 0.164940e+03  0.880300e+01  0.273900e+03
  55618 9395 8919 8071 2127
  53934 7525.3 47528 6719.8   0.286300e+01
  8.752030e+00  3.718220e+00 -1.292730e+00  8.550260e-02
  1.765830e+01 -2.725230e+00 -8.194090e-04  0.000000e+00
  1.601400e+01 -2.679030e+00  0.000000e+00  0.000000e+00
  1.601400e+01 -2.679030e+00  0.000000e+00  0.000000e+00
  2.284930e-01  1.474380e+00 -1.905590e-01  3.909030e-03
  7.774700e+00  3.697220e-01 -3.491320e-01  1.658620e-02
#-------------------------------------------------------
  Er 68 0.167270e+03  0.905100e+01  0.277700e+03
  57486 9752 9265 8358 2212
  55690 7810.9 49099 6948.7   0.293300e+01
  1.201950e+01  1.848150e+00 -9.395820e-01  6.381060e-02
  1.779880e+01 -2.746710e+00 -2.875800e-03  0.000000e+00
  1.606720e+01 -2.675800e+00  0.000000e+00  0.000000e+00
  1.606720e+01 -2.675800e+00  0.000000e+00  0.000000e+00
  2.252330e-01  1.485450e+00 -1.919080e-01  3.956450e-03
  7.806430e+00  3.732260e-01 -3.491470e-01  1.657100e-02
#-------------------------------------------------------
  Tm 69 0.168940e+03  0.933200e+01  0.280500e+03
  59390 10116 9618 8648 2307
  57576 8103 50730 7181   0.275800e+01
  1.256130e+01  1.575230e+00 -8.904670e-01  6.097790e-02
  1.742500e+01 -2.511030e+00 -3.294500e-02  0.000000e+00
  1.612690e+01 -2.678860e+00  0.000000e+00  0.000000e+00
  1.612690e+01 -2.678860e+00  0.000000e+00  0.000000e+00
  2.026560e-01  1.496250e+00 -1.932340e-01  4.002330e-03
  7.837110e+00  3.775470e-01 -3.494410e-01  1.657800e-02
#-------------------------------------------------------
  Yb 70 0.173040e+03  0.697700e+01  0.287300e+03
  61332 10488 9978 8943 2398
  59352 8401 52360 7414   0.257300e+01
  7.427910e+00  4.289550e+00 -1.351670e+00  8.661360e-02
  1.697950e+01 -2.225770e+00 -7.325570e-02  0.000000e+00
  1.617940e+01 -2.677150e+00  0.000000e+00  0.000000e+00
  1.391110e+01 -2.403800e+00  0.000000e+00  0.000000e+00
  2.022480e-01  1.488040e+00 -1.891430e-01  3.622640e-03
  7.866620e+00  3.829330e-01 -3.501260e-01  1.661730e-02
#-------------------------------------------------------
  Lu 71 0.174990e+03  0.984200e+01  0.290600e+03
  63314 10870 10349 9244 2492
  61282 8708 54063 7654   0.262000e+01
  1.263870e+01  1.554760e+00 -8.810940e-01  6.020360e-02
  1.726380e+01 -2.371890e+00 -4.959940e-02  0.000000e+00
  1.622890e+01 -2.671280e+00  0.000000e+00  0.000000e+00
  1.398130e+01 -2.408410e+00  0.000000e+00  0.000000e+00
  1.971760e-01  1.502640e+00 -1.924740e-01  3.857510e-03
  7.891370e+00  3.860340e-01 -3.497560e-01  1.654800e-02
#-------------------------------------------------------
  Hf 72 0.178500e+03  0.133000e+02  0.296400e+03
  65351 11272 10739 9561 2602
  63209 9021 55757 7898   0.241500e+01
  7.581600e+00  4.470370e+00 -1.428080e+00  9.390440e-02
  1.643290e+01 -1.828510e+00 -1.322680e-01  0.000000e+00
  1.627580e+01 -2.662200e+00  0.000000e+00  0.000000e+00
  1.405480e+01 -2.428290e+00  0.000000e+00  0.000000e+00
  1.994690e-01  1.502330e+00 -1.913850e-01  3.740110e-03
  7.918030e+00  3.870210e-01 -3.488810e-01  1.644060e-02
#-------------------------------------------------------
  Ta 73 0.180950e+03  0.166000e+02  0.300500e+03
  67414 11680 11136 9881 2703
  65210 9341 57524 8145   0.260000e+01
  8.652710e+00  3.731170e+00 -1.263590e+00  8.235390e-02
  1.724110e+01 -2.303130e+00 -5.910060e-02  0.000000e+00
  1.630380e+01 -2.661480e+00  0.000000e+00  0.000000e+00
  1.413130e+01 -2.472140e+00  0.000000e+00  0.000000e+00
  1.968710e-01  1.506230e+00 -1.913960e-01  3.708890e-03
  7.945340e+00  3.872990e-01 -3.479260e-01  1.632300e-02
#-------------------------------------------------------
  W 74 0.183920e+03  0.193000e+02  0.305400e+03
  69524 12098 11542 10204 2818
  67233 9670 59310 8396   0.261700e+01
  7.575410e+00  4.288740e+00 -1.349980e+00  8.652000e-02
  1.725330e+01 -2.238740e+00 -7.273380e-02  0.000000e+00
  1.626130e+01 -2.606720e+00  0.000000e+00  0.000000e+00
  1.415360e+01 -2.325800e+00  0.000000e+00  0.000000e+00
  1.910150e-01  1.512400e+00 -1.912200e-01  3.714500e-03
  7.972660e+00  3.877040e-01 -3.471550e-01  1.623720e-02
#-------------------------------------------------------
  Re 75 0.186200e+03  0.210200e+02  0.309200e+03
  71676 12525 11957 10534 2931
  69298 10008 61131 8651   0.267500e+01
  0.136944e+01  0.779444e+01 -0.199822e+01  0.126225e+00
  0.178750e+02 -0.261051e+01 -0.136093e-01  0.000000e+00
  0.163564e+02 -0.262453e+01  0.000000e+00  0.000000e+00
  0.142392e+02 -0.235326e+01  0.000000e+00  0.000000e+00
  0.189644e+00  0.150867e+01 -0.189570e+00  0.349584e-02
  0.799940e+01  0.388739e+00 -0.346726e+00  0.161751e-01
#-------------------------------------------------------
  Os 76 0.190200e+03  0.225000e+02  0.315800e+03
  73872 12964 12384 10871 3050
  71404 10354 62991 8910   0.252900e+01
  1.375340e+01  1.021220e+00 -7.771260e-01  5.388110e-02
  1.735250e+01 -2.285500e+00 -5.880470e-02  0.000000e+00
  1.642330e+01 -2.631630e+00  0.000000e+00  0.000000e+00
  1.427950e+01 -2.219710e+00  0.000000e+00  0.000000e+00
  1.164480e-01  1.576150e+00 -2.053320e-01  4.667310e-03
  8.025740e+00  3.904580e-01 -3.466580e-01  1.614550e-02
#-------------------------------------------------------
  Ir 77 0.192200e+03  0.224200e+02  0.319100e+03
  76112 13424 12824 11215 3172
  73549 10706 64886 9173   0.238700e+01
  1.255060e+01  1.630900e+00 -8.756760e-01  5.920110e-02
  1.652700e+01 -1.763150e+00 -1.352320e-01  0.000000e+00
  1.651440e+01 -2.648320e+00  0.000000e+00  0.000000e+00
  1.434220e+01 -2.401830e+00  0.000000e+00  0.000000e+00
  7.199080e-02  1.612040e+00 -2.131860e-01  5.204970e-03
  8.051500e+00  3.931430e-01 -3.470520e-01  1.615700e-02
#-------------------------------------------------------
  Pt 78 0.195090e+03  0.213700e+02  0.323900e+03
  78395 13892 13273 11564 3297
  75736 11069 66820 9441   0.263200e+01
  1.278820e+01  1.636050e+00 -8.985230e-01  6.185500e-02
  1.736360e+01 -2.211200e+00 -7.309340e-02  0.000000e+00
  1.670240e+01 -2.716310e+00  0.000000e+00  0.000000e+00
  1.437850e+01 -2.348340e+00  0.000000e+00  0.000000e+00
  4.201860e-02  1.636110e+00 -2.179640e-01  5.526700e-03
  8.080840e+00  3.957900e-01 -3.480320e-01  1.623450e-02
#-------------------------------------------------------
  Au 79 0.197200e+03  0.193700e+02  0.327400e+03
  80723 14353 13733 11918 3425
  77968 11439 68779 9711   0.243900e+01
  4.963520e+00  5.792120e+00 -1.618420e+00  1.029110e-01
  1.742400e+01 -2.239110e+00 -6.637200e-02  0.000000e+00
  1.647340e+01 -2.578340e+00  0.000000e+00  0.000000e+00
  1.443980e+01 -2.328380e+00  0.000000e+00  0.000000e+00
  1.569160e-02  1.654060e+00 -2.209820e-01  5.707510e-03
  8.105240e+00  4.005760e-01 -3.493400e-01  1.632640e-02
#-------------------------------------------------------
  Hg 80 0.200610e+03  0.135460e+02  0.333100e+03
  83103 14846 14209 12284 3562
  80258 11823 70821 9987   0.240000e+01
  1.975940e+01 -1.979900e+00 -2.769810e-01  2.688560e-02
  1.718570e+01 -2.084700e+00 -8.532940e-02  0.000000e+00
  1.659030e+01 -2.606700e+00  0.000000e+00  0.000000e+00
  1.451950e+01 -2.330160e+00  0.000000e+00  0.000000e+00
  1.145870e-01  1.580760e+00 -2.029680e-01  4.356920e-03
  8.125420e+00  4.058580e-01 -3.503290e-01  1.637720e-02
#-------------------------------------------------------
  Tl 81 0.204390e+03  0.118600e+02  0.339400e+03
  85528 15344 14698 12657 3700
  82558 12210 72860 10266   0.249800e+01
  1.528790e+01  2.736640e-01 -6.388900e-01  4.574950e-02
  1.773790e+01 -2.377450e+00 -4.332230e-02  0.000000e+00
  1.665640e+01 -2.615930e+00  0.000000e+00  0.000000e+00
  1.454730e+01 -2.267730e+00  0.000000e+00  0.000000e+00
  1.470520e-01  1.566950e+00 -2.003470e-01  4.209010e-03
  8.143990e+00  4.086920e-01 -3.498020e-01  1.628800e-02
#-------------------------------------------------------
  Pb 82 207.210 0.113400e+02  0.344100e+03
  88006 15860 15198 13055 3850
  84922 12611 74957 10549   0.246600e+01
  8.633740e+00  3.694000e+00 -1.213120e+00  7.746010e-02
  1.779630e+01 -2.376910e+00 -4.558830e-02  0.000000e+00
  1.671310e+01 -2.615380e+00  0.000000e+00  0.000000e+00
  1.457710e+01 -2.252790e+00  0.000000e+00  0.000000e+00
  1.821670e-01  1.546610e+00 -1.959730e-01  3.907720e-03
  8.159960e+00  4.180310e-01 -3.523300e-01  1.646600e-02
#-------------------------------------------------------
  Bi 83 0.209000e+03  0.980000e+01  0.347000e+03
  90527 16385 15708 13418 3999
  87335 13021 77097 10836   0.233800e+01
  9.442930e+00  3.449650e+00 -1.198860e+00  7.834840e-02
  1.753480e+01 -2.233530e+00 -5.961610e-02  0.000000e+00
  1.670780e+01 -2.586480e+00  0.000000e+00  0.000000e+00
  1.468320e+01 -2.309400e+00  0.000000e+00  0.000000e+00
  1.898600e-01  1.561250e+00 -2.009320e-01  4.367680e-03
  8.174890e+00  4.279160e-01 -3.550680e-01  1.666010e-02
#-------------------------------------------------------
  Po 84 0 0 0
  0 0 0 0 0
  0 0 0 0 0
  0.000000e+00  0.000000e+00  0.000000e+00  0.000000e+00
  0.000000e+00  0.000000e+00  0.000000e+00  0.000000e+00
  0.000000e+00  0.000000e+00  0.000000e+00  0.000000e+00
  0.000000e+00  0.000000e+00  0.000000e+00  0.000000e+00
  0.000000e+00  0.000000e+00  0.000000e+00  0.000000e+00
  0.000000e+00  0.000000e+00  0.000000e+00  0.000000e+00
#-------------------------------------------------------
  At 85 0 0 0
  0 0 0 0 0
  0 0 0 0 0
  0.000000e+00  0.000000e+00  0.000000e+00  0.000000e+00
  0.000000e+00  0.000000e+00  0.000000e+00  0.000000e+00
  0.000000e+00  0.000000e+00  0.000000e+00  0.000000e+00
  0.000000e+00  0.000000e+00  0.000000e+00  0.000000e+00
  0.000000e+00  0.000000e+00  0.000000e+00  0.000000e+00
  0.000000e+00  0.000000e+00  0.000000e+00  0.000000e+00
#-------------------------------------------------------
  Rn 86 0.222000e+03  0.973000e-02  0.368600e+03
  98417 18055 17334 14612 4478
  94877 14316 83800 11724   0.234400e+01
  1.517820e+01  3.490200e-01 -6.376380e-01  4.513770e-02
  1.750280e+01 -2.148760e+00 -7.246380e-02  0.000000e+00
  1.690000e+01 -2.609450e+00  0.000000e+00  0.000000e+00
  1.472430e+01 -2.129050e+00  0.000000e+00  0.000000e+00
  1.966190e-01  1.600800e+00 -2.138000e-01  5.517170e-03
  8.225530e+00  4.514780e-01 -3.620560e-01  1.715560e-02
#-------------------------------------------------------
  Fr 87 0 0 0
  0 0 0 0 0
  0 0 0 0 0
  0.000000e+00  0.000000e+00  0.000000e+00  0.000000e+00
  0.000000e+00  0.000000e+00  0.000000e+00  0.000000e+00
  0.000000e+00  0.000000e+00  0.000000e+00  0.000000e+00
  0.000000e+00  0.000000e+00  0.000000e+00  0.000000e+00
  0.000000e+00  0.000000e+00  0.000000e+00  0.000000e+00
  0.000000e+00  0.000000e+00  0.000000e+00  0.000000e+00
#-------------------------------------------------------
  Ra 88 0 0 0
  0 0 0 0 0
  0 0 0 0 0
  0.000000e+00  0.000000e+00  0.000000e+00  0.000000e+00
  0.000000e+00  0.000000e+00  0.000000e+00  0.000000e+00
  0.000000e+00  0.000000e+00  0.000000e+00  0.000000e+00
  0.000000e+00  0.000000e+00  0.000000e+00  0.000000e+00
  0.000000e+00  0.000000e+00  0.000000e+00  0.000000e+00
  0.000000e+00  0.000000e+00  0.000000e+00  0.000000e+00
#-------------------------------------------------------
  Ac 89 0 0 0
  0 0 0 0 0
  0 0 0 0 0
  0.000000e+00  0.000000e+00  0.000000e+00  0.000000e+00
  0.000000e+00  0.000000e+00  0.000000e+00  0.000000e+00
  0.000000e+00  0.000000e+00  0.000000e+00  0.000000e+00
  0.000000e+00  0.000000e+00  0.000000e+00  0.000000e+00
  0.000000e+00  0.000000e+00  0.000000e+00  0.000000e+00
  0.000000e+00  0.000000e+00  0.000000e+00  0.000000e+00
#-------------------------------------------------------
  Th 90 0.232000e+03  0.117000e+02  0.385200e+03
  109649 20470 19692 16300 5182
  105592 16200 93334 12966   0.238800e+01
  1.343360e+01  1.348050e+00 -8.132800e-01  5.556640e-02
  1.854810e+01 -2.612810e+00 -7.905740e-03  0.000000e+00
  1.704830e+01 -2.585690e+00  0.000000e+00  0.000000e+00
  1.477300e+01 -1.911920e+00  0.000000e+00  0.000000e+00
  1.708900e-01  1.655610e+00 -2.297020e-01  6.925160e-03
  8.278430e+00  4.790560e-01 -3.676570e-01  1.746210e-02
#-------------------------------------------------------
  Pa 91 0 0 0
  0 0 0 0 0
  0 0 0 0 0
  0.000000e+00  0.000000e+00  0.000000e+00  0.000000e+00
  0.000000e+00  0.000000e+00  0.000000e+00  0.000000e+00
  0.000000e+00  0.000000e+00  0.000000e+00  0.000000e+00
  0.000000e+00  0.000000e+00  0.000000e+00  0.000000e+00
  0.000000e+00  0.000000e+00  0.000000e+00  0.000000e+00
  0.000000e+00  0.000000e+00  0.000000e+00  0.000000e+00
#-------------------------------------------------------
  U 92 0.238070e+03  0.190500e+02  0.395300e+03
  115603 21756 20947 17167 5549
  111289 17218 98428 13613   0.229200e+01
  1.379510e+01  1.239830e+00 -8.015450e-01  5.535960e-02
  1.752580e+01 -2.072370e+00 -7.239320e-02  0.000000e+00
  1.703530e+01 -2.569030e+00  0.000000e+00  0.000000e+00
  1.490360e+01 -2.121480e+00  0.000000e+00  0.000000e+00
  1.082770e-01  1.741580e+00 -2.541040e-01  8.950560e-03
  8.330100e+00  4.783140e-01 -3.672500e-01  1.741290e-02
#-------------------------------------------------------
  Np 93 0 0 0
  0 0 0 0 0
  0 0 0 0 0
  0.000000e+00  0.000000e+00  0.000000e+00  0.000000e+00
  0.000000e+00  0.000000e+00  0.000000e+00  0.000000e+00
  0.000000e+00  0.000000e+00  0.000000e+00  0.000000e+00
  0.000000e+00  0.000000e+00  0.000000e+00  0.000000e+00
  0.000000e+00  0.000000e+00  0.000000e+00  0.000000e+00
  0.000000e+00  0.000000e+00  0.000000e+00  0.000000e+00
#-------------------------------------------------------
  Pu 94 0.239100e+03  0.197000e+02  0.397000e+03
  121760 23095 22263 18053 5914
  117146 18278 103653 14279   0.225100e+01
  1.827870e+01 -1.173710e+00 -3.683440e-01  2.987380e-02
  1.755190e+01 -2.021620e+00 -8.229400e-02  0.000000e+00
  1.729530e+01 -2.621640e+00  0.000000e+00  0.000000e+00
  1.485350e+01 -1.877330e+00  0.000000e+00  0.000000e+00
  3.887910e-02  1.822290e+00 -2.760990e-01  1.073920e-02
  8.381740e+00  4.770850e-01 -3.665560e-01  1.734220e-02
